0 0.46875 0.4651442307692308 0.014423076923076924 0.021634615384615384
0 0.03125 0.4879807692307692 0.052884615384615384 0.04807692307692308
0 0.49158653846153844 0.4567307692307692 0.021634615384615384 0.038461538461538464
0 0.5084134615384616 0.47716346153846156 0.026442307692307692 0.026442307692307692
0 0.5252403846153846 0.4567307692307692 0.016826923076923076 0.028846153846153848
4 0.5348557692307693 0.4639423076923077 0.007211538461538462 0.019230769230769232
0 0.36899038461538464 0.4651442307692308 0.01201923076923077 0.01201923076923077
0 0.3858173076923077 0.4639423076923077 0.016826923076923076 0.014423076923076924
0 0.40384615384615385 0.46153846153846156 0.009615384615384616 0.009615384615384616
0 0.41586538461538464 0.4567307692307692 0.009615384615384616 0.009615384615384616
0 0.44350961538461536 0.4483173076923077 0.01201923076923077 0.021634615384615384
0 0.39663461538461536 0.45552884615384615 0.02403846153846154 0.026442307692307692