0 0.5420673076923077 0.5180288461538461 0.021634615384615384 0.026442307692307692
4 0.21995192307692307 0.5024038461538461 0.021634615384615384 0.04326923076923077
0 0.5036057692307693 0.5192307692307693 0.021634615384615384 0.02403846153846154
0 0.47716346153846156 0.515625 0.021634615384615384 0.026442307692307692
0 0.5228365384615384 0.5204326923076923 0.021634615384615384 0.026442307692307692
0 0.040865384615384616 0.5588942307692307 0.08173076923076923 0.18028846153846154
0 0.41225961538461536 0.5180288461538461 0.03125 0.03125
0 0.7608173076923077 0.5348557692307693 0.07932692307692307 0.055288461538461536
0 0.5733173076923077 0.5084134615384616 0.04567307692307692 0.06971153846153846
4 0.9170673076923077 0.5877403846153846 0.07451923076923077 0.28125
2 0.20192307692307693 0.5637019230769231 0.09615384615384616 0.0889423076923077
0 0.3329326923076923 0.5180288461538461 0.06490384615384616 0.07932692307692307
0 0.06610576923076923 0.5348557692307693 0.12740384615384615 0.17548076923076922
0 0.9591346153846154 0.5805288461538461 0.08173076923076923 0.24759615384615385
4 0.8137019230769231 0.5913461538461539 0.08413461538461539 0.2692307692307692
0 0.4230769230769231 0.515625 0.019230769230769232 0.036057692307692304
0 0.4338942307692308 0.515625 0.016826923076923076 0.026442307692307692
4 0.4543269230769231 0.5180288461538461 0.009615384615384616 0.026442307692307692
0 0.4543269230769231 0.5120192307692307 0.019230769230769232 0.028846153846153848
0 0.49038461538461536 0.515625 0.014423076923076924 0.021634615384615384
4 0.6694711538461539 0.5228365384615384 0.016826923076923076 0.05048076923076923
4 0.6911057692307693 0.5264423076923077 0.016826923076923076 0.052884615384615384
0 0.8677884615384616 0.5336538461538461 0.07692307692307693 0.09134615384615384
2 0.375 0.5192307692307693 0.019230769230769232 0.04807692307692308