0 0.4375 0.4723557692307692 0.028846153846153848 0.04567307692307692
0 0.47475961538461536 0.4675480769230769 0.06009615384615385 0.0985576923076923
0 0.2824519230769231 0.4951923076923077 0.06009615384615385 0.057692307692307696
0 0.35697115384615385 0.5060096153846154 0.06009615384615385 0.07451923076923077
0 0.1935096153846154 0.5504807692307693 0.14182692307692307 0.13942307692307693
0 0.3389423076923077 0.484375 0.038461538461538464 0.04567307692307692
0 0.5060096153846154 0.46033653846153844 0.01201923076923077 0.021634615384615384
0 0.5120192307692307 0.453125 0.019230769230769232 0.03125
0 0.3629807692307692 0.46274038461538464 0.03365384615384615 0.03125
0 0.43028846153846156 0.44711538461538464 0.014423076923076924 0.02403846153846154
0 0.41346153846153844 0.44711538461538464 0.009615384615384616 0.009615384615384616
0 0.38221153846153844 0.45913461538461536 0.009615384615384616 0.009615384615384616
0 0.3641826923076923 0.44711538461538464 0.021634615384615384 0.019230769230769232
0 0.3401442307692308 0.46153846153846156 0.01201923076923077 0.009615384615384616
0 0.4050480769230769 0.4567307692307692 0.01201923076923077 0.009615384615384616