0 0.31850961538461536 0.47836538461538464 0.021634615384615384 0.02403846153846154
0 0.33774038461538464 0.4831730769230769 0.026442307692307692 0.038461538461538464
0 0.2800480769230769 0.48677884615384615 0.06009615384615385 0.06490384615384616
0 0.28966346153846156 0.4987980769230769 0.055288461538461536 0.06490384615384616
2 0.5180288461538461 0.5144230769230769 0.055288461538461536 0.052884615384615384
0 0.6526442307692307 0.5288461538461539 0.06971153846153846 0.08173076923076923
0 0.6129807692307693 0.5228365384615384 0.04807692307692308 0.07451923076923077
0 0.5961538461538461 0.5216346153846154 0.02403846153846154 0.057692307692307696
0 0.5745192307692307 0.5216346153846154 0.04326923076923077 0.052884615384615384
0 0.5576923076923077 0.5180288461538461 0.04326923076923077 0.055288461538461536
0 0.4795673076923077 0.5096153846153846 0.036057692307692304 0.04326923076923077
0 0.49278846153846156 0.5 0.028846153846153848 0.04326923076923077
0 0.45913461538461536 0.5060096153846154 0.02403846153846154 0.040865384615384616
0 0.44711538461538464 0.5024038461538461 0.02403846153846154 0.03365384615384615
0 0.4326923076923077 0.4987980769230769 0.02403846153846154 0.03125
0 0.42427884615384615 0.4951923076923077 0.03125 0.038461538461538464
2 0.3713942307692308 0.48197115384615385 0.016826923076923076 0.03125
0 0.390625 0.484375 0.03125 0.03125
0 0.40024038461538464 0.4879807692307692 0.026442307692307692 0.03365384615384615