0 0.4987980769230769 0.4723557692307692 0.026442307692307692 0.05048076923076923
0 0.37740384615384615 0.49038461538461536 0.03365384615384615 0.03365384615384615
0 0.20192307692307693 0.45913461538461536 0.22115384615384615 0.34615384615384615
0 0.47716346153846156 0.4675480769230769 0.021634615384615384 0.040865384615384616
0 0.4411057692307692 0.4891826923076923 0.03125 0.036057692307692304
0 0.4567307692307692 0.484375 0.019230769230769232 0.03125
0 0.46875 0.47596153846153844 0.019230769230769232 0.028846153846153848
0 0.4266826923076923 0.4579326923076923 0.016826923076923076 0.021634615384615384
0 0.41225961538461536 0.46274038461538464 0.01201923076923077 0.01201923076923077
0 0.43149038461538464 0.48197115384615385 0.021634615384615384 0.026442307692307692
0 0.4206730769230769 0.4807692307692308 0.014423076923076924 0.028846153846153848
0 0.3557692307692308 0.4639423076923077 0.019230769230769232 0.028846153846153848
0 0.328125 0.47716346153846156 0.01201923076923077 0.01201923076923077
0 0.35096153846153844 0.47596153846153844 0.014423076923076924 0.009615384615384616
0 0.3942307692307692 0.45913461538461536 0.009615384615384616 0.009615384615384616
0 0.38100961538461536 0.45913461538461536 0.007211538461538462 0.009615384615384616
0 0.37259615384615385 0.4567307692307692 0.009615384615384616 0.009615384615384616