0 0.33413461538461536 0.515625 0.0625 0.07932692307692307
2 0.37259615384615385 0.5204326923076923 0.019230769230769232 0.040865384615384616
0 0.5396634615384616 0.5168269230769231 0.026442307692307692 0.028846153846153848
0 0.4795673076923077 0.515625 0.07451923076923077 0.040865384615384616
0 0.41225961538461536 0.5180288461538461 0.03125 0.03125
0 0.5733173076923077 0.5084134615384616 0.04567307692307692 0.06490384615384616
0 0.042067307692307696 0.5612980769230769 0.08413461538461539 0.17548076923076922
0 0.06850961538461539 0.5324519230769231 0.12740384615384615 0.17067307692307693
2 0.1971153846153846 0.5612980769230769 0.09134615384615384 0.0889423076923077
0 0.8689903846153846 0.5685096153846154 0.1466346153846154 0.15625
0 0.9435096153846154 0.578125 0.10817307692307693 0.23798076923076922
4 0.20072115384615385 0.4987980769230769 0.03125 0.06971153846153846
0 0.4254807692307692 0.515625 0.02403846153846154 0.036057692307692304
0 0.4362980769230769 0.5168269230769231 0.016826923076923076 0.028846153846153848
0 0.44591346153846156 0.515625 0.016826923076923076 0.026442307692307692