0 0.46634615384615385 0.5144230769230769 0.014423076923076924 0.019230769230769232
2 0.3737980769230769 0.5192307692307693 0.021634615384615384 0.038461538461538464
2 0.19951923076923078 0.5625 0.09615384615384616 0.08653846153846154
0 0.4879807692307692 0.515625 0.014423076923076924 0.016826923076923076
0 0.41225961538461536 0.5192307692307693 0.03125 0.03365384615384615
0 0.5745192307692307 0.5072115384615384 0.04807692307692308 0.0673076923076923
0 0.042067307692307696 0.5588942307692307 0.08413461538461539 0.18028846153846154
0 0.3329326923076923 0.5180288461538461 0.06490384615384616 0.07932692307692307
0 0.06850961538461539 0.5336538461538461 0.12740384615384615 0.16826923076923078
0 0.8677884615384616 0.5709134615384616 0.14423076923076922 0.15625
0 0.9411057692307693 0.5877403846153846 0.10817307692307693 0.25721153846153844
0 0.4230769230769231 0.515625 0.02403846153846154 0.036057692307692304
0 0.43509615384615385 0.5144230769230769 0.014423076923076924 0.028846153846153848
0 0.44591346153846156 0.515625 0.016826923076923076 0.021634615384615384
0 0.4963942307692308 0.5168269230769231 0.01201923076923077 0.014423076923076924
0 0.5060096153846154 0.515625 0.016826923076923076 0.021634615384615384
0 0.546875 0.5180288461538461 0.016826923076923076 0.03125
0 0.5396634615384616 0.5180288461538461 0.021634615384615384 0.026442307692307692
0 0.5288461538461539 0.5180288461538461 0.014423076923076924 0.026442307692307692