4 0.7067307692307693 0.5036057692307693 0.009615384615384616 0.03125
0 0.36538461538461536 0.5036057692307693 0.02403846153846154 0.021634615384615384
0 0.4987980769230769 0.6262019230769231 0.23317307692307693 0.2620192307692308
0 0.3245192307692308 0.5060096153846154 0.038461538461538464 0.026442307692307692
0 0.40625 0.5012019230769231 0.02403846153846154 0.021634615384615384
0 0.4074519230769231 0.4855769230769231 0.026442307692307692 0.038461538461538464
0 0.41947115384615385 0.5 0.01201923076923077 0.014423076923076924
0 0.5288461538461539 0.4735576923076923 0.04326923076923077 0.038461538461538464
0 0.6213942307692307 0.4795673076923077 0.040865384615384616 0.06971153846153846
0 0.5685096153846154 0.5096153846153846 0.026442307692307692 0.038461538461538464
0 0.5793269230769231 0.5012019230769231 0.019230769230769232 0.026442307692307692
0 0.59375 0.49038461538461536 0.02403846153846154 0.04326923076923077