0 0.49158653846153844 0.5084134615384616 0.03125 0.040865384615384616
2 0.37259615384615385 0.5180288461538461 0.019230769230769232 0.040865384615384616
0 0.4699519230769231 0.5144230769230769 0.021634615384615384 0.02403846153846154
2 0.20192307692307693 0.5600961538461539 0.10096153846153846 0.09134615384615384
0 0.5757211538461539 0.5084134615384616 0.05048076923076923 0.06490384615384616
0 0.042067307692307696 0.5588942307692307 0.08413461538461539 0.18028846153846154
0 0.3329326923076923 0.5180288461538461 0.06490384615384616 0.07932692307692307
0 0.0673076923076923 0.5348557692307693 0.12980769230769232 0.17067307692307693
0 0.8677884615384616 0.5685096153846154 0.14903846153846154 0.15625
0 0.9435096153846154 0.5865384615384616 0.10336538461538461 0.2548076923076923
0 0.41225961538461536 0.5192307692307693 0.03125 0.03365384615384615
0 0.4230769230769231 0.5144230769230769 0.02403846153846154 0.03365384615384615
0 0.4362980769230769 0.5144230769230769 0.01201923076923077 0.02403846153846154
0 0.44471153846153844 0.515625 0.014423076923076924 0.021634615384615384
0 0.5480769230769231 0.5204326923076923 0.014423076923076924 0.026442307692307692
0 0.5372596153846154 0.5180288461538461 0.021634615384615384 0.026442307692307692
0 0.5276442307692307 0.515625 0.016826923076923076 0.026442307692307692