0 0.4543269230769231 0.5 0.028846153846153848 0.04807692307692308
0 0.31490384615384615 0.5012019230769231 0.07692307692307693 0.10817307692307693
0 0.5072115384615384 0.5024038461538461 0.028846153846153848 0.038461538461538464
0 0.3942307692307692 0.5096153846153846 0.04326923076923077 0.04807692307692308
0 0.1141826923076923 0.5048076923076923 0.036057692307692304 0.03365384615384615
0 0.17307692307692307 0.5 0.028846153846153848 0.028846153846153848
0 0.22235576923076922 0.49759615384615385 0.03125 0.028846153846153848
0 0.26322115384615385 0.48677884615384615 0.040865384615384616 0.05048076923076923
0 0.46033653846153844 0.484375 0.036057692307692304 0.06009615384615385
4 0.5336538461538461 0.49158653846153844 0.009615384615384616 0.03125
0 0.4110576923076923 0.49759615384615385 0.02403846153846154 0.03365384615384615
0 0.4110576923076923 0.4795673076923077 0.014423076923076924 0.016826923076923076
0 0.3858173076923077 0.47475961538461536 0.026442307692307692 0.040865384615384616
0 0.3629807692307692 0.47836538461538464 0.014423076923076924 0.02403846153846154
0 0.3485576923076923 0.47716346153846156 0.014423076923076924 0.016826923076923076
0 0.2620192307692308 0.4519230769230769 0.019230769230769232 0.028846153846153848
0 0.23677884615384615 0.48197115384615385 0.036057692307692304 0.05048076923076923