0 0.3485576923076923 0.46634615384615385 0.04326923076923077 0.07211538461538461
0 0.2620192307692308 0.46274038461538464 0.014423076923076924 0.021634615384615384
0 0.21634615384615385 0.4879807692307692 0.0673076923076923 0.11057692307692307
4 0.47716346153846156 0.48197115384615385 0.01201923076923077 0.036057692307692304
0 0.24519230769230768 0.4495192307692308 0.03365384615384615 0.038461538461538464
0 0.25961538461538464 0.4855769230769231 0.02403846153846154 0.03365384615384615
0 0.2956730769230769 0.49158653846153844 0.03365384615384615 0.040865384615384616
0 0.10216346153846154 0.47716346153846156 0.021634615384615384 0.021634615384615384
0 0.10697115384615384 0.4543269230769231 0.016826923076923076 0.02403846153846154
0 0.15865384615384615 0.4723557692307692 0.02403846153846154 0.03125
0 0.15144230769230768 0.4387019230769231 0.019230769230769232 0.03125
0 0.17427884615384615 0.45552884615384615 0.021634615384615384 0.036057692307692304
0 0.28125 0.47475961538461536 0.019230769230769232 0.026442307692307692
0 0.3798076923076923 0.48677884615384615 0.028846153846153848 0.04567307692307692
0 0.13701923076923078 0.4639423076923077 0.028846153846153848 0.04807692307692308