2 0.20192307692307693 0.5564903846153846 0.09615384615384616 0.0985576923076923
0 0.5408653846153846 0.515625 0.02403846153846154 0.03125
0 0.06610576923076923 0.5324519230769231 0.12740384615384615 0.17548076923076922
0 0.5733173076923077 0.5060096153846154 0.04567307692307692 0.06971153846153846
0 0.04326923076923077 0.5588942307692307 0.08653846153846154 0.17067307692307693
0 0.33533653846153844 0.5168269230769231 0.06490384615384616 0.08173076923076923
0 0.453125 0.46153846153846156 0.15144230769230768 0.2548076923076923
0 0.7055288461538461 0.5228365384615384 0.19951923076923078 0.2860576923076923
0 0.8713942307692307 0.5673076923076923 0.14182692307692307 0.15384615384615385
0 0.9423076923076923 0.5865384615384616 0.10576923076923077 0.2548076923076923
2 0.3713942307692308 0.5204326923076923 0.016826923076923076 0.04567307692307692