0 0.5733173076923077 0.5096153846153846 0.04567307692307692 0.0673076923076923
2 0.3713942307692308 0.5216346153846154 0.016826923076923076 0.038461538461538464
2 0.20192307692307693 0.5576923076923077 0.10096153846153846 0.08653846153846154
0 0.04927884615384615 0.6081730769230769 0.0985576923076923 0.3701923076923077
0 0.07091346153846154 0.5324519230769231 0.12740384615384615 0.18028846153846154
0 0.3329326923076923 0.5192307692307693 0.06490384615384616 0.08173076923076923
0 0.9447115384615384 0.5853365384615384 0.10576923076923077 0.25240384615384615
0 0.6526442307692307 0.5204326923076923 0.10817307692307693 0.13701923076923078
0 0.8713942307692307 0.5649038461538461 0.1466346153846154 0.15384615384615385
0 0.4098557692307692 0.5192307692307693 0.03125 0.03365384615384615
0 0.4230769230769231 0.5132211538461539 0.019230769230769232 0.036057692307692304
0 0.4362980769230769 0.5168269230769231 0.01201923076923077 0.028846153846153848
0 0.44471153846153844 0.5144230769230769 0.014423076923076924 0.019230769230769232
0 0.453125 0.5120192307692307 0.016826923076923076 0.028846153846153848
0 0.46875 0.5144230769230769 0.014423076923076924 0.02403846153846154
0 0.4807692307692308 0.5144230769230769 0.019230769230769232 0.019230769230769232
0 0.4951923076923077 0.515625 0.014423076923076924 0.016826923076923076
0 0.5108173076923077 0.515625 0.03125 0.021634615384615384
0 0.5444711538461539 0.5192307692307693 0.016826923076923076 0.02403846153846154
0 0.5372596153846154 0.515625 0.021634615384615384 0.026442307692307692