0 0.5673076923076923 0.5096153846153846 0.038461538461538464 0.0673076923076923
2 0.3701923076923077 0.5192307692307693 0.019230769230769232 0.04326923076923077
0 0.5084134615384616 0.5168269230769231 0.016826923076923076 0.019230769230769232
2 0.203125 0.5552884615384616 0.10817307692307693 0.09615384615384616
0 0.042067307692307696 0.5588942307692307 0.08413461538461539 0.18028846153846154
0 0.06850961538461539 0.5324519230769231 0.12740384615384615 0.17067307692307693
0 0.3329326923076923 0.5180288461538461 0.06490384615384616 0.07932692307692307
0 0.6153846153846154 0.515625 0.09134615384615384 0.11778846153846154
0 0.8677884615384616 0.5673076923076923 0.14903846153846154 0.15384615384615385
0 0.9411057692307693 0.5841346153846154 0.10817307692307693 0.25
0 0.41346153846153844 0.5192307692307693 0.028846153846153848 0.03365384615384615
0 0.4230769230769231 0.515625 0.019230769230769232 0.03125
0 0.43509615384615385 0.5144230769230769 0.014423076923076924 0.02403846153846154
0 0.44591346153846156 0.5168269230769231 0.016826923076923076 0.02403846153846154
0 0.4579326923076923 0.515625 0.016826923076923076 0.016826923076923076
0 0.4795673076923077 0.5144230769230769 0.03125 0.019230769230769232
0 0.49759615384615385 0.5168269230769231 0.014423076923076924 0.014423076923076924
0 0.546875 0.5180288461538461 0.016826923076923076 0.026442307692307692
0 0.5360576923076923 0.515625 0.019230769230769232 0.026442307692307692
0 0.5264423076923077 0.515625 0.014423076923076924 0.021634615384615384