2 0.36778846153846156 0.515625 0.014423076923076924 0.040865384615384616
0 0.5973557692307693 0.5144230769230769 0.08413461538461539 0.10576923076923077
2 0.19591346153846154 0.5528846153846154 0.10336538461538461 0.09615384615384616
0 0.41225961538461536 0.5192307692307693 0.03125 0.03365384615384615
0 0.042067307692307696 0.5588942307692307 0.08413461538461539 0.18028846153846154
0 0.0673076923076923 0.5336538461538461 0.12980769230769232 0.17307692307692307
0 0.3329326923076923 0.5180288461538461 0.06490384615384616 0.07932692307692307
0 0.8677884615384616 0.5673076923076923 0.14903846153846154 0.15384615384615385
0 0.9435096153846154 0.5853365384615384 0.10817307692307693 0.25240384615384615
0 0.4254807692307692 0.515625 0.019230769230769232 0.03125
0 0.43509615384615385 0.5132211538461539 0.014423076923076924 0.021634615384615384
0 0.4519230769230769 0.515625 0.02403846153846154 0.021634615384615384
0 0.5492788461538461 0.5192307692307693 0.016826923076923076 0.028846153846153848
0 0.5384615384615384 0.5180288461538461 0.019230769230769232 0.026442307692307692
0 0.5276442307692307 0.515625 0.01201923076923077 0.021634615384615384
0 0.4891826923076923 0.5144230769230769 0.03125 0.019230769230769232