2 0.3713942307692308 0.5204326923076923 0.016826923076923076 0.040865384615384616
2 0.20072115384615385 0.5552884615384616 0.10336538461538461 0.09615384615384616
0 0.4098557692307692 0.5180288461538461 0.026442307692307692 0.03125
0 0.5168269230769231 0.5168269230769231 0.014423076923076924 0.019230769230769232
0 0.49759615384615385 0.515625 0.014423076923076924 0.016826923076923076
0 0.04326923076923077 0.5588942307692307 0.08173076923076923 0.17548076923076922
0 0.3329326923076923 0.5180288461538461 0.06490384615384616 0.07932692307692307
0 0.06850961538461539 0.5324519230769231 0.12740384615384615 0.17067307692307693
0 0.8677884615384616 0.5673076923076923 0.14903846153846154 0.15384615384615385
0 0.9411057692307693 0.5865384615384616 0.10817307692307693 0.25
4 0.42427884615384615 0.5204326923076923 0.01201923076923077 0.04567307692307692
2 0.4375 0.5180288461538461 0.014423076923076924 0.036057692307692304
0 0.453125 0.515625 0.021634615384615384 0.021634615384615384
0 0.47596153846153844 0.5144230769230769 0.014423076923076924 0.019230769230769232
0 0.5516826923076923 0.5144230769230769 0.055288461538461536 0.08653846153846154
0 0.5841346153846154 0.5060096153846154 0.02403846153846154 0.06009615384615385