0 0.5168269230769231 0.5144230769230769 0.028846153846153848 0.038461538461538464
0 0.4963942307692308 0.515625 0.016826923076923076 0.021634615384615384
2 0.3701923076923077 0.5168269230769231 0.019230769230769232 0.038461538461538464
0 0.41586538461538464 0.5192307692307693 0.03365384615384615 0.03365384615384615
0 0.5733173076923077 0.5072115384615384 0.040865384615384616 0.0673076923076923
2 0.19831730769230768 0.5564903846153846 0.0985576923076923 0.0985576923076923
0 0.042067307692307696 0.5588942307692307 0.07932692307692307 0.17548076923076922
4 0.7560096153846154 0.5348557692307693 0.021634615384615384 0.07451923076923077
0 0.33413461538461536 0.5180288461538461 0.0673076923076923 0.07932692307692307
0 0.8665865384615384 0.5673076923076923 0.14182692307692307 0.14903846153846154
0 0.0673076923076923 0.5336538461538461 0.12980769230769232 0.16826923076923078
0 0.9435096153846154 0.5865384615384616 0.11298076923076923 0.2548076923076923
0 0.42427884615384615 0.5120192307692307 0.021634615384615384 0.028846153846153848
0 0.4375 0.5132211538461539 0.014423076923076924 0.021634615384615384
0 0.4495192307692308 0.5180288461538461 0.02403846153846154 0.021634615384615384
0 0.46033653846153844 0.5120192307692307 0.016826923076923076 0.028846153846153848
0 0.4723557692307692 0.5144230769230769 0.01201923076923077 0.014423076923076924
0 0.48197115384615385 0.5180288461538461 0.016826923076923076 0.021634615384615384
0 0.5492788461538461 0.5180288461538461 0.016826923076923076 0.026442307692307692
0 0.5372596153846154 0.515625 0.016826923076923076 0.026442307692307692
4 0.8100961538461539 0.5336538461538461 0.02403846153846154 0.0673076923076923