0 0.5132211538461539 0.5132211538461539 0.026442307692307692 0.036057692307692304
0 0.4795673076923077 0.5144230769230769 0.021634615384615384 0.02403846153846154
2 0.19471153846153846 0.5552884615384616 0.09615384615384616 0.10096153846153846
0 0.5721153846153846 0.5084134615384616 0.04326923076923077 0.06971153846153846
0 0.042067307692307696 0.5600961538461539 0.07932692307692307 0.1778846153846154
0 0.33413461538461536 0.5180288461538461 0.0625 0.07932692307692307
0 0.06850961538461539 0.5336538461538461 0.12740384615384615 0.16826923076923078
0 0.8677884615384616 0.5661057692307693 0.14423076923076922 0.15144230769230768
0 0.9447115384615384 0.5865384615384616 0.10576923076923077 0.2548076923076923
4 0.4230769230769231 0.5192307692307693 0.014423076923076924 0.04326923076923077
0 0.4098557692307692 0.5192307692307693 0.026442307692307692 0.03365384615384615
0 0.44711538461538464 0.5168269230769231 0.028846153846153848 0.028846153846153848
0 0.49399038461538464 0.5168269230769231 0.021634615384615384 0.02403846153846154
2 0.5384615384615384 0.5204326923076923 0.014423076923076924 0.04567307692307692
0 0.5492788461538461 0.5180288461538461 0.01201923076923077 0.026442307692307692