0 0.5216346153846154 0.5168269230769231 0.014423076923076924 0.019230769230769232
0 0.5733173076923077 0.5084134615384616 0.04567307692307692 0.06490384615384616
2 0.20432692307692307 0.5552884615384616 0.09615384615384616 0.09615384615384616
0 0.4795673076923077 0.5144230769230769 0.016826923076923076 0.019230769230769232
0 0.546875 0.5204326923076923 0.021634615384615384 0.021634615384615384
0 0.41225961538461536 0.5180288461538461 0.03125 0.03125
4 0.037259615384615384 0.5697115384615384 0.07451923076923077 0.28365384615384615
0 0.0889423076923077 0.5348557692307693 0.08173076923076923 0.17548076923076922
0 0.8689903846153846 0.5661057692307693 0.1466346153846154 0.1466346153846154
0 0.33413461538461536 0.5204326923076923 0.0625 0.08413461538461539
0 0.9411057692307693 0.5817307692307693 0.10817307692307693 0.24519230769230768
4 0.36899038461538464 0.5228365384615384 0.021634615384615384 0.07932692307692307
0 0.42427884615384615 0.5144230769230769 0.021634615384615384 0.03365384615384615
0 0.4495192307692308 0.5168269230769231 0.03365384615384615 0.03365384615384615
0 0.5396634615384616 0.5168269230769231 0.021634615384615384 0.02403846153846154