0 0.4230769230769231 0.5144230769230769 0.02403846153846154 0.03365384615384615
0 0.5733173076923077 0.5084134615384616 0.04567307692307692 0.06490384615384616
0 0.042067307692307696 0.5588942307692307 0.07932692307692307 0.18028846153846154
2 0.20432692307692307 0.5552884615384616 0.09615384615384616 0.09615384615384616
0 0.4110576923076923 0.5192307692307693 0.028846153846153848 0.028846153846153848
0 0.48197115384615385 0.515625 0.016826923076923076 0.021634615384615384
0 0.5060096153846154 0.515625 0.021634615384615384 0.026442307692307692
4 0.7211538461538461 0.5324519230769231 0.019230769230769232 0.07451923076923077
4 0.6887019230769231 0.5324519230769231 0.021634615384615384 0.06971153846153846
0 0.06610576923076923 0.5348557692307693 0.12740384615384615 0.17548076923076922
0 0.8665865384615384 0.5697115384615384 0.14182692307692307 0.15384615384615385
0 0.3317307692307692 0.5180288461538461 0.0625 0.07932692307692307
0 0.9411057692307693 0.5853365384615384 0.11298076923076923 0.25240384615384615
0 0.44350961538461536 0.515625 0.026442307692307692 0.026442307692307692
0 0.4579326923076923 0.5120192307692307 0.016826923076923076 0.028846153846153848
0 0.5456730769230769 0.5216346153846154 0.019230769230769232 0.02403846153846154
0 0.5396634615384616 0.5168269230769231 0.021634615384615384 0.02403846153846154
4 0.6586538461538461 0.5324519230769231 0.019230769230769232 0.06971153846153846