0 0.3293269230769231 0.4807692307692308 0.02403846153846154 0.02403846153846154
4 0.7620192307692307 0.5348557692307693 0.02403846153846154 0.06971153846153846
4 0.7403846153846154 0.5288461538461539 0.019230769230769232 0.07211538461538461
0 0.6045673076923077 0.5240384615384616 0.055288461538461536 0.057692307692307696
0 0.6658653846153846 0.5384615384615384 0.07692307692307693 0.07211538461538461
0 0.8725961538461539 0.5661057692307693 0.18269230769230768 0.17067307692307693
0 0.5685096153846154 0.5204326923076923 0.036057692307692304 0.055288461538461536
0 0.5504807692307693 0.515625 0.04326923076923077 0.055288461538461536
2 0.5168269230769231 0.5108173076923077 0.019230769230769232 0.06009615384615385
0 0.4675480769230769 0.5036057692307693 0.040865384615384616 0.040865384615384616
0 0.44711538461538464 0.5036057692307693 0.019230769230769232 0.03125
0 0.4338942307692308 0.49759615384615385 0.026442307692307692 0.028846153846153848
0 0.4206730769230769 0.49158653846153844 0.028846153846153848 0.036057692307692304
0 0.4050480769230769 0.4891826923076923 0.021634615384615384 0.03125
2 0.38822115384615385 0.49038461538461536 0.01201923076923077 0.03365384615384615
2 0.3581730769230769 0.4831730769230769 0.009615384615384616 0.028846153846153848
0 0.3762019230769231 0.4831730769230769 0.016826923076923076 0.02403846153846154
2 0.3473557692307692 0.48197115384615385 0.01201923076923077 0.026442307692307692
0 0.2776442307692308 0.49158653846153844 0.05048076923076923 0.06009615384615385
0 0.2824519230769231 0.4879807692307692 0.055288461538461536 0.0625