0 0.44350961538461536 0.515625 0.021634615384615384 0.021634615384615384
0 0.41225961538461536 0.5180288461538461 0.03125 0.03125
2 0.2776442307692308 0.5252403846153846 0.03125 0.10817307692307693
0 0.040865384615384616 0.5612980769230769 0.07692307692307693 0.18509615384615385
0 0.06610576923076923 0.5360576923076923 0.12740384615384615 0.17307692307692307
0 0.8665865384615384 0.5661057692307693 0.14182692307692307 0.1466346153846154
0 0.9411057692307693 0.578125 0.10817307692307693 0.23798076923076922
2 0.1971153846153846 0.5612980769230769 0.08653846153846154 0.0889423076923077
0 0.42427884615384615 0.5132211538461539 0.021634615384615384 0.03125
4 0.45552884615384615 0.515625 0.007211538461538462 0.026442307692307692
4 0.46153846153846156 0.5144230769230769 0.009615384615384616 0.028846153846153848
0 0.4723557692307692 0.515625 0.021634615384615384 0.021634615384615384
0 0.5480769230769231 0.5204326923076923 0.014423076923076924 0.026442307692307692
0 0.5372596153846154 0.5180288461538461 0.016826923076923076 0.026442307692307692
0 0.5721153846153846 0.5084134615384616 0.04326923076923077 0.06490384615384616
0 0.5120192307692307 0.515625 0.028846153846153848 0.021634615384615384
0 0.49399038461538464 0.5168269230769231 0.016826923076923076 0.019230769230769232