4 0.16826923076923078 0.5 0.33653846153846156 1
0 0.8509615384615384 0.5180288461538461 0.11538461538461539 0.10817307692307693
0 0.5432692307692307 0.5204326923076923 0.02403846153846154 0.026442307692307692
0 0.47716346153846156 0.515625 0.016826923076923076 0.021634615384615384
0 0.5745192307692307 0.5072115384615384 0.04807692307692308 0.0673076923076923
0 0.41225961538461536 0.5180288461538461 0.026442307692307692 0.03125
4 0.7956730769230769 0.5336538461538461 0.014423076923076924 0.057692307692307696
0 0.4495192307692308 0.5168269230769231 0.04807692307692308 0.0673076923076923
0 0.8701923076923077 0.5661057692307693 0.14423076923076922 0.1466346153846154
0 0.9435096153846154 0.5805288461538461 0.10336538461538461 0.24759615384615385
0 0.5024038461538461 0.515625 0.019230769230769232 0.021634615384615384
4 0.53125 0.515625 0.009615384615384616 0.026442307692307692
4 0.5192307692307693 0.515625 0.009615384615384616 0.026442307692307692