2 0.6141826923076923 0.44350961538461536 0.016826923076923076 0.040865384615384616
0 0.5096153846153846 0.46153846153846156 0.07211538461538461 0.04326923076923077
2 0.6298076923076923 0.4423076923076923 0.014423076923076924 0.03365384615384615
2 0.09735576923076923 0.4675480769230769 0.021634615384615384 0.06971153846153846
0 0.3557692307692308 0.48677884615384615 0.08653846153846154 0.0889423076923077
0 0.5144230769230769 0.5348557692307693 0.1201923076923077 0.14182692307692307
4 0.40625 0.42908653846153844 0.009615384615384616 0.026442307692307692
0 0.6454326923076923 0.4375 0.021634615384615384 0.028846153846153848
0 0.59375 0.3942307692307692 0.014423076923076924 0.02403846153846154
0 0.6141826923076923 0.39302884615384615 0.01201923076923077 0.01201923076923077
0 0.6262019230769231 0.4026442307692308 0.01201923076923077 0.016826923076923076
0 0.6286057692307693 0.3954326923076923 0.01201923076923077 0.016826923076923076
0 0.6346153846153846 0.3870192307692308 0.009615384615384616 0.014423076923076924
0 0.5889423076923077 0.41346153846153844 0.014423076923076924 0.019230769230769232
0 0.5997596153846154 0.421875 0.016826923076923076 0.021634615384615384
0 0.5805288461538461 0.4338942307692308 0.021634615384615384 0.036057692307692304
2 0.5973557692307693 0.44591346153846156 0.016826923076923076 0.040865384615384616
4 0.9086538461538461 0.4795673076923077 0.038461538461538464 0.10817307692307693