0 0.5961538461538461 0.4170673076923077 0.019230769230769232 0.026442307692307692
0 0.6959134615384616 0.45913461538461536 0.03125 0.038461538461538464
0 0.6418269230769231 0.41947115384615385 0.014423076923076924 0.016826923076923076
2 0.6706730769230769 0.4579326923076923 0.014423076923076924 0.040865384615384616
0 0.46634615384615385 0.7524038461538461 0.4326923076923077 0.4951923076923077
2 0.6550480769230769 0.4567307692307692 0.016826923076923076 0.038461538461538464
0 0.5540865384615384 0.44591346153846156 0.026442307692307692 0.03125
4 0.38822115384615385 0.44711538461538464 0.01201923076923077 0.028846153846153848
0 0.6153846153846154 0.4266826923076923 0.014423076923076924 0.016826923076923076
0 0.6189903846153846 0.4423076923076923 0.021634615384615384 0.028846153846153848
0 0.6538461538461539 0.4026442307692308 0.009615384615384616 0.016826923076923076
0 0.5396634615384616 0.4362980769230769 0.01201923076923077 0.016826923076923076