0 0.6045673076923077 0.4254807692307692 0.021634615384615384 0.028846153846153848
0 0.6358173076923077 0.4483173076923077 0.021634615384615384 0.026442307692307692
0 0.6141826923076923 0.4411057692307692 0.016826923076923076 0.021634615384615384
0 0.7067307692307693 0.46634615384615385 0.028846153846153848 0.03365384615384615
2 0.6622596153846154 0.46274038461538464 0.016826923076923076 0.036057692307692304
2 0.6802884615384616 0.4651442307692308 0.014423076923076924 0.036057692307692304
0 0.515625 0.45913461538461536 0.03125 0.038461538461538464
0 0.4495192307692308 0.7764423076923077 0.6105769230769231 0.4423076923076923
4 0.39903846153846156 0.4543269230769231 0.009615384615384616 0.02403846153846154
0 0.6730769230769231 0.3870192307692308 0.009615384615384616 0.014423076923076924
0 0.6538461538461539 0.4206730769230769 0.014423076923076924 0.014423076923076924
0 0.6646634615384616 0.4074519230769231 0.01201923076923077 0.016826923076923076
0 0.5516826923076923 0.44471153846153844 0.016826923076923076 0.019230769230769232