0 0.6502403846153846 0.45913461538461536 0.06490384615384616 0.04326923076923077
0 0.5793269230769231 0.4543269230769231 0.02403846153846154 0.028846153846153848
0 0.36899038461538464 0.48197115384615385 0.06490384615384616 0.07932692307692307
2 0.8713942307692307 0.49158653846153844 0.016826923076923076 0.05048076923076923
4 0.4098557692307692 0.4543269230769231 0.01201923076923077 0.028846153846153848
0 0.5841346153846154 0.4338942307692308 0.028846153846153848 0.040865384615384616
0 0.6538461538461539 0.4338942307692308 0.014423076923076924 0.021634615384615384
2 0.6971153846153846 0.45913461538461536 0.014423076923076924 0.03365384615384615
0 0.7091346153846154 0.46634615384615385 0.028846153846153848 0.038461538461538464
0 0.6634615384615384 0.4110576923076923 0.009615384615384616 0.014423076923076924
0 0.6682692307692307 0.4074519230769231 0.009615384615384616 0.01201923076923077
0 0.6706730769230769 0.39663461538461536 0.009615384615384616 0.009615384615384616
0 0.5540865384615384 0.44591346153846156 0.016826923076923076 0.016826923076923076