0 0.44471153846153844 0.8882211538461539 0.028846153846153848 0.036057692307692304
0 0.33774038461538464 0.4795673076923077 0.021634615384615384 0.04567307692307692
0 0.6382211538461539 0.41466346153846156 0.01201923076923077 0.021634615384615384
4 0.59375 0.42908653846153844 0.009615384615384616 0.021634615384615384
0 0.6754807692307693 0.44591346153846156 0.019230769230769232 0.021634615384615384
0 0.7091346153846154 0.46875 0.028846153846153848 0.038461538461538464
0 0.5408653846153846 0.4375 0.04326923076923077 0.0625
0 0.36658653846153844 0.4807692307692308 0.06971153846153846 0.07692307692307693
0 0.41947115384615385 0.47596153846153844 0.05048076923076923 0.0673076923076923
0 0.6622596153846154 0.41346153846153844 0.01201923076923077 0.014423076923076924
0 0.6670673076923077 0.4050480769230769 0.01201923076923077 0.01201923076923077
2 0.6923076923076923 0.453125 0.009615384615384616 0.026442307692307692
4 0.7043269230769231 0.44711538461538464 0.009615384615384616 0.014423076923076924
0 0.4543269230769231 0.7824519230769231 0.6298076923076923 0.43509615384615385