0 0.5300480769230769 0.4543269230769231 0.04567307692307692 0.0673076923076923
0 0.6814903846153846 0.45552884615384615 0.016826923076923076 0.021634615384615384
0 0.39302884615384615 0.4963942307692308 0.05048076923076923 0.07451923076923077
0 0.2824519230769231 0.5024038461538461 0.055288461538461536 0.057692307692307696
0 0.3401442307692308 0.5 0.07451923076923077 0.08653846153846154
4 0.4266826923076923 0.4675480769230769 0.01201923076923077 0.026442307692307692
0 0.5564903846153846 0.4579326923076923 0.016826923076923076 0.021634615384615384
4 0.5949519230769231 0.44591346153846156 0.007211538461538462 0.021634615384615384
0 0.6694711538461539 0.421875 0.01201923076923077 0.016826923076923076
0 0.6454326923076923 0.43028846153846156 0.01201923076923077 0.014423076923076924
0 0.6430288461538461 0.43509615384615385 0.01201923076923077 0.019230769230769232
2 0.7007211538461539 0.4651442307692308 0.01201923076923077 0.026442307692307692
4 0.7103365384615384 0.46033653846153844 0.007211538461538462 0.016826923076923076
0 0.7151442307692307 0.48197115384615385 0.03125 0.036057692307692304
0 0.4651442307692308 0.7944711538461539 0.6033653846153846 0.40625