4 0.3737980769230769 0.5012019230769231 0.01201923076923077 0.026442307692307692
0 0.5865384615384616 0.47475961538461536 0.014423076923076924 0.021634615384615384
0 0.6334134615384616 0.48197115384615385 0.016826923076923076 0.021634615384615384
0 0.08774038461538461 0.5504807692307693 0.04567307692307692 0.07211538461538461
0 0.6706730769230769 0.5144230769230769 0.028846153846153848 0.038461538461538464
0 0.4567307692307692 0.49158653846153844 0.04807692307692308 0.07451923076923077
0 0.4579326923076923 0.7307692307692307 0.3004807692307692 0.34134615384615385
0 0.2860576923076923 0.5360576923076923 0.07211538461538461 0.08653846153846154
0 0.06009615384615385 0.6935096153846154 0.1201923076923077 0.2860576923076923
0 0.14302884615384615 0.5540865384615384 0.12259615384615384 0.12740384615384615
0 0.5060096153846154 0.49158653846153844 0.016826923076923076 0.016826923076923076
4 0.5384615384615384 0.4831730769230769 0.009615384615384616 0.02403846153846154
4 0.5985576923076923 0.453125 0.004807692307692308 0.01201923076923077
0 0.59375 0.46875 0.009615384615384616 0.014423076923076924
0 0.6213942307692307 0.45552884615384615 0.01201923076923077 0.016826923076923076
2 0.6514423076923077 0.4987980769230769 0.009615384615384616 0.026442307692307692
4 0.6598557692307693 0.4963942307692308 0.007211538461538462 0.021634615384615384