0 0.5576923076923077 0.43509615384615385 0.014423076923076924 0.019230769230769232
0 0.609375 0.4567307692307692 0.016826923076923076 0.019230769230769232
0 0.47716346153846156 0.47475961538461536 0.016826923076923076 0.021634615384615384
0 0.65625 0.5 0.03365384615384615 0.04326923076923077
0 0.3942307692307692 0.4723557692307692 0.0625 0.09375
0 0.11177884615384616 0.6237980769230769 0.22355769230769232 0.21875
0 0.484375 0.6454326923076923 0.2091346153846154 0.24278846153846154
0 0.051682692307692304 0.5336538461538461 0.0985576923076923 0.11538461538461539
4 0.5060096153846154 0.46875 0.007211538461538462 0.02403846153846154
0 0.5588942307692307 0.46153846153846156 0.016826923076923076 0.02403846153846154
2 0.6262019230769231 0.4807692307692308 0.01201923076923077 0.02403846153846154
2 0.6370192307692307 0.48197115384615385 0.009615384615384616 0.026442307692307692
4 0.6418269230769231 0.484375 0.009615384615384616 0.026442307692307692
0 0.5949519230769231 0.4362980769230769 0.01201923076923077 0.016826923076923076
0 0.6009615384615384 0.42788461538461536 0.009615384615384616 0.014423076923076924