0 0.6658653846153846 0.5024038461538461 0.038461538461538464 0.04807692307692308
0 0.20552884615384615 0.5925480769230769 0.18509615384615385 0.1658653846153846
0 0.5144230769230769 0.6201923076923077 0.1778846153846154 0.20192307692307693
0 0.3076923076923077 0.47716346153846156 0.09615384615384616 0.12740384615384615
0 0.4651442307692308 0.47596153846153844 0.016826923076923076 0.02403846153846154
2 0.4951923076923077 0.4723557692307692 0.009615384615384616 0.03125
0 0.5456730769230769 0.46875 0.019230769230769232 0.03365384615384615
0 0.5564903846153846 0.4375 0.01201923076923077 0.019230769230769232
0 0.5913461538461539 0.43990384615384615 0.014423076923076924 0.019230769230769232
0 0.6057692307692307 0.44591346153846156 0.014423076923076924 0.021634615384615384
2 0.6286057692307693 0.48197115384615385 0.01201923076923077 0.03125
4 0.6394230769230769 0.4795673076923077 0.009615384615384616 0.03125