0 0.5396634615384616 0.4375 0.026442307692307692 0.03365384615384615
0 0.5108173076923077 0.39302884615384615 0.016826923076923076 0.021634615384615384
0 0.45552884615384615 0.41586538461538464 0.016826923076923076 0.02403846153846154
0 0.5132211538461539 0.48197115384615385 0.06971153846153846 0.0889423076923077
0 0.35336538461538464 0.45913461538461536 0.04807692307692308 0.057692307692307696
0 0.421875 0.4735576923076923 0.06009615384615385 0.0625
0 0.8076923076923077 0.5384615384615384 0.14423076923076922 0.14423076923076922
4 0.06610576923076923 0.4567307692307692 0.021634615384615384 0.052884615384615384
0 0.14543269230769232 0.5 0.2764423076923077 0.28846153846153844
0 0.6237980769230769 0.44350961538461536 0.03125 0.04567307692307692
0 0.7992788461538461 0.4254807692307692 0.05048076923076923 0.04326923076923077
2 0.5841346153846154 0.43990384615384615 0.009615384615384616 0.028846153846153848
2 0.59375 0.4362980769230769 0.009615384615384616 0.026442307692307692
0 0.5444711538461539 0.390625 0.01201923076923077 0.016826923076923076
0 0.5228365384615384 0.39302884615384615 0.01201923076923077 0.016826923076923076
0 0.4699519230769231 0.39302884615384615 0.021634615384615384 0.021634615384615384