0 0.5288461538461539 0.4110576923076923 0.019230769230769232 0.02403846153846154
0 0.46153846153846156 0.38221153846153844 0.014423076923076924 0.02403846153846154
2 0.6033653846153846 0.4411057692307692 0.014423076923076924 0.04567307692307692
4 0.09014423076923077 0.453125 0.016826923076923076 0.04567307692307692
4 0.027644230769230768 0.453125 0.016826923076923076 0.05048076923076923
0 0.48677884615384615 0.4206730769230769 0.021634615384615384 0.03365384615384615
4 0.6850961538461539 0.43990384615384615 0.019230769230769232 0.04807692307692308
2 0.5865384615384616 0.4411057692307692 0.014423076923076924 0.05048076923076923
0 0.5348557692307693 0.4795673076923077 0.06971153846153846 0.0889423076923077
0 0.3425480769230769 0.5096153846153846 0.10336538461538461 0.14903846153846154
4 0.2956730769230769 0.4206730769230769 0.009615384615384616 0.028846153846153848
0 0.41586538461538464 0.4254807692307692 0.028846153846153848 0.038461538461538464
0 0.46153846153846156 0.42788461538461536 0.04326923076923077 0.052884615384615384
2 0.546875 0.4254807692307692 0.01201923076923077 0.03365384615384615