0 0.46153846153846156 0.5132211538461539 0.019230769230769232 0.026442307692307692
0 0.5769230769230769 0.5192307692307693 0.03365384615384615 0.028846153846153848
0 0.4807692307692308 0.5060096153846154 0.028846153846153848 0.040865384615384616
4 0.27524038461538464 0.5096153846153846 0.01201923076923077 0.04326923076923077
0 0.42788461538461536 0.5132211538461539 0.028846153846153848 0.03125
0 0.5084134615384616 0.5168269230769231 0.021634615384615384 0.019230769230769232
4 0.2608173076923077 0.5132211538461539 0.01201923076923077 0.040865384615384616
0 0.41225961538461536 0.5192307692307693 0.026442307692307692 0.028846153846153848
0 0.04326923076923077 0.5600961538461539 0.08653846153846154 0.1778846153846154
0 0.0673076923076923 0.5360576923076923 0.125 0.17307692307692307
0 0.8701923076923077 0.5697115384615384 0.14423076923076922 0.15384615384615385
0 0.9399038461538461 0.5865384615384616 0.11057692307692307 0.2548076923076923
2 0.19471153846153846 0.5625 0.08653846153846154 0.08653846153846154
4 0.44711538461538464 0.515625 0.009615384615384616 0.03125
4 0.5216346153846154 0.515625 0.009615384615384616 0.021634615384615384
0 0.5528846153846154 0.5168269230769231 0.02403846153846154 0.02403846153846154
0 0.5372596153846154 0.5168269230769231 0.021634615384615384 0.02403846153846154