0 0.5132211538461539 0.42908653846153844 0.016826923076923076 0.021634615384615384
0 0.4579326923076923 0.44711538461538464 0.036057692307692304 0.04807692307692308
0 0.47596153846153844 0.44591346153846156 0.019230769230769232 0.026442307692307692
2 0.5661057692307693 0.4675480769230769 0.016826923076923076 0.05048076923076923
2 0.5829326923076923 0.46634615384615385 0.016826923076923076 0.04807692307692308
0 0.3737980769230769 0.4387019230769231 0.040865384615384616 0.06009615384615385
0 0.41586538461538464 0.4326923076923077 0.019230769230769232 0.02403846153846154
2 0.6045673076923077 0.46875 0.016826923076923076 0.04807692307692308
0 0.4014423076923077 0.49278846153846156 0.0625 0.09134615384615384
0 0.5204326923076923 0.47716346153846156 0.05048076923076923 0.06490384615384616
0 0.2848557692307692 0.47596153846153844 0.06490384615384616 0.08173076923076923
2 0.3425480769230769 0.44591346153846156 0.01201923076923077 0.026442307692307692
2 0.5324519230769231 0.4483173076923077 0.01201923076923077 0.021634615384615384