0 0.5805288461538461 0.5192307692307693 0.036057692307692304 0.038461538461538464
0 0.04326923076923077 0.5600961538461539 0.08173076923076923 0.1875
0 0.4795673076923077 0.5144230769230769 0.021634615384615384 0.028846153846153848
2 0.20072115384615385 0.5588942307692307 0.08413461538461539 0.0889423076923077
0 0.0673076923076923 0.5348557692307693 0.125 0.17548076923076922
0 0.8677884615384616 0.5637019230769231 0.13942307692307693 0.14182692307692307
0 0.9423076923076923 0.578125 0.10576923076923077 0.23798076923076922
4 0.22115384615384615 0.5048076923076923 0.019230769230769232 0.04326923076923077
0 0.41225961538461536 0.5180288461538461 0.03125 0.036057692307692304
0 0.45913461538461536 0.515625 0.02403846153846154 0.016826923076923076
0 0.5048076923076923 0.5180288461538461 0.014423076923076924 0.021634615384615384
0 0.4951923076923077 0.5144230769230769 0.014423076923076924 0.014423076923076924
2 0.5336538461538461 0.5168269230769231 0.009615384615384616 0.028846153846153848
4 0.5564903846153846 0.5252403846153846 0.01201923076923077 0.040865384615384616