0 0.43149038461538464 0.5144230769230769 0.021634615384615384 0.03365384615384615
0 0.5757211538461539 0.5204326923076923 0.03125 0.03125
0 0.4110576923076923 0.5180288461538461 0.028846153846153848 0.03125
0 0.5120192307692307 0.5180288461538461 0.019230769230769232 0.021634615384615384
0 0.04326923076923077 0.5600961538461539 0.08173076923076923 0.18269230769230768
0 0.4699519230769231 0.515625 0.03125 0.04567307692307692
2 0.20432692307692307 0.5576923076923077 0.09615384615384616 0.09134615384615384
0 0.06850961538461539 0.5348557692307693 0.12740384615384615 0.17067307692307693
0 0.8677884615384616 0.5637019230769231 0.14423076923076922 0.14182692307692307
0 0.9423076923076923 0.578125 0.10576923076923077 0.23798076923076922
4 0.16346153846153846 0.5096153846153846 0.028846153846153848 0.07211538461538461
4 0.18629807692307693 0.5084134615384616 0.026442307692307692 0.06971153846153846
4 0.44350961538461536 0.5168269230769231 0.01201923076923077 0.028846153846153848
0 0.4963942307692308 0.5144230769230769 0.016826923076923076 0.019230769230769232
0 0.5540865384615384 0.5180288461538461 0.021634615384615384 0.026442307692307692
4 0.5432692307692307 0.5180288461538461 0.009615384615384616 0.03125
0 0.5360576923076923 0.5180288461538461 0.014423076923076924 0.026442307692307692
0 0.5276442307692307 0.5168269230769231 0.01201923076923077 0.019230769230769232