2 0.5649038461538461 0.4795673076923077 0.014423076923076924 0.036057692307692304
0 0.46033653846153844 0.484375 0.021634615384615384 0.040865384615384616
2 0.7127403846153846 0.515625 0.03125 0.0889423076923077
2 0.046875 0.5036057692307693 0.021634615384615384 0.06971153846153846
2 0.6490384615384616 0.5024038461538461 0.019230769230769232 0.07211538461538461
2 0.6706730769230769 0.5144230769230769 0.028846153846153848 0.08653846153846154
0 0.5300480769230769 0.4855769230769231 0.040865384615384616 0.052884615384615384
0 0.4362980769230769 0.4831730769230769 0.055288461538461536 0.08653846153846154
4 0.3581730769230769 0.421875 0.009615384615384616 0.026442307692307692
0 0.5240384615384616 0.421875 0.014423076923076924 0.016826923076923076
4 0.5348557692307693 0.4567307692307692 0.007211538461538462 0.014423076923076924