2 0.20072115384615385 0.5540865384615384 0.10336538461538461 0.09375
0 0.47836538461538464 0.515625 0.014423076923076924 0.021634615384615384
0 0.4110576923076923 0.5180288461538461 0.028846153846153848 0.03125
0 0.04326923076923077 0.5588942307692307 0.08173076923076923 0.18509615384615385
0 0.8665865384615384 0.5709134615384616 0.1466346153846154 0.15625
0 0.06850961538461539 0.5336538461538461 0.12740384615384615 0.17307692307692307
0 0.9399038461538461 0.5901442307692307 0.10576923076923077 0.2620192307692308
4 0.4411057692307692 0.515625 0.007211538461538462 0.036057692307692304
0 0.46274038461538464 0.515625 0.026442307692307692 0.036057692307692304
0 0.4963942307692308 0.515625 0.01201923076923077 0.016826923076923076
0 0.4254807692307692 0.5132211538461539 0.02403846153846154 0.03125
4 0.5108173076923077 0.5216346153846154 0.01201923076923077 0.04326923076923077
2 0.5216346153846154 0.5216346153846154 0.019230769230769232 0.038461538461538464
0 0.5528846153846154 0.5180288461538461 0.02403846153846154 0.026442307692307692
0 0.5360576923076923 0.5180288461538461 0.019230769230769232 0.026442307692307692