0 0.026442307692307692 0.5588942307692307 0.052884615384615384 0.19951923076923078
2 0.1971153846153846 0.5612980769230769 0.09615384615384616 0.09375
4 0.3269230769230769 0.5264423076923077 0.019230769230769232 0.07211538461538461
4 0.0733173076923077 0.5600961538461539 0.06971153846153846 0.23557692307692307
0 0.8677884615384616 0.5685096153846154 0.14423076923076922 0.15625
0 0.9459134615384616 0.5865384615384616 0.10817307692307693 0.2548076923076923
0 0.45072115384615385 0.5877403846153846 0.2283653846153846 0.27163461538461536
0 0.5516826923076923 0.5204326923076923 0.021634615384615384 0.03125
4 0.578125 0.5180288461538461 0.01201923076923077 0.026442307692307692
4 0.3016826923076923 0.5096153846153846 0.016826923076923076 0.04326923076923077
0 0.0733173076923077 0.5360576923076923 0.11778846153846154 0.1778846153846154