0 0.4951923076923077 0.4579326923076923 0.028846153846153848 0.036057692307692304
2 0.20552884615384615 0.4831730769230769 0.016826923076923076 0.052884615384615384
2 0.24759615384615385 0.4807692307692308 0.019230769230769232 0.04807692307692308
2 0.23197115384615385 0.4807692307692308 0.016826923076923076 0.04807692307692308
0 0.47836538461538464 0.5240384615384616 0.23557692307692307 0.1346153846153846
0 0.36658653846153844 0.4795673076923077 0.040865384615384616 0.05048076923076923
4 0.30649038461538464 0.46634615384615385 0.01201923076923077 0.03365384615384615
2 0.39783653846153844 0.4675480769230769 0.01201923076923077 0.026442307692307692
4 0.7199519230769231 0.4735576923076923 0.016826923076923076 0.052884615384615384
0 0.5096153846153846 0.45913461538461536 0.014423076923076924 0.014423076923076924
0 0.5144230769230769 0.453125 0.009615384615384616 0.01201923076923077
0 0.5216346153846154 0.4567307692307692 0.009615384615384616 0.009615384615384616
0 0.5276442307692307 0.45913461538461536 0.01201923076923077 0.014423076923076924
0 0.5408653846153846 0.46033653846153844 0.02403846153846154 0.026442307692307692
0 0.5961538461538461 0.4699519230769231 0.028846153846153848 0.036057692307692304
0 0.5745192307692307 0.46033653846153844 0.019230769230769232 0.026442307692307692
0 0.5661057692307693 0.45913461538461536 0.01201923076923077 0.019230769230769232
0 0.5576923076923077 0.4579326923076923 0.014423076923076924 0.016826923076923076