0 0.4411057692307692 0.44350961538461536 0.06490384615384616 0.12740384615384615
0 0.019230769230769232 0.48677884615384615 0.038461538461538464 0.04567307692307692
2 0.09375 0.46274038461538464 0.014423076923076924 0.040865384615384616
0 0.4014423076923077 0.45552884615384615 0.028846153846153848 0.040865384615384616
0 0.39663461538461536 0.421875 0.019230769230769232 0.03125
0 0.4879807692307692 0.4266826923076923 0.03365384615384615 0.05048076923076923
0 0.25600961538461536 0.4266826923076923 0.016826923076923076 0.021634615384615384
0 0.2800480769230769 0.44711538461538464 0.026442307692307692 0.028846153846153848
0 0.28725961538461536 0.4326923076923077 0.016826923076923076 0.019230769230769232
0 0.30288461538461536 0.4230769230769231 0.014423076923076924 0.019230769230769232
0 0.31490384615384615 0.4338942307692308 0.019230769230769232 0.021634615384615384
0 0.3329326923076923 0.41947115384615385 0.021634615384615384 0.03125