2 0.20432692307692307 0.5552884615384616 0.10096153846153846 0.09615384615384616
0 0.4170673076923077 0.5180288461538461 0.021634615384615384 0.036057692307692304
0 0.4735576923076923 0.515625 0.014423076923076924 0.016826923076923076
0 0.3942307692307692 0.5180288461538461 0.03365384615384615 0.036057692307692304
0 0.042067307692307696 0.5588942307692307 0.07932692307692307 0.17548076923076922
4 0.7860576923076923 0.5384615384615384 0.028846153846153848 0.09134615384615384
0 0.9411057692307693 0.5829326923076923 0.10817307692307693 0.25240384615384615
0 0.0673076923076923 0.5336538461538461 0.12980769230769232 0.17307692307692307
0 0.8701923076923077 0.5661057692307693 0.14423076923076922 0.15144230769230768
0 0.44471153846153844 0.515625 0.014423076923076924 0.021634615384615384
0 0.4987980769230769 0.515625 0.01201923076923077 0.016826923076923076
0 0.5564903846153846 0.5228365384615384 0.021634615384615384 0.026442307692307692
0 0.5492788461538461 0.5180288461538461 0.021634615384615384 0.026442307692307692
0 0.5348557692307693 0.5180288461538461 0.016826923076923076 0.026442307692307692
0 0.5216346153846154 0.5204326923076923 0.02403846153846154 0.021634615384615384
4 0.5745192307692307 0.5216346153846154 0.009615384615384616 0.03365384615384615