2 0.5012019230769231 0.46634615384615385 0.01201923076923077 0.02403846153846154
4 0.5612980769230769 0.4699519230769231 0.01201923076923077 0.026442307692307692
0 0.9735576923076923 0.640625 0.04807692307692308 0.24278846153846154
0 0.4026442307692308 0.4723557692307692 0.026442307692307692 0.040865384615384616
4 0.78125 0.5108173076923077 0.02403846153846154 0.0985576923076923
0 0.90625 0.5985576923076923 0.17307692307692307 0.1875
0 0.10096153846153846 0.47596153846153844 0.1346153846153846 0.14903846153846154
0 0.43028846153846156 0.46274038461538464 0.009615384615384616 0.01201923076923077
0 0.44471153846153844 0.46153846153846156 0.009615384615384616 0.014423076923076924
0 0.47836538461538464 0.4639423076923077 0.009615384615384616 0.014423076923076924
0 0.4639423076923077 0.4651442307692308 0.019230769230769232 0.026442307692307692
0 0.8473557692307693 0.5793269230769231 0.12259615384615384 0.16346153846153846
0 0.41586538461538464 0.45913461538461536 0.009615384615384616 0.014423076923076924