0 0.5252403846153846 0.5180288461538461 0.016826923076923076 0.016826923076923076
4 0.36538461538461536 0.5084134615384616 0.009615384615384616 0.021634615384615384
0 0.49399038461538464 0.5144230769230769 0.016826923076923076 0.019230769230769232
2 0.20432692307692307 0.5540865384615384 0.09615384615384616 0.0985576923076923
0 0.47596153846153844 0.515625 0.019230769230769232 0.021634615384615384
4 0.3545673076923077 0.5072115384615384 0.007211538461538462 0.019230769230769232
0 0.5588942307692307 0.5204326923076923 0.021634615384615384 0.026442307692307692
4 0.7127403846153846 0.5264423076923077 0.016826923076923076 0.057692307692307696
0 0.39663461538461536 0.5180288461538461 0.03365384615384615 0.036057692307692304
0 0.042067307692307696 0.5600961538461539 0.08413461538461539 0.17307692307692307
2 0.6322115384615384 0.5600961538461539 0.0625 0.19230769230769232
0 0.0673076923076923 0.5348557692307693 0.12980769230769232 0.17067307692307693
0 0.9411057692307693 0.5841346153846154 0.10817307692307693 0.2548076923076923
0 0.8689903846153846 0.5673076923076923 0.1466346153846154 0.15384615384615385
0 0.5504807692307693 0.5180288461538461 0.019230769230769232 0.026442307692307692
0 0.5396634615384616 0.5168269230769231 0.016826923076923076 0.02403846153846154
0 0.5120192307692307 0.515625 0.009615384615384616 0.016826923076923076