0 0.4951923076923077 0.515625 0.014423076923076924 0.016826923076923076
0 0.4699519230769231 0.5192307692307693 0.021634615384615384 0.02403846153846154
0 0.040865384615384616 0.5625 0.07692307692307693 0.18269230769230768
0 0.3942307692307692 0.5168269230769231 0.03365384615384615 0.038461538461538464
0 0.0673076923076923 0.5372596153846154 0.12980769230769232 0.17548076923076922
0 0.8677884615384616 0.5625 0.14423076923076922 0.14423076923076922
0 0.9423076923076923 0.578125 0.10576923076923077 0.23798076923076922
2 0.19591346153846154 0.5600961538461539 0.09375 0.09615384615384616
0 0.5096153846153846 0.5144230769230769 0.014423076923076924 0.028846153846153848
0 0.5216346153846154 0.5180288461538461 0.03365384615384615 0.03125
0 0.5564903846153846 0.5216346153846154 0.021634615384615384 0.02403846153846154
0 0.5504807692307693 0.5180288461538461 0.019230769230769232 0.026442307692307692
4 0.578125 0.515625 0.007211538461538462 0.026442307692307692
0 0.41586538461538464 0.5180288461538461 0.02403846153846154 0.03125
0 0.4254807692307692 0.5144230769230769 0.02403846153846154 0.038461538461538464
0 0.4483173076923077 0.515625 0.021634615384615384 0.026442307692307692