0 0.4807692307692308 0.5168269230769231 0.02403846153846154 0.019230769230769232
2 0.20192307692307693 0.5588942307692307 0.09134615384615384 0.0889423076923077
0 0.5024038461538461 0.5180288461538461 0.019230769230769232 0.021634615384615384
0 0.042067307692307696 0.5588942307692307 0.08413461538461539 0.17548076923076922
0 0.3942307692307692 0.5180288461538461 0.03365384615384615 0.036057692307692304
0 0.0673076923076923 0.5360576923076923 0.12980769230769232 0.17307692307692307
0 0.9399038461538461 0.578125 0.10576923076923077 0.23798076923076922
0 0.8665865384615384 0.5637019230769231 0.14182692307692307 0.1466346153846154
4 0.25 0.5012019230769231 0.019230769230769232 0.03125
4 0.4326923076923077 0.5168269230769231 0.014423076923076924 0.04326923076923077
0 0.44350961538461536 0.5192307692307693 0.021634615384615384 0.02403846153846154
4 0.5793269230769231 0.5168269230769231 0.009615384615384616 0.028846153846153848
0 0.5564903846153846 0.5216346153846154 0.021634615384615384 0.02403846153846154
0 0.5492788461538461 0.5180288461538461 0.021634615384615384 0.026442307692307692
0 0.5384615384615384 0.5192307692307693 0.019230769230769232 0.02403846153846154
0 0.5276442307692307 0.515625 0.016826923076923076 0.021634615384615384