0 0.5012019230769231 0.5144230769230769 0.021634615384615384 0.028846153846153848
0 0.3942307692307692 0.5180288461538461 0.03365384615384615 0.036057692307692304
0 0.042067307692307696 0.5588942307692307 0.08413461538461539 0.17548076923076922
2 0.20072115384615385 0.5576923076923077 0.0985576923076923 0.10096153846153846
0 0.0673076923076923 0.5348557692307693 0.12980769230769232 0.17548076923076922
0 0.9411057692307693 0.5829326923076923 0.11298076923076923 0.25240384615384615
0 0.8641826923076923 0.5709134615384616 0.1466346153846154 0.16105769230769232
4 0.42427884615384615 0.5168269230769231 0.016826923076923076 0.052884615384615384
0 0.44471153846153844 0.5192307692307693 0.019230769230769232 0.02403846153846154
0 0.5144230769230769 0.515625 0.014423076923076924 0.016826923076923076
4 0.5576923076923077 0.5216346153846154 0.019230769230769232 0.02403846153846154
0 0.5492788461538461 0.5180288461538461 0.021634615384615384 0.026442307692307692
0 0.5372596153846154 0.5168269230769231 0.016826923076923076 0.02403846153846154
0 0.5276442307692307 0.515625 0.01201923076923077 0.021634615384615384