2 0.20432692307692307 0.5540865384615384 0.09615384615384616 0.0985576923076923
0 0.4483173076923077 0.515625 0.021634615384615384 0.026442307692307692
0 0.43028846153846156 0.515625 0.02403846153846154 0.036057692307692304
0 0.41586538461538464 0.5180288461538461 0.02403846153846154 0.036057692307692304
4 0.6730769230769231 0.5216346153846154 0.009615384615384616 0.038461538461538464
0 0.5036057692307693 0.515625 0.026442307692307692 0.026442307692307692
0 0.47836538461538464 0.5132211538461539 0.019230769230769232 0.021634615384615384
0 0.042067307692307696 0.5600961538461539 0.07932692307692307 0.1778846153846154
0 0.39663461538461536 0.5180288461538461 0.03365384615384615 0.036057692307692304
0 0.06610576923076923 0.5372596153846154 0.12740384615384615 0.17548076923076922
0 0.9459134615384616 0.5853365384615384 0.10817307692307693 0.25240384615384615
0 0.8665865384615384 0.5673076923076923 0.14182692307692307 0.15384615384615385
0 0.5528846153846154 0.5192307692307693 0.02403846153846154 0.028846153846153848
0 0.5372596153846154 0.515625 0.021634615384615384 0.026442307692307692
0 0.5264423076923077 0.5168269230769231 0.014423076923076924 0.02403846153846154