0 0.5697115384615384 0.47475961538461536 0.028846153846153848 0.040865384615384616
0 0.45913461538461536 0.4699519230769231 0.014423076923076924 0.016826923076923076
0 0.36538461538461536 0.4879807692307692 0.03365384615384615 0.04807692307692308
0 0.026442307692307692 0.5216346153846154 0.052884615384615384 0.10096153846153846
0 0.31971153846153844 0.5168269230769231 0.07692307692307693 0.11057692307692307
0 0.4182692307692308 0.4723557692307692 0.019230769230769232 0.026442307692307692
0 0.49038461538461536 0.4699519230769231 0.019230769230769232 0.021634615384615384
0 0.5036057692307693 0.46274038461538464 0.01201923076923077 0.016826923076923076
0 0.5456730769230769 0.47475961538461536 0.02403846153846154 0.03125
0 0.4963942307692308 0.49158653846153844 0.04567307692307692 0.05048076923076923
4 0.6117788461538461 0.4963942307692308 0.021634615384615384 0.06971153846153846
0 0.6141826923076923 0.47475961538461536 0.05048076923076923 0.036057692307692304
0 0.25721153846153844 0.4879807692307692 0.02403846153846154 0.04326923076923077
0 0.5132211538461539 0.46153846153846156 0.01201923076923077 0.014423076923076924