0 0.43990384615384615 0.4266826923076923 0.014423076923076924 0.021634615384615384
4 0.9362980769230769 0.5324519230769231 0.01201923076923077 0.03125
2 0.3701923076923077 0.5276442307692307 0.014423076923076924 0.03125
0 0.8329326923076923 0.5576923076923077 0.03125 0.038461538461538464
0 0.28125 0.546875 0.028846153846153848 0.036057692307692304
0 0.03365384615384615 0.5805288461538461 0.0625 0.040865384615384616
0 0.8461538461538461 0.5769230769230769 0.04807692307692308 0.0673076923076923
0 0.75 0.5504807692307693 0.08173076923076923 0.16346153846153846
0 0.6045673076923077 0.5324519230769231 0.24278846153846154 0.3629807692307692
2 0.9350961538461539 0.6923076923076923 0.125 0.2980769230769231
0 0.3545673076923077 0.6141826923076923 0.12259615384615384 0.12740384615384615
4 0.13341346153846154 0.5637019230769231 0.021634615384615384 0.05048076923076923
0 0.44591346153846156 0.46274038461538464 0.021634615384615384 0.016826923076923076
0 0.45552884615384615 0.4651442307692308 0.016826923076923076 0.01201923076923077
0 0.4735576923076923 0.45913461538461536 0.02403846153846154 0.03365384615384615
0 0.4795673076923077 0.46875 0.01201923076923077 0.014423076923076924