0 0.4831730769230769 0.4699519230769231 0.02403846153846154 0.03125
4 0.43990384615384615 0.47115384615384615 0.014423076923076924 0.028846153846153848
0 0.5600961538461539 0.4723557692307692 0.028846153846153848 0.03125
0 0.5180288461538461 0.47115384615384615 0.021634615384615384 0.028846153846153848
0 0.3918269230769231 0.47836538461538464 0.028846153846153848 0.03365384615384615
2 0.6418269230769231 0.5036057692307693 0.02403846153846154 0.0889423076923077
0 0.3485576923076923 0.4831730769230769 0.07692307692307693 0.057692307692307696
0 0.23798076923076922 0.5504807692307693 0.1346153846153846 0.1346153846153846
0 0.5084134615384616 0.46634615384615385 0.016826923076923076 0.019230769230769232
0 0.5432692307692307 0.46634615384615385 0.014423076923076924 0.014423076923076924
4 0.6225961538461539 0.47836538461538464 0.014423076923076924 0.052884615384615384
0 0.7548076923076923 0.4651442307692308 0.09134615384615384 0.055288461538461536
0 0.8341346153846154 0.45913461538461536 0.10096153846153846 0.057692307692307696
0 0.8473557692307693 0.49399038461538464 0.12740384615384615 0.08413461538461539
0 0.8966346153846154 0.45913461538461536 0.0625 0.038461538461538464
0 0.9543269230769231 0.46033653846153844 0.07211538461538461 0.036057692307692304