0 0.5504807692307693 0.47115384615384615 0.03365384615384615 0.03365384615384615
0 0.5024038461538461 0.46634615384615385 0.019230769230769232 0.02403846153846154
0 0.36538461538461536 0.4675480769230769 0.02403846153846154 0.021634615384615384
2 0.6045673076923077 0.5048076923076923 0.026442307692307692 0.08653846153846154
0 0.25841346153846156 0.4807692307692308 0.036057692307692304 0.04807692307692308
0 0.41225961538461536 0.4855769230769231 0.04567307692307692 0.052884615384615384
0 0.027644230769230768 0.5072115384615384 0.055288461538461536 0.11057692307692307
0 0.22235576923076922 0.4891826923076923 0.06009615384615385 0.06009615384615385
4 0.4411057692307692 0.46875 0.01201923076923077 0.03365384615384615
0 0.44350961538461536 0.46033653846153844 0.021634615384615384 0.026442307692307692
0 0.4639423076923077 0.46153846153846156 0.009615384615384616 0.019230769230769232
0 0.47115384615384615 0.4579326923076923 0.009615384615384616 0.016826923076923076
4 0.6394230769230769 0.4795673076923077 0.014423076923076924 0.06971153846153846
0 0.6995192307692307 0.48677884615384615 0.07692307692307693 0.06971153846153846
0 0.8233173076923077 0.44711538461538464 0.07451923076923077 0.038461538461538464
0 0.7908653846153846 0.4735576923076923 0.08653846153846154 0.052884615384615384
0 0.8569711538461539 0.4651442307692308 0.06971153846153846 0.055288461538461536
0 0.9194711538461539 0.4675480769230769 0.1466346153846154 0.0985576923076923