4 0.5637019230769231 0.47475961538461536 0.01201923076923077 0.040865384615384616
4 0.6598557692307693 0.4891826923076923 0.016826923076923076 0.07451923076923077
0 0.35336538461538464 0.4723557692307692 0.02403846153846154 0.026442307692307692
0 0.4254807692307692 0.48197115384615385 0.038461538461538464 0.040865384615384616
2 0.6382211538461539 0.5144230769230769 0.03125 0.11538461538461539
0 0.1935096153846154 0.49158653846153844 0.05048076923076923 0.055288461538461536
0 0.25 0.5276442307692307 0.10096153846153846 0.10336538461538461
0 0.05048076923076923 0.48197115384615385 0.057692307692307696 0.026442307692307692
0 0.4375 0.4651442307692308 0.019230769230769232 0.026442307692307692
0 0.46033653846153844 0.4651442307692308 0.016826923076923076 0.021634615384615384
0 0.5024038461538461 0.46634615384615385 0.019230769230769232 0.02403846153846154
4 0.49399038461538464 0.47596153846153844 0.016826923076923076 0.03365384615384615
0 0.7451923076923077 0.4963942307692308 0.11538461538461539 0.0889423076923077
0 0.8629807692307693 0.45072115384615385 0.09615384615384616 0.036057692307692304
0 0.8305288461538461 0.4831730769230769 0.11298076923076923 0.057692307692307696
0 0.9158653846153846 0.47596153846153844 0.10096153846153846 0.0673076923076923
0 0.9615384615384616 0.484375 0.07692307692307693 0.11298076923076923
0 0.4855769230769231 0.46634615384615385 0.014423076923076924 0.02403846153846154
0 0.5456730769230769 0.47596153846153844 0.028846153846153848 0.038461538461538464
0 0.5252403846153846 0.4699519230769231 0.021634615384615384 0.03125