2 0.7247596153846154 0.5024038461538461 0.01201923076923077 0.02403846153846154
0 0.44471153846153844 0.4831730769230769 0.019230769230769232 0.02403846153846154
0 0.5276442307692307 0.5084134615384616 0.026442307692307692 0.036057692307692304
4 0.25 0.5504807692307693 0.014423076923076924 0.04326923076923077
0 0.49158653846153844 0.5048076923076923 0.021634615384615384 0.028846153846153848
0 0.6141826923076923 0.49399038461538464 0.021634615384615384 0.026442307692307692
0 0.009615384615384616 0.5649038461538461 0.019230769230769232 0.057692307692307696
0 0.5240384615384616 0.5228365384615384 0.02403846153846154 0.03125
0 0.4254807692307692 0.4879807692307692 0.019230769230769232 0.02403846153846154
0 0.03245192307692308 0.5841346153846154 0.05048076923076923 0.052884615384615384
0 0.6658653846153846 0.5024038461538461 0.019230769230769232 0.019230769230769232
0 0.5588942307692307 0.4699519230769231 0.03125 0.036057692307692304
0 0.5733173076923077 0.4855769230769231 0.016826923076923076 0.019230769230769232
0 0.4098557692307692 0.5769230769230769 0.04567307692307692 0.038461538461538464
0 0.27884615384615385 0.546875 0.03365384615384615 0.036057692307692304
0 0.5841346153846154 0.5192307692307693 0.028846153846153848 0.03365384615384615
0 0.5576923076923077 0.5108173076923077 0.02403846153846154 0.03125
0 0.09735576923076923 0.5757211538461539 0.0889423076923077 0.11778846153846154
0 0.31009615384615385 0.5721153846153846 0.052884615384615384 0.04807692307692308
0 0.3870192307692308 0.5264423076923077 0.04807692307692308 0.0673076923076923
0 0.5096153846153846 0.546875 0.028846153846153848 0.036057692307692304
0 0.46634615384615385 0.5528846153846154 0.038461538461538464 0.052884615384615384
0 0.8521634615384616 0.5420673076923077 0.05048076923076923 0.07451923076923077
0 0.6466346153846154 0.6310096153846154 0.16826923076923078 0.21875
4 0.32211538461538464 0.5348557692307693 0.014423076923076924 0.040865384615384616
0 0.4362980769230769 0.46274038461538464 0.01201923076923077 0.01201923076923077
0 0.47716346153846156 0.4675480769230769 0.016826923076923076 0.016826923076923076
0 0.5252403846153846 0.47475961538461536 0.016826923076923076 0.016826923076923076
0 0.4543269230769231 0.4855769230769231 0.014423076923076924 0.019230769230769232
0 0.47716346153846156 0.4831730769230769 0.016826923076923076 0.019230769230769232
0 0.4855769230769231 0.4807692307692308 0.014423076923076924 0.019230769230769232
0 0.46634615384615385 0.5132211538461539 0.019230769230769232 0.026442307692307692
0 0.45913461538461536 0.5096153846153846 0.019230769230769232 0.02403846153846154
0 0.46634615384615385 0.5 0.019230769230769232 0.019230769230769232
0 0.4230769230769231 0.5480769230769231 0.03365384615384615 0.052884615384615384
0 0.44350961538461536 0.5480769230769231 0.026442307692307692 0.038461538461538464
0 0.4831730769230769 0.5300480769230769 0.028846153846153848 0.036057692307692304
0 0.6021634615384616 0.4723557692307692 0.03125 0.040865384615384616
0 0.6742788461538461 0.4987980769230769 0.016826923076923076 0.021634615384615384
4 0.9362980769230769 0.5360576923076923 0.01201923076923077 0.038461538461538464