0 0.48677884615384615 0.47475961538461536 0.016826923076923076 0.021634615384615384
0 0.47115384615384615 0.4723557692307692 0.014423076923076924 0.016826923076923076
0 0.3798076923076923 0.484375 0.02403846153846154 0.036057692307692304
2 0.9266826923076923 0.6310096153846154 0.0889423076923077 0.2764423076923077
0 0.30288461538461536 0.5024038461538461 0.09615384615384616 0.09134615384615384
0 0.6045673076923077 0.5060096153846154 0.07451923076923077 0.07451923076923077
0 0.4266826923076923 0.5036057692307693 0.05048076923076923 0.055288461538461536
0 0.234375 0.48677884615384615 0.055288461538461536 0.040865384615384616
0 0.43509615384615385 0.4735576923076923 0.038461538461538464 0.0673076923076923
0 0.5432692307692307 0.47475961538461536 0.07692307692307693 0.05048076923076923
0 0.7079326923076923 0.4879807692307692 0.055288461538461536 0.07211538461538461
0 0.8665865384615384 0.484375 0.13701923076923078 0.07932692307692307
0 0.9471153846153846 0.5180288461538461 0.10576923076923077 0.0985576923076923
0 0.9615384615384616 0.46033653846153844 0.07692307692307693 0.04567307692307692