0 0.5709134615384616 0.4723557692307692 0.016826923076923076 0.021634615384615384
0 0.47115384615384615 0.4723557692307692 0.019230769230769232 0.026442307692307692
0 0.20673076923076922 0.49158653846153844 0.038461538461538464 0.040865384615384616
0 0.6165865384615384 0.484375 0.03125 0.04567307692307692
0 0.234375 0.4891826923076923 0.040865384615384616 0.04567307692307692
0 0.5456730769230769 0.47836538461538464 0.02403846153846154 0.028846153846153848
0 0.9098557692307693 0.5997596153846154 0.1658653846153846 0.23798076923076922
0 0.2548076923076923 0.4879807692307692 0.02403846153846154 0.038461538461538464
0 0.1658653846153846 0.5288461538461539 0.07211538461538461 0.1201923076923077
0 0.7668269230769231 0.49038461538461536 0.052884615384615384 0.057692307692307696
0 0.6502403846153846 0.49399038461538464 0.03125 0.055288461538461536
0 0.59375 0.47475961538461536 0.02403846153846154 0.03125
0 0.5048076923076923 0.4639423076923077 0.009615384615384616 0.014423076923076924
0 0.5180288461538461 0.4651442307692308 0.021634615384615384 0.036057692307692304
0 0.5336538461538461 0.4651442307692308 0.014423076923076924 0.016826923076923076