0 0.7620192307692307 0.546875 0.08653846153846154 0.15144230769230768
0 0.5973557692307693 0.484375 0.036057692307692304 0.040865384615384616
0 0.6382211538461539 0.5012019230769231 0.055288461538461536 0.08413461538461539
0 0.4411057692307692 0.47596153846153844 0.026442307692307692 0.028846153846153848
0 0.9567307692307693 0.4879807692307692 0.04326923076923077 0.08653846153846154
0 0.9423076923076923 0.4266826923076923 0.057692307692307696 0.04567307692307692
0 0.5817307692307693 0.47596153846153844 0.02403846153846154 0.038461538461538464
0 0.021634615384615384 0.5420673076923077 0.04326923076923077 0.17067307692307693
0 0.5252403846153846 0.46153846153846156 0.01201923076923077 0.014423076923076924
0 0.49759615384615385 0.46274038461538464 0.009615384615384616 0.016826923076923076
0 0.5336538461538461 0.4723557692307692 0.014423076923076924 0.016826923076923076
0 0.5372596153846154 0.4639423076923077 0.01201923076923077 0.014423076923076924