4 0.38461538461538464 0.5336538461538461 0.014423076923076924 0.04326923076923077
0 0.40625 0.46153846153846156 0.014423076923076924 0.014423076923076924
0 0.7151442307692307 0.5084134615384616 0.026442307692307692 0.040865384615384616
0 0.109375 0.6009615384615384 0.07451923076923077 0.08653846153846154
4 0.9014423076923077 0.5360576923076923 0.009615384615384616 0.038461538461538464
0 0.7079326923076923 0.53125 0.026442307692307692 0.028846153846153848
0 0.5192307692307693 0.4891826923076923 0.038461538461538464 0.06490384615384616
4 0.9098557692307693 0.5360576923076923 0.01201923076923077 0.03365384615384615
0 0.6129807692307693 0.4879807692307692 0.019230769230769232 0.019230769230769232
4 0.9290865384615384 0.5408653846153846 0.01201923076923077 0.04326923076923077
0 0.5889423076923077 0.4891826923076923 0.019230769230769232 0.021634615384615384
0 0.4074519230769231 0.5420673076923077 0.036057692307692304 0.04567307692307692
0 0.6911057692307693 0.5228365384615384 0.021634615384615384 0.03125
0 0.3737980769230769 0.5709134615384616 0.06009615384615385 0.04567307692307692
0 0.6730769230769231 0.5096153846153846 0.02403846153846154 0.028846153846153848
0 0.8052884615384616 0.5408653846153846 0.028846153846153848 0.03365384615384615
0 0.7680288461538461 0.5276442307692307 0.05048076923076923 0.0889423076923077
0 0.27524038461538464 0.5456730769230769 0.14182692307692307 0.12980769230769232
0 0.11057692307692307 0.6009615384615384 0.07211538461538461 0.08653846153846154
0 0.7283653846153846 0.5853365384615384 0.0673076923076923 0.10817307692307693
0 0.8389423076923077 0.5877403846153846 0.052884615384615384 0.06971153846153846
0 0.6646634615384616 0.6009615384615384 0.08413461538461539 0.11057692307692307
0 0.4831730769230769 0.6033653846153846 0.09615384615384616 0.10576923076923077
0 0.1971153846153846 0.5540865384615384 0.052884615384615384 0.08413461538461539
0 0.7716346153846154 0.5084134615384616 0.052884615384615384 0.05048076923076923
0 0.46033653846153844 0.45913461538461536 0.021634615384615384 0.03365384615384615
0 0.4411057692307692 0.4651442307692308 0.01201923076923077 0.01201923076923077