0 0.4483173076923077 0.45552884615384615 0.016826923076923076 0.026442307692307692
0 0.5036057692307693 0.4543269230769231 0.016826923076923076 0.019230769230769232
0 0.31490384615384615 0.4651442307692308 0.028846153846153848 0.040865384615384616
0 0.36778846153846156 0.45913461538461536 0.019230769230769232 0.02403846153846154
2 0.6574519230769231 0.5192307692307693 0.04567307692307692 0.1201923076923077
4 0.3954326923076923 0.4519230769230769 0.007211538461538462 0.019230769230769232
4 0.41346153846153844 0.4519230769230769 0.009615384615384616 0.02403846153846154
0 0.41947115384615385 0.453125 0.01201923076923077 0.021634615384615384
0 0.42908653846153844 0.46153846153846156 0.021634615384615384 0.028846153846153848
0 0.4699519230769231 0.44711538461538464 0.007211538461538462 0.009615384615384616
0 0.47836538461538464 0.4483173076923077 0.009615384615384616 0.01201923076923077