0 0.5456730769230769 0.47716346153846156 0.019230769230769232 0.021634615384615384
2 0.6237980769230769 0.5120192307692307 0.026442307692307692 0.07211538461538461
0 0.4807692307692308 0.5012019230769231 0.04807692307692308 0.055288461538461536
0 0.19831730769230768 0.5637019230769231 0.14182692307692307 0.15144230769230768
0 0.32091346153846156 0.49759615384615385 0.055288461538461536 0.0625
4 0.40865384615384615 0.4735576923076923 0.009615384615384616 0.019230769230769232
0 0.4675480769230769 0.4699519230769231 0.016826923076923076 0.016826923076923076
0 0.453125 0.4699519230769231 0.01201923076923077 0.016826923076923076
0 0.4951923076923077 0.4699519230769231 0.014423076923076924 0.016826923076923076
0 0.5204326923076923 0.4651442307692308 0.01201923076923077 0.01201923076923077
0 0.5060096153846154 0.46634615384615385 0.007211538461538462 0.009615384615384616