0 0.43990384615384615 0.4266826923076923 0.014423076923076924 0.021634615384615384
0 0.44350961538461536 0.4639423076923077 0.01201923076923077 0.009615384615384616
0 0.5060096153846154 0.4699519230769231 0.016826923076923076 0.016826923076923076
4 0.921875 0.5396634615384616 0.016826923076923076 0.040865384615384616
0 0.7151442307692307 0.5324519230769231 0.026442307692307692 0.03125
0 0.6778846153846154 0.5024038461538461 0.019230769230769232 0.02403846153846154
0 0.6959134615384616 0.5576923076923077 0.040865384615384616 0.0625
0 0.65625 0.5372596153846154 0.03365384615384615 0.040865384615384616
0 0.5084134615384616 0.49278846153846156 0.021634615384615384 0.028846153846153848
0 0.09495192307692307 0.5625 0.11298076923076923 0.125
0 0.5300480769230769 0.5348557692307693 0.03125 0.036057692307692304
0 0.7800480769230769 0.5336538461538461 0.06009615384615385 0.10576923076923077
2 0.9338942307692307 0.6490384615384616 0.06490384615384616 0.1875
0 0.8473557692307693 0.5709134615384616 0.0985576923076923 0.15625
0 0.7199519230769231 0.5865384615384616 0.06971153846153846 0.10096153846153846
0 0.6346153846153846 0.5829326923076923 0.057692307692307696 0.07451923076923077
0 0.2776442307692308 0.5480769230769231 0.03125 0.038461538461538464
4 0.24639423076923078 0.5480769230769231 0.01201923076923077 0.04326923076923077
4 0.2512019230769231 0.5480769230769231 0.01201923076923077 0.038461538461538464
4 0.2644230769230769 0.5456730769230769 0.009615384615384616 0.038461538461538464
0 0.453125 0.46634615384615385 0.01201923076923077 0.014423076923076924
0 0.4723557692307692 0.4567307692307692 0.021634615384615384 0.038461538461538464
4 0.5889423076923077 0.4735576923076923 0.009615384615384616 0.019230769230769232
2 0.3894230769230769 0.7007211538461539 0.34615384615384615 0.5985576923076923