0 0.39302884615384615 0.47475961538461536 0.016826923076923076 0.026442307692307692
0 0.4519230769230769 0.47716346153846156 0.02403846153846154 0.03125
2 0.5721153846153846 0.484375 0.014423076923076924 0.040865384615384616
0 0.546875 0.4795673076923077 0.021634615384615384 0.026442307692307692
0 0.3737980769230769 0.4795673076923077 0.03125 0.04567307692307692
0 0.3004807692307692 0.4735576923076923 0.057692307692307696 0.07692307692307693
0 0.5276442307692307 0.46875 0.016826923076923076 0.02403846153846154
0 0.484375 0.4675480769230769 0.01201923076923077 0.016826923076923076
0 0.5036057692307693 0.4651442307692308 0.03125 0.055288461538461536
0 0.42427884615384615 0.4651442307692308 0.01201923076923077 0.026442307692307692
0 0.4375 0.4723557692307692 0.009615384615384616 0.016826923076923076
0 0.4699519230769231 0.45913461538461536 0.016826923076923076 0.019230769230769232