0 0.4411057692307692 0.4266826923076923 0.01201923076923077 0.016826923076923076
0 0.27884615384615385 0.546875 0.03365384615384615 0.036057692307692304
4 0.2920673076923077 0.546875 0.016826923076923076 0.040865384615384616
0 0.8425480769230769 0.5432692307692307 0.055288461538461536 0.08653846153846154
4 0.3076923076923077 0.5480769230769231 0.014423076923076924 0.038461538461538464
2 0.9122596153846154 0.5600961538461539 0.01201923076923077 0.038461538461538464
4 0.9002403846153846 0.5324519230769231 0.01201923076923077 0.036057692307692304
0 0.41225961538461536 0.4651442307692308 0.021634615384615384 0.036057692307692304
0 0.7728365384615384 0.5168269230769231 0.05048076923076923 0.08173076923076923
0 0.45552884615384615 0.47596153846153844 0.01201923076923077 0.019230769230769232
0 0.8040865384615384 0.5408653846153846 0.021634615384615384 0.03365384615384615
2 0.9579326923076923 0.5889423076923077 0.021634615384615384 0.057692307692307696
0 0.4375 0.4675480769230769 0.028846153846153848 0.04567307692307692
0 0.4855769230769231 0.48677884615384615 0.019230769230769232 0.021634615384615384
0 0.5793269230769231 0.5300480769230769 0.03365384615384615 0.04567307692307692
0 0.5288461538461539 0.5360576923076923 0.028846153846153848 0.03365384615384615
0 0.6935096153846154 0.5709134615384616 0.040865384615384616 0.04567307692307692
0 0.6225961538461539 0.6105769230769231 0.09134615384615384 0.10096153846153846
2 0.43509615384615385 0.4891826923076923 0.009615384615384616 0.026442307692307692
0 0.65625 0.5492788461538461 0.03365384615384615 0.040865384615384616
0 0.65625 0.53125 0.03365384615384615 0.03365384615384615
0 0.7115384615384616 0.5432692307692307 0.04807692307692308 0.057692307692307696
0 0.703125 0.5540865384615384 0.036057692307692304 0.04567307692307692
0 0.7704326923076923 0.5456730769230769 0.04567307692307692 0.04807692307692308
0 0.7776442307692307 0.5552884615384616 0.03125 0.038461538461538464
0 0.765625 0.5673076923076923 0.040865384615384616 0.052884615384615384
4 0.9447115384615384 0.5300480769230769 0.009615384615384616 0.026442307692307692