0 0.3293269230769231 0.45552884615384615 0.04326923076923077 0.040865384615384616
4 0.5408653846153846 0.4651442307692308 0.014423076923076924 0.03125
4 0.3641826923076923 0.4675480769230769 0.01201923076923077 0.03125
0 0.47115384615384615 0.46033653846153844 0.019230769230769232 0.021634615384615384
2 0.014423076923076924 0.5024038461538461 0.02403846153846154 0.0673076923076923
0 0.29927884615384615 0.4795673076923077 0.036057692307692304 0.040865384615384616
0 0.23918269230769232 0.4855769230769231 0.040865384615384616 0.04807692307692308
0 0.3401442307692308 0.5036057692307693 0.07451923076923077 0.07451923076923077
0 0.5793269230769231 0.49038461538461536 0.052884615384615384 0.057692307692307696
0 0.16706730769230768 0.5637019230769231 0.15625 0.15144230769230768
0 0.44350961538461536 0.4543269230769231 0.016826923076923076 0.014423076923076924
0 0.5288461538461539 0.4651442307692308 0.019230769230769232 0.026442307692307692
0 0.49759615384615385 0.45913461538461536 0.014423076923076924 0.019230769230769232
0 0.484375 0.4567307692307692 0.01201923076923077 0.014423076923076924
2 0.5120192307692307 0.46274038461538464 0.009615384615384616 0.03125