0 0.040865384615384616 0.5925480769230769 0.08173076923076923 0.10817307692307693
0 0.5228365384615384 0.48677884615384615 0.03125 0.055288461538461536
4 0.3233173076923077 0.5360576923076923 0.016826923076923076 0.038461538461538464
0 0.5456730769230769 0.46274038461538464 0.028846153846153848 0.040865384615384616
0 0.41947115384615385 0.4795673076923077 0.040865384615384616 0.040865384615384616
0 0.49038461538461536 0.5012019230769231 0.028846153846153848 0.04567307692307692
0 0.6454326923076923 0.484375 0.021634615384615384 0.03125
0 0.6213942307692307 0.4879807692307692 0.016826923076923076 0.019230769230769232
0 0.5456730769230769 0.5168269230769231 0.028846153846153848 0.04326923076923077
0 0.2800480769230769 0.5480769230769231 0.03125 0.038461538461538464
0 0.4338942307692308 0.5516826923076923 0.036057692307692304 0.036057692307692304
0 0.38461538461538464 0.546875 0.03365384615384615 0.040865384615384616
0 0.49038461538461536 0.5492788461538461 0.038461538461538464 0.05048076923076923
2 0.35697115384615385 0.5360576923076923 0.01201923076923077 0.03365384615384615
4 0.4050480769230769 0.4987980769230769 0.01201923076923077 0.026442307692307692
0 0.43990384615384615 0.4639423076923077 0.02403846153846154 0.014423076923076924
0 0.46634615384615385 0.4675480769230769 0.014423076923076924 0.01201923076923077
0 0.4699519230769231 0.48197115384615385 0.016826923076923076 0.016826923076923076
0 0.5264423076923077 0.5336538461538461 0.03365384615384615 0.038461538461538464
0 0.5108173076923077 0.4567307692307692 0.03125 0.038461538461538464
2 0.8377403846153846 0.5204326923076923 0.01201923076923077 0.036057692307692304
2 0.8449519230769231 0.5324519230769231 0.01201923076923077 0.036057692307692304
4 0.8533653846153846 0.5192307692307693 0.014423076923076924 0.03365384615384615
4 0.9423076923076923 0.5324519230769231 0.009615384615384616 0.03125
2 0.9002403846153846 0.5480769230769231 0.016826923076923076 0.038461538461538464