0 0.47836538461538464 0.45913461538461536 0.014423076923076924 0.019230769230769232
0 0.5793269230769231 0.4651442307692308 0.028846153846153848 0.03125
4 0.5925480769230769 0.46875 0.01201923076923077 0.03365384615384615
0 0.5276442307692307 0.46274038461538464 0.016826923076923076 0.021634615384615384
0 0.3076923076923077 0.4807692307692308 0.052884615384615384 0.08653846153846154
0 0.43990384615384615 0.48677884615384615 0.04807692307692308 0.055288461538461536
0 0.24759615384615385 0.4891826923076923 0.04807692307692308 0.05048076923076923
0 0.6430288461538461 0.4987980769230769 0.06009615384615385 0.06490384615384616
0 0.3858173076923077 0.5072115384615384 0.07451923076923077 0.08173076923076923
0 0.1622596153846154 0.5024038461538461 0.06490384615384616 0.0673076923076923
0 0.5504807692307693 0.46153846153846156 0.014423076923076924 0.019230769230769232
4 0.6586538461538461 0.4699519230769231 0.014423076923076924 0.040865384615384616
0 0.4963942307692308 0.45913461538461536 0.007211538461538462 0.009615384615384616