4 0.5853365384615384 0.4723557692307692 0.01201923076923077 0.03125
4 0.45072115384615385 0.4855769230769231 0.01201923076923077 0.04807692307692308
2 0.18870192307692307 0.4987980769230769 0.026442307692307692 0.05048076923076923
0 0.5192307692307693 0.47115384615384615 0.014423076923076924 0.019230769230769232
0 0.5612980769230769 0.4831730769230769 0.026442307692307692 0.028846153846153848
0 0.4795673076923077 0.4795673076923077 0.026442307692307692 0.03125
0 0.31971153846153844 0.4831730769230769 0.028846153846153848 0.028846153846153848
0 0.8161057692307693 0.6009615384615384 0.18509615384615385 0.1875
4 0.6694711538461539 0.4735576923076923 0.01201923076923077 0.03365384615384615
0 0.5625 0.47596153846153844 0.028846153846153848 0.03365384615384615
0 0.5024038461538461 0.4699519230769231 0.014423076923076924 0.01201923076923077
0 0.5336538461538461 0.47115384615384615 0.014423076923076924 0.014423076923076924
0 0.45072115384615385 0.4567307692307692 0.021634615384615384 0.038461538461538464
0 0.4675480769230769 0.4579326923076923 0.016826923076923076 0.03125
0 0.3870192307692308 0.48197115384615385 0.019230769230769232 0.021634615384615384