0 0.33653846153846156 0.4699519230769231 0.028846153846153848 0.026442307692307692
0 0.29086538461538464 0.6009615384615384 0.4807692307692308 0.2644230769230769
4 0.9230769230769231 0.5036057692307693 0.038461538461538464 0.14182692307692307
0 0.5961538461538461 0.49158653846153844 0.052884615384615384 0.06009615384615385
0 0.28365384615384615 0.42908653846153844 0.09615384615384616 0.12740384615384615
4 0.35697115384615385 0.46274038461538464 0.007211538461538462 0.021634615384615384
4 0.36899038461538464 0.46274038461538464 0.007211538461538462 0.021634615384615384
4 0.3737980769230769 0.46274038461538464 0.007211538461538462 0.021634615384615384
0 0.41586538461538464 0.4579326923076923 0.028846153846153848 0.036057692307692304
0 0.5973557692307693 0.4639423076923077 0.036057692307692304 0.03365384615384615
4 0.6189903846153846 0.4639423076923077 0.01201923076923077 0.038461538461538464
0 0.46033653846153844 0.4567307692307692 0.016826923076923076 0.014423076923076924
0 0.4735576923076923 0.4567307692307692 0.009615384615384616 0.009615384615384616
0 0.5024038461538461 0.46033653846153844 0.014423076923076924 0.01201923076923077
0 0.5240384615384616 0.46033653846153844 0.019230769230769232 0.016826923076923076