0 0.6213942307692307 0.484375 0.06490384615384616 0.055288461538461536
0 0.7548076923076923 0.5612980769230769 0.02403846153846154 0.03125
0 0.3629807692307692 0.47475961538461536 0.019230769230769232 0.036057692307692304
0 0.4230769230769231 0.4735576923076923 0.02403846153846154 0.02403846153846154
0 0.6466346153846154 0.6201923076923077 0.23557692307692307 0.2932692307692308
0 0.23317307692307693 0.5721153846153846 0.19230769230769232 0.20192307692307693
0 0.37740384615384615 0.47475961538461536 0.028846153846153848 0.026442307692307692
4 0.45072115384615385 0.46875 0.007211538461538462 0.019230769230769232
0 0.4675480769230769 0.46634615384615385 0.016826923076923076 0.014423076923076924
0 0.546875 0.47115384615384615 0.01201923076923077 0.014423076923076924
0 0.5637019230769231 0.4699519230769231 0.01201923076923077 0.016826923076923076
0 0.5228365384615384 0.46634615384615385 0.01201923076923077 0.014423076923076924