4 0.3125 0.4699519230769231 0.014423076923076924 0.03125
0 0.14302884615384615 0.4987980769230769 0.07451923076923077 0.06009615384615385
0 0.3870192307692308 0.4639423076923077 0.014423076923076924 0.019230769230769232
0 0.3329326923076923 0.46634615384615385 0.021634615384615384 0.028846153846153848
0 0.515625 0.46033653846153844 0.021634615384615384 0.026442307692307692
0 0.36778846153846156 0.46634615384615385 0.02403846153846154 0.02403846153846154
4 0.17908653846153846 0.47836538461538464 0.01201923076923077 0.03365384615384615
0 0.5877403846153846 0.49399038461538464 0.07451923076923077 0.09375
0 0.4387019230769231 0.4855769230769231 0.055288461538461536 0.0673076923076923
0 0.7752403846153846 0.6334134615384616 0.2620192307692308 0.30528846153846156
0 0.6358173076923077 0.5540865384615384 0.09375 0.12740384615384615
4 0.5444711538461539 0.4651442307692308 0.007211538461538462 0.026442307692307692
4 0.4651442307692308 0.46634615384615385 0.01201923076923077 0.028846153846153848