4 0.6742788461538461 0.4639423076923077 0.01201923076923077 0.028846153846153848
0 0.3629807692307692 0.48677884615384615 0.0625 0.05048076923076923
4 0.25961538461538464 0.48197115384615385 0.014423076923076924 0.036057692307692304
0 0.6418269230769231 0.4651442307692308 0.02403846153846154 0.03125
0 0.31850961538461536 0.4891826923076923 0.05048076923076923 0.06490384615384616
0 0.9675480769230769 0.6911057692307693 0.06009615384615385 0.25721153846153844
0 0.609375 0.47716346153846156 0.03125 0.040865384615384616
0 0.5240384615384616 0.5168269230769231 0.09134615384615384 0.125
0 0.7800480769230769 0.5120192307692307 0.10817307692307693 0.125
4 0.4182692307692308 0.4735576923076923 0.009615384615384616 0.028846153846153848
4 0.4230769230769231 0.4675480769230769 0.004807692307692308 0.021634615384615384
4 0.40865384615384615 0.47115384615384615 0.009615384615384616 0.028846153846153848
0 0.44711538461538464 0.4639423076923077 0.038461538461538464 0.052884615384615384
4 0.6514423076923077 0.4699519230769231 0.009615384615384616 0.026442307692307692
4 0.5769230769230769 0.4675480769230769 0.009615384615384616 0.021634615384615384