4 0.5240384615384616 0.4651442307692308 0.009615384615384616 0.026442307692307692
0 0.5024038461538461 0.46153846153846156 0.019230769230769232 0.02403846153846154
0 0.359375 0.4651442307692308 0.026442307692307692 0.03125
0 0.6875 0.5204326923076923 0.1346153846153846 0.15625
4 0.10096153846153846 0.4807692307692308 0.014423076923076924 0.04807692307692308
4 0.2668269230769231 0.4675480769230769 0.009615384615384616 0.03125
0 0.29447115384615385 0.46153846153846156 0.04567307692307692 0.0625
0 0.39302884615384615 0.4639423076923077 0.01201923076923077 0.014423076923076924
0 0.40625 0.46153846153846156 0.014423076923076924 0.014423076923076924
4 0.5432692307692307 0.46153846153846156 0.009615384615384616 0.028846153846153848
4 0.6177884615384616 0.4723557692307692 0.009615384615384616 0.06009615384615385
0 0.44471153846153844 0.4879807692307692 0.052884615384615384 0.08173076923076923
0 0.47475961538461536 0.4879807692307692 0.026442307692307692 0.057692307692307696
0 0.4795673076923077 0.4675480769230769 0.021634615384615384 0.036057692307692304
4 0.4963942307692308 0.46033653846153844 0.007211538461538462 0.021634615384615384