0 0.39783653846153844 0.4831730769230769 0.021634615384615384 0.019230769230769232
4 0.27283653846153844 0.4879807692307692 0.016826923076923076 0.03365384615384615
4 0.05889423076923077 0.5012019230769231 0.016826923076923076 0.040865384615384616
4 0.25961538461538464 0.4831730769230769 0.014423076923076924 0.028846153846153848
4 0.5504807692307693 0.4855769230769231 0.014423076923076924 0.03365384615384615
0 0.49158653846153844 0.49158653846153844 0.036057692307692304 0.05048076923076923
0 0.22235576923076922 0.4987980769230769 0.06009615384615385 0.055288461538461536
0 0.859375 0.6021634615384616 0.28125 0.2956730769230769
4 0.5733173076923077 0.4807692307692308 0.007211538461538462 0.03365384615384615
4 0.6586538461538461 0.49158653846153844 0.019230769230769232 0.06009615384615385
0 0.5324519230769231 0.48197115384615385 0.016826923076923076 0.026442307692307692
0 0.20673076923076922 0.4831730769230769 0.08653846153846154 0.10096153846153846
4 0.28725961538461536 0.4879807692307692 0.01201923076923077 0.038461538461538464