0 0.7391826923076923 0.5 0.016826923076923076 0.019230769230769232
0 0.8461538461538461 0.5204326923076923 0.052884615384615384 0.06490384615384616
0 0.3713942307692308 0.5408653846153846 0.06490384615384616 0.08173076923076923
0 0.02283653846153846 0.5132211538461539 0.04567307692307692 0.24759615384615385
0 0.6310096153846154 0.5745192307692307 0.07932692307692307 0.10096153846153846
0 0.6322115384615384 0.48677884615384615 0.028846153846153848 0.05048076923076923
0 0.6826923076923077 0.5180288461538461 0.02403846153846154 0.03125
2 0.9651442307692307 0.5985576923076923 0.021634615384615384 0.0625
0 0.09975961538461539 0.5637019230769231 0.10817307692307693 0.16105769230769232
0 0.7139423076923077 0.4951923076923077 0.03365384615384615 0.04807692307692308
0 0.7391826923076923 0.515625 0.021634615384615384 0.026442307692307692
0 0.40625 0.5841346153846154 0.052884615384615384 0.057692307692307696
0 0.546875 0.546875 0.04567307692307692 0.05048076923076923
0 0.45913461538461536 0.5396634615384616 0.07692307692307693 0.09375
2 0.7055288461538461 0.7043269230769231 0.13221153846153846 0.3557692307692308
0 0.5625 0.6177884615384616 0.10576923076923077 0.11057692307692307
0 0.2932692307692308 0.625 0.20192307692307693 0.20673076923076922
0 0.19471153846153846 0.4735576923076923 0.07211538461538461 0.052884615384615384
0 0.19230769230769232 0.5564903846153846 0.10096153846153846 0.14182692307692307
0 0.4639423076923077 0.4651442307692308 0.014423076923076924 0.021634615384615384
0 0.5048076923076923 0.5360576923076923 0.03365384615384615 0.052884615384615384
0 0.5240384615384616 0.53125 0.019230769230769232 0.038461538461538464
0 0.5048076923076923 0.47475961538461536 0.014423076923076924 0.01201923076923077
0 0.5216346153846154 0.4723557692307692 0.014423076923076924 0.021634615384615384
0 0.546875 0.4831730769230769 0.016826923076923076 0.019230769230769232
0 0.5528846153846154 0.47836538461538464 0.014423076923076924 0.019230769230769232
0 0.5757211538461539 0.48197115384615385 0.016826923076923076 0.016826923076923076
0 0.5817307692307693 0.48677884615384615 0.014423076923076924 0.021634615384615384
0 0.5889423076923077 0.4963942307692308 0.019230769230769232 0.021634615384615384
4 0.6899038461538461 0.4855769230769231 0.009615384615384616 0.02403846153846154
0 0.8617788461538461 0.5276442307692307 0.05048076923076923 0.06490384615384616