0 0.5228365384615384 0.4699519230769231 0.021634615384615384 0.021634615384615384
0 0.43990384615384615 0.4699519230769231 0.02403846153846154 0.026442307692307692
4 0.11177884615384616 0.48197115384615385 0.016826923076923076 0.055288461538461536
4 0.04927884615384615 0.4795673076923077 0.016826923076923076 0.05048076923076923
4 0.8701923076923077 0.5132211538461539 0.04326923076923077 0.15625
4 0.5961538461538461 0.47716346153846156 0.014423076923076924 0.055288461538461536
4 0.07211538461538461 0.48197115384615385 0.019230769230769232 0.06009615384615385
0 0.33653846153846156 0.5564903846153846 0.14903846153846154 0.14182692307692307
4 0.4963942307692308 0.46875 0.016826923076923076 0.038461538461538464
4 0.6262019230769231 0.4963942307692308 0.03125 0.05048076923076923
2 0.6225961538461539 0.5540865384615384 0.04326923076923077 0.13701923076923078
4 0.90625 0.515625 0.04326923076923077 0.1466346153846154
4 0.07572115384615384 0.48677884615384615 0.01201923076923077 0.05048076923076923
4 0.08413461538461539 0.4855769230769231 0.014423076923076924 0.057692307692307696
2 0.2536057692307692 0.47716346153846156 0.01201923076923077 0.036057692307692304