0 0.4675480769230769 0.4795673076923077 0.026442307692307692 0.03125
0 0.5192307692307693 0.4807692307692308 0.038461538461538464 0.057692307692307696
0 0.38341346153846156 0.5805288461538461 0.18028846153846154 0.17548076923076922
4 0.8245192307692307 0.4795673076923077 0.019230769230769232 0.06971153846153846
4 0.8341346153846154 0.47836538461538464 0.019230769230769232 0.07692307692307693
0 0.5769230769230769 0.4831730769230769 0.028846153846153848 0.03365384615384615
0 0.5769230769230769 0.46634615384615385 0.038461538461538464 0.02403846153846154
4 0.5973557692307693 0.4891826923076923 0.016826923076923076 0.05048076923076923
4 0.6105769230769231 0.5060096153846154 0.02403846153846154 0.07451923076923077
0 0.5132211538461539 0.4699519230769231 0.06490384615384616 0.03125
0 0.45552884615384615 0.46634615384615385 0.026442307692307692 0.03365384615384615
0 0.33413461538461536 0.484375 0.03365384615384615 0.036057692307692304
0 0.359375 0.47115384615384615 0.036057692307692304 0.028846153846153848
2 0.10697115384615384 0.5012019230769231 0.07932692307692307 0.07932692307692307