4 0.9338942307692307 0.5408653846153846 0.01201923076923077 0.04326923076923077
0 0.41225961538461536 0.46875 0.016826923076923076 0.019230769230769232
2 0.8413461538461539 0.5300480769230769 0.014423076923076924 0.03125
0 0.43509615384615385 0.4699519230769231 0.02403846153846154 0.040865384615384616
0 0.5901442307692307 0.5240384615384616 0.2860576923076923 0.49038461538461536
0 0.4519230769230769 0.48677884615384615 0.019230769230769232 0.021634615384615384
0 0.3641826923076923 0.5420673076923077 0.036057692307692304 0.040865384615384616
0 0.7620192307692307 0.5072115384615384 0.038461538461538464 0.0625
0 0.2091346153846154 0.6742788461538461 0.3942307692307692 0.3870192307692308
0 0.42908653846153844 0.5516826923076923 0.036057692307692304 0.040865384615384616
0 0.38341346153846156 0.6153846153846154 0.0889423076923077 0.125
0 0.38341346153846156 0.5564903846153846 0.040865384615384616 0.03125
2 0.41346153846153844 0.5012019230769231 0.019230769230769232 0.036057692307692304