0 0.4387019230769231 0.46875 0.03125 0.038461538461538464
4 0.5685096153846154 0.46875 0.01201923076923077 0.04326923076923077
0 0.49278846153846156 0.43990384615384615 0.08173076923076923 0.1875
0 0.3798076923076923 0.47836538461538464 0.04807692307692308 0.0673076923076923
0 0.2848557692307692 0.4831730769230769 0.055288461538461536 0.0625
0 0.15144230769230768 0.48197115384615385 0.014423076923076924 0.016826923076923076
0 0.1778846153846154 0.4831730769230769 0.02403846153846154 0.038461538461538464
0 0.18990384615384615 0.4735576923076923 0.019230769230769232 0.028846153846153848
0 0.13221153846153846 0.47716346153846156 0.02403846153846154 0.026442307692307692
0 0.11298076923076923 0.4795673076923077 0.028846153846153848 0.040865384615384616
0 0.0829326923076923 0.4699519230769231 0.040865384615384616 0.040865384615384616
0 0.021634615384615384 0.47596153846153844 0.04326923076923077 0.038461538461538464