4 0.41466346153846156 0.4639423076923077 0.01201923076923077 0.04326923076923077
0 0.028846153846153848 0.47596153846153844 0.057692307692307696 0.038461538461538464
0 0.38461538461538464 0.4951923076923077 0.04326923076923077 0.0625
0 0.34975961538461536 0.5024038461538461 0.07451923076923077 0.08653846153846154
0 0.2692307692307692 0.47836538461538464 0.052884615384615384 0.038461538461538464
0 0.48677884615384615 0.4699519230769231 0.08413461538461539 0.05048076923076923
0 0.6574519230769231 0.6286057692307693 0.27163461538461536 0.3004807692307692
0 0.26802884615384615 0.5805288461538461 0.2091346153846154 0.18990384615384615
2 0.5673076923076923 0.4963942307692308 0.02403846153846154 0.06971153846153846
4 0.6033653846153846 0.4639423076923077 0.014423076923076924 0.04807692307692308
4 0.4519230769230769 0.44591346153846156 0.009615384615384616 0.026442307692307692
4 0.4639423076923077 0.44591346153846156 0.009615384615384616 0.021634615384615384
4 0.47596153846153844 0.44711538461538464 0.009615384615384616 0.019230769230769232
4 0.5336538461538461 0.4495192307692308 0.009615384615384616 0.028846153846153848
0 0.17307692307692307 0.4675480769230769 0.09615384615384616 0.06009615384615385
0 0.18629807692307693 0.49158653846153844 0.06490384615384616 0.055288461538461536
0 0.109375 0.5 0.07932692307692307 0.0673076923076923
4 0.09975961538461539 0.46274038461538464 0.01201923076923077 0.021634615384615384
4 0.5444711538461539 0.4495192307692308 0.007211538461538462 0.019230769230769232