4 0.5120192307692307 0.46033653846153844 0.014423076923076924 0.021634615384615384
4 0.3737980769230769 0.4807692307692308 0.01201923076923077 0.038461538461538464
0 0.40865384615384615 0.5384615384615384 0.08173076923076923 0.10096153846153846
0 0.06610576923076923 0.5108173076923077 0.07932692307692307 0.06009615384615385
0 0.16105769230769232 0.4987980769230769 0.0673076923076923 0.055288461538461536
0 0.31490384615384615 0.515625 0.08173076923076923 0.08413461538461539
0 0.4723557692307692 0.6033653846153846 0.17548076923076922 0.20192307692307693
0 0.6538461538461539 0.5564903846153846 0.1201923076923077 0.12259615384615384
4 0.038461538461538464 0.48197115384615385 0.014423076923076924 0.04567307692307692
4 0.027644230769230768 0.484375 0.01201923076923077 0.040865384615384616
0 0.25961538461538464 0.49158653846153844 0.057692307692307696 0.040865384615384616
4 0.5288461538461539 0.4639423076923077 0.009615384615384616 0.02403846153846154
4 0.5372596153846154 0.47475961538461536 0.01201923076923077 0.04567307692307692
4 0.42908653846153844 0.4579326923076923 0.01201923076923077 0.021634615384615384
4 0.46875 0.45552884615384615 0.009615384615384616 0.026442307692307692
4 0.6069711538461539 0.4639423076923077 0.01201923076923077 0.038461538461538464