0 0.48197115384615385 0.46153846153846156 0.026442307692307692 0.028846153846153848
0 0.7043269230769231 0.5264423076923077 0.028846153846153848 0.028846153846153848
0 0.5072115384615384 0.4699519230769231 0.014423076923076924 0.016826923076923076
0 0.5228365384615384 0.47596153846153844 0.016826923076923076 0.019230769230769232
0 0.22235576923076922 0.48677884615384615 0.44471153846153844 0.9014423076923077
0 0.6526442307692307 0.5096153846153846 0.021634615384615384 0.02403846153846154
0 0.5588942307692307 0.4795673076923077 0.016826923076923076 0.021634615384615384
0 0.46875 0.5685096153846154 0.09615384615384616 0.16105769230769232
0 0.7331730769230769 0.5048076923076923 0.019230769230769232 0.02403846153846154
0 0.5817307692307693 0.47836538461538464 0.028846153846153848 0.04326923076923077
0 0.6802884615384616 0.5228365384615384 0.02403846153846154 0.026442307692307692
0 0.5649038461538461 0.5096153846153846 0.02403846153846154 0.028846153846153848
0 0.6538461538461539 0.5348557692307693 0.028846153846153848 0.03125
0 0.7872596153846154 0.5204326923076923 0.08413461538461539 0.12259615384615384
0 0.6935096153846154 0.5685096153846154 0.040865384615384616 0.055288461538461536
0 0.8689903846153846 0.5841346153846154 0.05048076923076923 0.07692307692307693
0 0.5084134615384616 0.6129807692307693 0.12740384615384615 0.14423076923076922
0 0.44591346153846156 0.4639423076923077 0.01201923076923077 0.014423076923076924
0 0.6021634615384616 0.49399038461538464 0.016826923076923076 0.021634615384615384
0 0.6213942307692307 0.4855769230769231 0.016826923076923076 0.019230769230769232
0 0.6466346153846154 0.49399038461538464 0.014423076923076924 0.021634615384615384
0 0.6310096153846154 0.4951923076923077 0.021634615384615384 0.038461538461538464
0 0.6670673076923077 0.5120192307692307 0.021634615384615384 0.02403846153846154
0 0.6971153846153846 0.5060096153846154 0.03365384615384615 0.036057692307692304
0 0.7079326923076923 0.546875 0.03125 0.040865384615384616
0 0.7848557692307693 0.6286057692307693 0.12259615384615384 0.13221153846153846