0 0.4483173076923077 0.4675480769230769 0.021634615384615384 0.026442307692307692
4 0.7331730769230769 0.4795673076923077 0.014423076923076924 0.04567307692307692
4 0.6478365384615384 0.47475961538461536 0.01201923076923077 0.036057692307692304
0 0.5060096153846154 0.44711538461538464 0.016826923076923076 0.02403846153846154
0 0.5913461538461539 0.4170673076923077 0.02403846153846154 0.026442307692307692
0 0.5516826923076923 0.4375 0.016826923076923076 0.019230769230769232
0 0.030048076923076924 0.49759615384615385 0.06009615384615385 0.04807692307692308
0 0.5697115384615384 0.43149038461538464 0.014423076923076924 0.016826923076923076
0 0.5865384615384616 0.45552884615384615 0.019230769230769232 0.021634615384615384
2 0.7247596153846154 0.5300480769230769 0.036057692307692304 0.12740384615384615
2 0.6346153846153846 0.49399038461538464 0.014423076923076924 0.06009615384615385
0 0.5168269230769231 0.47716346153846156 0.028846153846153848 0.03125
2 0.5588942307692307 0.49278846153846156 0.026442307692307692 0.0673076923076923
0 0.0625 0.45913461538461536 0.1201923076923077 0.11538461538461539
0 0.14903846153846154 0.4795673076923077 0.02403846153846154 0.03125
0 0.21033653846153846 0.47596153846153844 0.05048076923076923 0.052884615384615384
0 0.24759615384615385 0.47836538461538464 0.04326923076923077 0.04326923076923077
0 0.30528846153846156 0.4735576923076923 0.038461538461538464 0.04326923076923077
0 0.328125 0.47596153846153844 0.03125 0.03365384615384615
0 0.3713942307692308 0.46875 0.03125 0.038461538461538464
0 0.4206730769230769 0.4675480769230769 0.03365384615384615 0.036057692307692304
4 0.44591346153846156 0.4495192307692308 0.007211538461538462 0.02403846153846154
0 0.5264423076923077 0.45072115384615385 0.019230769230769232 0.021634615384615384
0 0.6165865384615384 0.4206730769230769 0.01201923076923077 0.014423076923076924
0 0.6129807692307693 0.4675480769230769 0.02403846153846154 0.036057692307692304
0 0.6237980769230769 0.4483173076923077 0.016826923076923076 0.021634615384615384
2 0.6382211538461539 0.4579326923076923 0.016826923076923076 0.021634615384615384