0 0.9663461538461539 0.6165865384615384 0.04326923076923077 0.0889423076923077
0 0.4411057692307692 0.4639423076923077 0.01201923076923077 0.014423076923076924
0 0.4110576923076923 0.47596153846153844 0.014423076923076924 0.02403846153846154
2 0.5853365384615384 0.5336538461538461 0.021634615384615384 0.04326923076923077
0 0.6262019230769231 0.4987980769230769 0.021634615384615384 0.026442307692307692
0 0.5745192307692307 0.47115384615384615 0.019230769230769232 0.028846153846153848
0 0.71875 0.5084134615384616 0.028846153846153848 0.036057692307692304
2 0.3918269230769231 0.5240384615384616 0.014423076923076924 0.038461538461538464
0 0.7367788461538461 0.5060096153846154 0.016826923076923076 0.021634615384615384
0 0.49759615384615385 0.5060096153846154 0.02403846153846154 0.03125
0 0.27884615384615385 0.5480769230769231 0.03365384615384615 0.038461538461538464
0 0.7716346153846154 0.5745192307692307 0.038461538461538464 0.04807692307692308
0 0.5829326923076923 0.6189903846153846 0.10817307692307693 0.10817307692307693
4 0.03485576923076923 0.5721153846153846 0.016826923076923076 0.052884615384615384
4 0.051682692307692304 0.5709134615384616 0.021634615384615384 0.055288461538461536
4 0.2283653846153846 0.5528846153846154 0.014423076923076924 0.04326923076923077
4 0.34134615384615385 0.5240384615384616 0.009615384615384616 0.03365384615384615
0 0.45913461538461536 0.46634615384615385 0.009615384615384616 0.009615384615384616
0 0.4699519230769231 0.46634615384615385 0.01201923076923077 0.014423076923076924
0 0.4807692307692308 0.45913461538461536 0.028846153846153848 0.038461538461538464