0 0.5685096153846154 0.45552884615384615 0.021634615384615384 0.026442307692307692
0 0.3894230769230769 0.46875 0.02403846153846154 0.02403846153846154
2 0.625 0.47836538461538464 0.014423076923076924 0.04807692307692308
0 0.42908653846153844 0.46033653846153844 0.021634615384615384 0.021634615384615384
4 0.8497596153846154 0.4951923076923077 0.03125 0.09615384615384616
0 0.47475961538461536 0.4519230769230769 0.026442307692307692 0.028846153846153848
2 0.6490384615384616 0.48197115384615385 0.014423076923076924 0.05048076923076923
2 0.6682692307692307 0.4723557692307692 0.014423076923076924 0.036057692307692304
2 0.7079326923076923 0.5096153846153846 0.026442307692307692 0.08653846153846154
0 0.04447115384615385 0.47836538461538464 0.0889423076923077 0.09615384615384616
0 0.23076923076923078 0.47836538461538464 0.04807692307692308 0.052884615384615384
0 0.3245192307692308 0.453125 0.08173076923076923 0.12259615384615384
4 0.4182692307692308 0.44591346153846156 0.009615384615384616 0.03125
0 0.5192307692307693 0.4206730769230769 0.02403846153846154 0.03365384615384615
0 0.5769230769230769 0.4254807692307692 0.014423076923076924 0.014423076923076924
0 0.59375 0.41346153846153844 0.02403846153846154 0.028846153846153848
0 0.6370192307692307 0.44591346153846156 0.02403846153846154 0.026442307692307692
0 0.65625 0.421875 0.014423076923076924 0.016826923076923076
0 0.7151442307692307 0.4230769230769231 0.016826923076923076 0.019230769230769232