0 0.5108173076923077 0.4098557692307692 0.016826923076923076 0.021634615384615384
0 0.5925480769230769 0.4026442307692308 0.021634615384615384 0.03125
2 0.6490384615384616 0.46274038461538464 0.014423076923076924 0.036057692307692304
2 0.6971153846153846 0.49158653846153844 0.038461538461538464 0.06009615384615385
0 0.06370192307692307 0.47475961538461536 0.12740384615384615 0.3245192307692308
0 0.24158653846153846 0.43509615384615385 0.06490384615384616 0.038461538461538464
2 0.6262019230769231 0.4879807692307692 0.016826923076923076 0.052884615384615384
0 0.38100961538461536 0.4483173076923077 0.026442307692307692 0.026442307692307692
0 0.16105769230769232 0.48677884615384615 0.04807692307692308 0.055288461538461536
0 0.2620192307692308 0.5168269230769231 0.10576923076923077 0.13942307692307693
0 0.2091346153846154 0.5024038461538461 0.02403846153846154 0.07692307692307693
4 0.2824519230769231 0.44471153846153844 0.01201923076923077 0.03365384615384615
0 0.3942307692307692 0.41947115384615385 0.02403846153846154 0.040865384615384616
0 0.4495192307692308 0.421875 0.028846153846153848 0.05048076923076923
0 0.5456730769230769 0.3954326923076923 0.028846153846153848 0.036057692307692304
0 0.5480769230769231 0.4098557692307692 0.014423076923076924 0.016826923076923076
0 0.5805288461538461 0.40384615384615385 0.007211538461538462 0.014423076923076924
0 0.6081730769230769 0.3918269230769231 0.014423076923076924 0.02403846153846154
0 0.6213942307692307 0.3954326923076923 0.01201923076923077 0.01201923076923077
2 0.625 0.45913461538461536 0.009615384615384616 0.028846153846153848