0 0.34975961538461536 0.421875 0.055288461538461536 0.07451923076923077
0 0.5564903846153846 0.39783653846153844 0.016826923076923076 0.016826923076923076
0 0.22355769230769232 0.45072115384615385 0.10096153846153846 0.13221153846153846
2 0.6262019230769231 0.4735576923076923 0.016826923076923076 0.04326923076923077
0 0.5192307692307693 0.40384615384615385 0.014423076923076924 0.019230769230769232
4 0.8185096153846154 0.4987980769230769 0.03125 0.05048076923076923
0 0.38100961538461536 0.4338942307692308 0.016826923076923076 0.026442307692307692
0 0.3173076923076923 0.4411057692307692 0.02403846153846154 0.036057692307692304
0 0.44711538461538464 0.4110576923076923 0.028846153846153848 0.04326923076923077
0 0.546875 0.45072115384615385 0.040865384615384616 0.06971153846153846
0 0.4579326923076923 0.45552884615384615 0.03125 0.036057692307692304
0 0.4014423076923077 0.4807692307692308 0.052884615384615384 0.0673076923076923
0 0.4951923076923077 0.46033653846153844 0.028846153846153848 0.040865384615384616
0 0.3245192307692308 0.5300480769230769 0.1201923076923077 0.13221153846153846
0 0.7295673076923077 0.5456730769230769 0.24278846153846154 0.11538461538461539
0 0.21394230769230768 0.5060096153846154 0.09134615384615384 0.0985576923076923
0 0.1622596153846154 0.4495192307692308 0.05048076923076923 0.0673076923076923
0 0.5925480769230769 0.39663461538461536 0.01201923076923077 0.009615384615384616
2 0.6334134615384616 0.4411057692307692 0.01201923076923077 0.03125
2 0.6526442307692307 0.45552884615384615 0.01201923076923077 0.040865384615384616
0 0.2776442307692308 0.46634615384615385 0.016826923076923076 0.052884615384615384