0 0.41947115384615385 0.4699519230769231 0.016826923076923076 0.026442307692307692
0 0.4795673076923077 0.4795673076923077 0.016826923076923076 0.021634615384615384
4 0.22956730769230768 0.5540865384615384 0.021634615384615384 0.05048076923076923
0 0.40625 0.46875 0.014423076923076924 0.019230769230769232
0 0.4651442307692308 0.4963942307692308 0.016826923076923076 0.021634615384615384
0 0.8701923076923077 0.5408653846153846 0.019230769230769232 0.038461538461538464
2 0.6850961538461539 0.49158653846153844 0.009615384615384616 0.016826923076923076
4 0.9194711538461539 0.5360576923076923 0.01201923076923077 0.03365384615384615
0 0.4338942307692308 0.49158653846153844 0.016826923076923076 0.021634615384615384
0 0.4735576923076923 0.5336538461538461 0.028846153846153848 0.038461538461538464
0 0.4951923076923077 0.5168269230769231 0.02403846153846154 0.028846153846153848
0 0.5540865384615384 0.5024038461538461 0.021634615384615384 0.028846153846153848
0 0.7355769230769231 0.5036057692307693 0.019230769230769232 0.021634615384615384
0 0.5745192307692307 0.5120192307692307 0.02403846153846154 0.028846153846153848
0 0.6550480769230769 0.5276442307692307 0.06009615384615385 0.040865384615384616
0 0.5841346153846154 0.5372596153846154 0.028846153846153848 0.036057692307692304
0 0.45552884615384615 0.5204326923076923 0.021634615384615384 0.026442307692307692
0 0.5276442307692307 0.5336538461538461 0.03125 0.038461538461538464
0 0.27884615384615385 0.5480769230769231 0.028846153846153848 0.038461538461538464
0 0.6189903846153846 0.5697115384615384 0.036057692307692304 0.052884615384615384
0 0.8245192307692307 0.5480769230769231 0.03365384615384615 0.03365384615384615
0 0.7752403846153846 0.5300480769230769 0.055288461538461536 0.0889423076923077
0 0.6598557692307693 0.5721153846153846 0.055288461538461536 0.08173076923076923
4 0.05889423076923077 0.5697115384615384 0.021634615384615384 0.057692307692307696
2 0.3942307692307692 0.5180288461538461 0.009615384615384616 0.03125
4 0.4026442307692308 0.5216346153846154 0.01201923076923077 0.028846153846153848
2 0.4074519230769231 0.5084134615384616 0.01201923076923077 0.026442307692307692
0 0.4519230769230769 0.47596153846153844 0.028846153846153848 0.04326923076923077
0 0.4807692307692308 0.4987980769230769 0.019230769230769232 0.026442307692307692
0 0.515625 0.49278846153846156 0.026442307692307692 0.03365384615384615
0 0.5204326923076923 0.5012019230769231 0.021634615384615384 0.026442307692307692
0 0.5408653846153846 0.5084134615384616 0.019230769230769232 0.026442307692307692
0 0.5300480769230769 0.5144230769230769 0.026442307692307692 0.028846153846153848
0 0.5372596153846154 0.49278846153846156 0.021634615384615384 0.02403846153846154
0 0.7139423076923077 0.5552884615384616 0.03365384615384615 0.038461538461538464
0 0.6995192307692307 0.5348557692307693 0.028846153846153848 0.036057692307692304
0 0.7055288461538461 0.546875 0.03125 0.04567307692307692
0 0.7259615384615384 0.5420673076923077 0.014423076923076924 0.03125
0 0.8293269230769231 0.5324519230769231 0.04326923076923077 0.06009615384615385