0 0.42427884615384615 0.4074519230769231 0.026442307692307692 0.026442307692307692
0 0.5853365384615384 0.41466346153846156 0.021634615384615384 0.026442307692307692
0 0.44591346153846156 0.43149038461538464 0.026442307692307692 0.040865384615384616
0 0.5168269230769231 0.4182692307692308 0.019230769230769232 0.02403846153846154
4 0.2247596153846154 0.4254807692307692 0.01201923076923077 0.028846153846153848
2 0.6430288461538461 0.4423076923076923 0.01201923076923077 0.04326923076923077
0 0.39903846153846156 0.43509615384615385 0.028846153846153848 0.028846153846153848
2 0.6081730769230769 0.44350961538461536 0.009615384615384616 0.04567307692307692
0 0.11177884615384616 0.5012019230769231 0.22355769230769232 0.6754807692307693
0 0.3449519230769231 0.4254807692307692 0.021634615384615384 0.02403846153846154
0 0.4963942307692308 0.4387019230769231 0.03125 0.036057692307692304
0 0.20793269230769232 0.48677884615384615 0.04567307692307692 0.06971153846153846
0 0.5324519230769231 0.44591346153846156 0.036057692307692304 0.040865384615384616
0 0.4050480769230769 0.4735576923076923 0.06009615384615385 0.052884615384615384
4 0.23317307692307693 0.42908653846153844 0.009615384615384616 0.036057692307692304
0 0.4651442307692308 0.4254807692307692 0.026442307692307692 0.03365384615384615
0 0.5 0.40024038461538464 0.028846153846153848 0.05048076923076923
0 0.5048076923076923 0.421875 0.02403846153846154 0.026442307692307692
0 0.5456730769230769 0.41947115384615385 0.02403846153846154 0.026442307692307692
0 0.6009615384615384 0.4026442307692308 0.02403846153846154 0.04567307692307692
4 0.6201923076923077 0.41586538461538464 0.009615384615384616 0.028846153846153848
4 0.6298076923076923 0.41586538461538464 0.009615384615384616 0.028846153846153848