4 0.7740384615384616 0.5024038461538461 0.009615384615384616 0.019230769230769232
0 0.44350961538461536 0.4639423076923077 0.01201923076923077 0.014423076923076924
2 0.6225961538461539 0.4831730769230769 0.009615384615384616 0.019230769230769232
0 0.4951923076923077 0.46153846153846156 0.02403846153846154 0.028846153846153848
0 0.4795673076923077 0.484375 0.016826923076923076 0.021634615384615384
2 0.05048076923076923 0.703125 0.10096153846153846 0.4831730769230769
0 0.7740384615384616 0.5252403846153846 0.02403846153846154 0.026442307692307692
0 0.4110576923076923 0.5144230769230769 0.019230769230769232 0.028846153846153848
0 0.5649038461538461 0.48677884615384615 0.019230769230769232 0.016826923076923076
0 0.7355769230769231 0.5048076923076923 0.019230769230769232 0.02403846153846154
0 0.6502403846153846 0.5048076923076923 0.021634615384615384 0.02403846153846154
0 0.453125 0.5072115384615384 0.036057692307692304 0.052884615384615384
0 0.7752403846153846 0.5637019230769231 0.055288461538461536 0.07932692307692307
0 0.42908653846153844 0.5721153846153846 0.05048076923076923 0.038461538461538464
0 0.6850961538461539 0.6033653846153846 0.07692307692307693 0.09134615384615384
0 0.17427884615384615 0.6310096153846154 0.34375 0.40625
0 0.49278846153846156 0.6117788461538461 0.08653846153846154 0.09375
0 0.8605769230769231 0.7115384615384616 0.27884615384615385 0.3269230769230769
4 0.3942307692307692 0.5084134615384616 0.009615384615384616 0.03125
0 0.47596153846153844 0.4675480769230769 0.009615384615384616 0.01201923076923077
0 0.453125 0.4651442307692308 0.01201923076923077 0.01201923076923077
0 0.5853365384615384 0.4795673076923077 0.01201923076923077 0.016826923076923076