0 0.5144230769230769 0.47475961538461536 0.019230769230769232 0.021634615384615384
0 0.390625 0.5288461538461539 0.021634615384615384 0.038461538461538464
0 0.49158653846153844 0.46274038461538464 0.026442307692307692 0.03125
0 0.7632211538461539 0.5300480769230769 0.026442307692307692 0.040865384615384616
0 0.5348557692307693 0.5120192307692307 0.026442307692307692 0.03365384615384615
0 0.46274038461538464 0.5048076923076923 0.021634615384615384 0.02403846153846154
0 0.27884615384615385 0.5480769230769231 0.03365384615384615 0.038461538461538464
0 0.6514423076923077 0.5384615384615384 0.028846153846153848 0.038461538461538464
0 0.3401442307692308 0.5360576923076923 0.07932692307692307 0.08173076923076923
0 0.4795673076923077 0.5649038461538461 0.04567307692307692 0.038461538461538464
0 0.1622596153846154 0.5901442307692307 0.13221153846153846 0.22355769230769232
0 0.7115384615384616 0.5649038461538461 0.11538461538461539 0.16346153846153846
0 0.0733173076923077 0.6322115384615384 0.1466346153846154 0.3125
0 0.9014423076923077 0.6538461538461539 0.15865384615384615 0.17307692307692307
0 0.4411057692307692 0.46274038461538464 0.01201923076923077 0.01201923076923077
0 0.453125 0.4651442307692308 0.01201923076923077 0.01201923076923077
2 0.5252403846153846 0.4735576923076923 0.007211538461538462 0.019230769230769232
2 0.5300480769230769 0.4723557692307692 0.007211538461538462 0.016826923076923076
0 0.5456730769230769 0.4735576923076923 0.009615384615384616 0.019230769230769232