2 0.828125 0.5300480769230769 0.016826923076923076 0.03125
0 0.7644230769230769 0.5228365384615384 0.04807692307692308 0.07451923076923077
0 0.7175480769230769 0.5588942307692307 0.03125 0.055288461538461536
0 0.21514423076923078 0.6141826923076923 0.13221153846153846 0.14182692307692307
0 0.7644230769230769 0.5733173076923077 0.038461538461538464 0.055288461538461536
0 0.8617788461538461 0.5949519230769231 0.05048076923076923 0.055288461538461536
4 0.03365384615384615 0.5685096153846154 0.019230769230769232 0.055288461538461536
4 0.23677884615384615 0.5444711538461539 0.01201923076923077 0.026442307692307692
4 0.24759615384615385 0.5432692307692307 0.014423076923076924 0.02403846153846154
4 0.2283653846153846 0.5420673076923077 0.009615384615384616 0.021634615384615384
0 0.2704326923076923 0.6033653846153846 0.0889423076923077 0.23557692307692307
0 0.5096153846153846 0.5540865384615384 0.40384615384615385 0.4831730769230769