0 0.21514423076923078 0.5096153846153846 0.040865384615384616 0.03365384615384615
0 0.2127403846153846 0.4951923076923077 0.036057692307692304 0.028846153846153848
0 0.609375 0.4735576923076923 0.040865384615384616 0.08653846153846154
2 0.6670673076923077 0.49399038461538464 0.01201923076923077 0.036057692307692304
2 0.6814903846153846 0.49399038461538464 0.01201923076923077 0.036057692307692304
0 0.24879807692307693 0.49399038461538464 0.05048076923076923 0.05048076923076923
2 0.7307692307692307 0.5108173076923077 0.02403846153846154 0.055288461538461536
0 0.040865384615384616 0.6237980769230769 0.08173076923076923 0.34375
0 0.5697115384615384 0.4723557692307692 0.0673076923076923 0.11298076923076923
0 0.28125 0.5252403846153846 0.08173076923076923 0.07932692307692307
2 0.7007211538461539 0.5697115384615384 0.06490384615384616 0.16346153846153846
0 0.7728365384615384 0.5504807692307693 0.09375 0.11057692307692307
0 0.43509615384615385 0.49278846153846156 0.22115384615384615 0.3076923076923077
0 0.8557692307692307 0.5853365384615384 0.15384615384615385 0.1466346153846154
0 0.1502403846153846 0.5516826923076923 0.12259615384615384 0.11298076923076923
4 0.06971153846153846 0.5024038461538461 0.019230769230769232 0.038461538461538464
0 0.2764423076923077 0.47596153846153844 0.04807692307692308 0.04326923076923077
0 0.6298076923076923 0.49038461538461536 0.019230769230769232 0.03365384615384615