0 0.5637019230769231 0.4807692307692308 0.11298076923076923 0.16826923076923078
2 0.8425480769230769 0.5480769230769231 0.05048076923076923 0.1201923076923077
4 0.7896634615384616 0.49158653846153844 0.026442307692307692 0.04567307692307692
0 0.6442307692307693 0.515625 0.028846153846153848 0.026442307692307692
4 0.7415865384615384 0.4987980769230769 0.01201923076923077 0.05048076923076923
2 0.7848557692307693 0.5625 0.06971153846153846 0.15384615384615385
0 0.2536057692307692 0.5216346153846154 0.06009615384615385 0.08653846153846154
0 0.33774038461538464 0.5024038461538461 0.11778846153846154 0.20673076923076922
0 0.4170673076923077 0.5240384615384616 0.06009615384615385 0.08173076923076923
0 0.140625 0.578125 0.19951923076923078 0.25240384615384615
0 0.44591346153846156 0.5060096153846154 0.036057692307692304 0.040865384615384616
0 0.4879807692307692 0.5096153846153846 0.038461538461538464 0.04326923076923077
0 0.5072115384615384 0.5012019230769231 0.02403846153846154 0.036057692307692304
0 0.4795673076923077 0.484375 0.040865384615384616 0.03125
3 0.5728125 0.30396634615384616 0.031033653846153846 0.07026442307692307
3 0.4454086538461538 0.29735576923076923 0.03266826923076923 0.061057692307692306