0 0.5757211538461539 0.5276442307692307 0.036057692307692304 0.03125
4 0.6358173076923077 0.5348557692307693 0.01201923076923077 0.036057692307692304
0 0.47836538461538464 0.5300480769230769 0.028846153846153848 0.036057692307692304
0 0.27884615384615385 0.5480769230769231 0.028846153846153848 0.038461538461538464
0 0.7115384615384616 0.5408653846153846 0.028846153846153848 0.03365384615384615
0 0.6586538461538461 0.5408653846153846 0.03365384615384615 0.038461538461538464
0 0.7524038461538461 0.5060096153846154 0.03365384615384615 0.05048076923076923
0 0.4098557692307692 0.5913461538461539 0.1466346153846154 0.1778846153846154
0 0.8461538461538461 0.5745192307692307 0.09134615384615384 0.14423076923076922
0 0.1201923076923077 0.6105769230769231 0.16346153846153846 0.17307692307692307
4 0.38100961538461536 0.49759615384615385 0.01201923076923077 0.028846153846153848
0 0.4026442307692308 0.46634615384615385 0.01201923076923077 0.03365384615384615
0 0.41225961538461536 0.5048076923076923 0.016826923076923076 0.019230769230769232
0 0.43149038461538464 0.4831730769230769 0.03125 0.038461538461538464
0 0.42427884615384615 0.45913461538461536 0.026442307692307692 0.028846153846153848
0 0.4495192307692308 0.4831730769230769 0.014423076923076924 0.019230769230769232
0 0.46033653846153844 0.4807692307692308 0.01201923076923077 0.019230769230769232
0 0.46033653846153844 0.46274038461538464 0.021634615384615384 0.016826923076923076
0 0.4831730769230769 0.5072115384615384 0.038461538461538464 0.07211538461538461
0 0.4795673076923077 0.47115384615384615 0.01201923076923077 0.014423076923076924
0 0.4879807692307692 0.46875 0.009615384615384616 0.014423076923076924
0 0.5036057692307693 0.5096153846153846 0.016826923076923076 0.0673076923076923
0 0.5288461538461539 0.5324519230769231 0.028846153846153848 0.036057692307692304
0 0.5324519230769231 0.5096153846153846 0.04567307692307692 0.07692307692307693
4 0.6454326923076923 0.5348557692307693 0.01201923076923077 0.036057692307692304
4 0.6826923076923077 0.5360576923076923 0.009615384615384616 0.038461538461538464
4 0.6887019230769231 0.5348557692307693 0.01201923076923077 0.036057692307692304
4 0.9435096153846154 0.5324519230769231 0.01201923076923077 0.03125