0 0.12379807692307693 0.5576923076923077 0.1466346153846154 0.15865384615384615
0 0.5540865384615384 0.47836538461538464 0.016826923076923076 0.019230769230769232
0 0.5144230769230769 0.47716346153846156 0.014423076923076924 0.016826923076923076
0 0.4699519230769231 0.46875 0.016826923076923076 0.014423076923076924
0 0.4387019230769231 0.4639423076923077 0.01201923076923077 0.014423076923076924
0 0.6466346153846154 0.484375 0.028846153846153848 0.036057692307692304
0 0.625 0.5072115384615384 0.02403846153846154 0.028846153846153848
0 0.2512019230769231 0.578125 0.05048076923076923 0.04567307692307692
0 0.40384615384615385 0.5132211538461539 0.019230769230769232 0.026442307692307692
0 0.8461538461538461 0.5697115384615384 0.03365384615384615 0.04326923076923077
0 0.6923076923076923 0.5673076923076923 0.03365384615384615 0.03365384615384615
0 0.43149038461538464 0.5709134615384616 0.040865384615384616 0.036057692307692304
0 0.8293269230769231 0.5204326923076923 0.04807692307692308 0.08413461538461539
0 0.6622596153846154 0.5300480769230769 0.026442307692307692 0.040865384615384616
0 0.037259615384615384 0.6033653846153846 0.07451923076923077 0.09134615384615384
0 0.6550480769230769 0.5817307692307693 0.06009615384615385 0.0673076923076923
0 0.47475961538461536 0.5348557692307693 0.07932692307692307 0.10817307692307693
0 0.7668269230769231 0.5853365384615384 0.04807692307692308 0.05048076923076923
0 0.6105769230769231 0.5985576923076923 0.0673076923076923 0.0673076923076923
0 0.8641826923076923 0.5901442307692307 0.04567307692307692 0.055288461538461536
0 0.6947115384615384 0.6141826923076923 0.07211538461538461 0.07932692307692307
0 0.5480769230769231 0.6069711538461539 0.08173076923076923 0.0889423076923077
0 0.32211538461538464 0.5492788461538461 0.11057692307692307 0.12259615384615384
0 0.4495192307692308 0.4651442307692308 0.009615384615384616 0.01201923076923077
0 0.4579326923076923 0.46634615384615385 0.01201923076923077 0.009615384615384616
0 0.49278846153846156 0.47115384615384615 0.014423076923076924 0.014423076923076924
0 0.5072115384615384 0.46875 0.014423076923076924 0.019230769230769232
0 0.53125 0.47115384615384615 0.014423076923076924 0.028846153846153848
0 0.5661057692307693 0.4795673076923077 0.021634615384615384 0.026442307692307692
0 0.5817307692307693 0.48197115384615385 0.014423076923076924 0.016826923076923076
0 0.59375 0.48677884615384615 0.019230769230769232 0.026442307692307692
0 0.6959134615384616 0.5108173076923077 0.016826923076923076 0.026442307692307692
0 0.6947115384615384 0.5288461538461539 0.014423076923076924 0.03365384615384615
0 0.7199519230769231 0.5240384615384616 0.040865384615384616 0.08173076923076923
0 0.7427884615384616 0.5096153846153846 0.04326923076923077 0.0673076923076923
0 0.7860576923076923 0.5300480769230769 0.028846153846153848 0.03125
0 0.78125 0.5540865384615384 0.03365384615384615 0.03125
0 0.7896634615384616 0.578125 0.036057692307692304 0.040865384615384616