0 0.7139423076923077 0.5372596153846154 0.028846153846153848 0.036057692307692304
4 0.9074519230769231 0.5360576923076923 0.01201923076923077 0.038461538461538464
0 0.6057692307692307 0.6069711538461539 0.028846153846153848 0.06971153846153846
4 0.36899038461538464 0.5420673076923077 0.016826923076923076 0.04567307692307692
0 0.6358173076923077 0.5036057692307693 0.021634615384615384 0.026442307692307692
0 0.7475961538461539 0.5132211538461539 0.02403846153846154 0.026442307692307692
0 0.2536057692307692 0.5504807692307693 0.09375 0.10096153846153846
0 0.7091346153846154 0.5540865384615384 0.03365384615384615 0.040865384615384616
0 0.8425480769230769 0.5288461538461539 0.055288461538461536 0.09615384615384616
0 0.49158653846153844 0.5180288461538461 0.24759615384615385 0.37740384615384615
4 0.3269230769230769 0.5336538461538461 0.014423076923076924 0.04326923076923077
0 0.6189903846153846 0.4963942307692308 0.016826923076923076 0.021634615384615384
0 0.6189903846153846 0.4735576923076923 0.026442307692307692 0.04807692307692308
0 0.6574519230769231 0.5012019230769231 0.016826923076923076 0.021634615384615384
0 0.6730769230769231 0.49759615384615385 0.019230769230769232 0.019230769230769232
0 0.6634615384615384 0.5096153846153846 0.02403846153846154 0.02403846153846154
0 0.6899038461538461 0.5084134615384616 0.019230769230769232 0.021634615384615384
0 0.7007211538461539 0.5036057692307693 0.016826923076923076 0.021634615384615384
0 0.7788461538461539 0.5396634615384616 0.038461538461538464 0.036057692307692304
0 0.7800480769230769 0.5612980769230769 0.055288461538461536 0.06971153846153846