0 0.08413461538461539 0.48197115384615385 0.052884615384615384 0.055288461538461536
0 0.31850961538461536 0.4651442307692308 0.016826923076923076 0.021634615384615384
0 0.02403846153846154 0.4723557692307692 0.04807692307692308 0.10336538461538461
0 0.3942307692307692 0.4567307692307692 0.038461538461538464 0.057692307692307696
0 0.9435096153846154 0.4675480769230769 0.09375 0.055288461538461536
0 0.42788461538461536 0.453125 0.038461538461538464 0.06009615384615385
0 0.34615384615384615 0.4723557692307692 0.038461538461538464 0.04567307692307692
0 0.6045673076923077 0.5 0.11778846153846154 0.08653846153846154
0 0.2283653846153846 0.5024038461538461 0.07692307692307693 0.08653846153846154
0 0.1502403846153846 0.4675480769230769 0.03125 0.040865384615384616
0 0.18389423076923078 0.4639423076923077 0.036057692307692304 0.04326923076923077