0 0.43028846153846156 0.4723557692307692 0.014423076923076924 0.026442307692307692
0 0.6526442307692307 0.5024038461538461 0.016826923076923076 0.02403846153846154
4 0.9038461538461539 0.5300480769230769 0.014423076923076924 0.040865384615384616
0 0.46033653846153844 0.48677884615384615 0.016826923076923076 0.021634615384615384
4 0.29927884615384615 0.5456730769230769 0.01201923076923077 0.038461538461538464
4 0.22355769230769232 0.5576923076923077 0.014423076923076924 0.04326923076923077
0 0.7151442307692307 0.5372596153846154 0.026442307692307692 0.03125
4 0.5012019230769231 0.5372596153846154 0.016826923076923076 0.040865384615384616
0 0.6658653846153846 0.4951923076923077 0.019230769230769232 0.02403846153846154
0 0.7524038461538461 0.5 0.03365384615384615 0.0625
0 0.7103365384615384 0.5084134615384616 0.03125 0.040865384615384616
0 0.4951923076923077 0.5132211538461539 0.02403846153846154 0.036057692307692304
4 0.4543269230769231 0.5348557692307693 0.014423076923076924 0.040865384615384616
0 0.27884615384615385 0.5480769230769231 0.028846153846153848 0.038461538461538464
0 0.6887019230769231 0.5060096153846154 0.021634615384615384 0.03125
0 0.7800480769230769 0.5300480769230769 0.05048076923076923 0.0985576923076923
0 0.7548076923076923 0.5889423076923077 0.052884615384615384 0.0625
0 0.5925480769230769 0.5552884615384616 0.13221153846153846 0.19230769230769232
4 0.03485576923076923 0.5685096153846154 0.021634615384615384 0.06009615384615385
4 0.3088942307692308 0.5480769230769231 0.01201923076923077 0.038461538461538464
4 0.3245192307692308 0.5348557692307693 0.009615384615384616 0.036057692307692304
4 0.38221153846153844 0.5060096153846154 0.009615384615384616 0.026442307692307692
0 0.39663461538461536 0.4987980769230769 0.02403846153846154 0.026442307692307692
0 0.43149038461538464 0.4579326923076923 0.026442307692307692 0.026442307692307692
0 0.41586538461538464 0.4675480769230769 0.014423076923076924 0.016826923076923076
0 0.4074519230769231 0.47836538461538464 0.016826923076923076 0.02403846153846154
2 0.44591346153846156 0.5132211538461539 0.01201923076923077 0.03125
0 0.4579326923076923 0.46634615384615385 0.01201923076923077 0.014423076923076924
0 0.44711538461538464 0.4735576923076923 0.014423076923076924 0.019230769230769232
0 0.47475961538461536 0.49399038461538464 0.021634615384615384 0.03125
0 0.47716346153846156 0.47836538461538464 0.016826923076923076 0.028846153846153848
0 0.49759615384615385 0.4723557692307692 0.014423076923076924 0.016826923076923076
0 0.5144230769230769 0.47596153846153844 0.014423076923076924 0.014423076923076924
0 0.5084134615384616 0.4855769230769231 0.01201923076923077 0.019230769230769232
0 0.5132211538461539 0.49399038461538464 0.016826923076923076 0.026442307692307692
0 0.5192307692307693 0.5 0.014423076923076924 0.02403846153846154
0 0.5252403846153846 0.5048076923076923 0.01201923076923077 0.028846153846153848
0 0.6947115384615384 0.5456730769230769 0.02403846153846154 0.03365384615384615
0 0.7055288461538461 0.5564903846153846 0.03125 0.05048076923076923