0 0.4855769230769231 0.4579326923076923 0.028846153846153848 0.036057692307692304
0 0.4483173076923077 0.46033653846153844 0.016826923076923076 0.016826923076923076
4 0.8689903846153846 0.5408653846153846 0.01201923076923077 0.03365384615384615
0 0.9158653846153846 0.5817307692307693 0.0673076923076923 0.07692307692307693
0 0.5060096153846154 0.4675480769230769 0.01201923076923077 0.016826923076923076
4 0.22355769230769232 0.5564903846153846 0.014423076923076924 0.05048076923076923
2 0.35336538461538464 0.5360576923076923 0.014423076923076924 0.038461538461538464
0 0.2800480769230769 0.5480769230769231 0.03125 0.038461538461538464
0 0.47475961538461536 0.5360576923076923 0.03125 0.038461538461538464
0 0.8305288461538461 0.5649038461538461 0.036057692307692304 0.038461538461538464
0 0.7235576923076923 0.5769230769230769 0.18269230769230768 0.24519230769230768
0 0.6033653846153846 0.5985576923076923 0.07211538461538461 0.08173076923076923
0 0.4074519230769231 0.6105769230769231 0.06971153846153846 0.10096153846153846
0 0.8521634615384616 0.6201923076923077 0.07451923076923077 0.08173076923076923
0 0.13581730769230768 0.6201923076923077 0.1658653846153846 0.13942307692307693
0 0.4855769230769231 0.6165865384615384 0.125 0.14182692307692307
4 0.051682692307692304 0.5685096153846154 0.026442307692307692 0.06009615384615385
0 0.4543269230769231 0.4651442307692308 0.009615384615384616 0.01201923076923077
0 0.4483173076923077 0.4639423076923077 0.007211538461538462 0.009615384615384616
0 0.4651442307692308 0.47596153846153844 0.016826923076923076 0.03365384615384615
0 0.8305288461538461 0.5228365384615384 0.026442307692307692 0.04567307692307692
4 0.8810096153846154 0.5252403846153846 0.01201923076923077 0.036057692307692304
4 0.9903846153846154 0.5637019230769231 0.014423076923076924 0.05048076923076923