4 0.6682692307692307 0.3858173076923077 0.009615384615384616 0.036057692307692304
0 0.8377403846153846 0.5432692307692307 0.06009615384615385 0.10096153846153846
4 0.9290865384615384 0.5336538461538461 0.01201923076923077 0.038461538461538464
0 0.7704326923076923 0.5276442307692307 0.04567307692307692 0.07932692307692307
0 0.27884615384615385 0.5480769230769231 0.03365384615384615 0.038461538461538464
0 0.875 0.5901442307692307 0.052884615384615384 0.055288461538461536
0 0.40865384615384615 0.4963942307692308 0.22115384615384615 0.41586538461538464
0 0.10697115384615384 0.6105769230769231 0.1466346153846154 0.1346153846153846
0 0.6213942307692307 0.5612980769230769 0.2620192307692308 0.3581730769230769
4 0.027644230769230768 0.5625 0.016826923076923076 0.04807692307692308
4 0.052884615384615384 0.5612980769230769 0.019230769230769232 0.05048076923076923
4 0.2091346153846154 0.5516826923076923 0.014423076923076924 0.04567307692307692
4 0.21875 0.5528846153846154 0.014423076923076924 0.04807692307692308