4 0.19471153846153846 0.5 0.009615384615384616 0.028846153846153848
4 0.6694711538461539 0.484375 0.01201923076923077 0.03125
0 0.3329326923076923 0.4675480769230769 0.04567307692307692 0.06009615384615385
4 0.6466346153846154 0.484375 0.009615384615384616 0.03125
0 0.03485576923076923 0.5649038461538461 0.06971153846153846 0.1346153846153846
0 0.038461538461538464 0.5216346153846154 0.07692307692307693 0.09134615384615384
0 0.45072115384615385 0.49038461538461536 0.026442307692307692 0.03365384615384615
0 0.12259615384615384 0.5036057692307693 0.052884615384615384 0.05048076923076923
0 0.27283653846153844 0.49038461538461536 0.026442307692307692 0.04326923076923077
0 0.234375 0.49759615384615385 0.040865384615384616 0.04326923076923077
0 0.21634615384615385 0.4963942307692308 0.02403846153846154 0.036057692307692304
4 0.48197115384615385 0.49399038461538464 0.01201923076923077 0.026442307692307692