0 0.4519230769230769 0.49278846153846156 0.028846153846153848 0.04326923076923077
0 0.5180288461538461 0.47115384615384615 0.016826923076923076 0.019230769230769232
2 0.8918269230769231 0.5600961538461539 0.019230769230769232 0.04326923076923077
0 0.16947115384615385 0.5805288461538461 0.06971153846153846 0.06009615384615385
0 0.08774038461538461 0.5925480769230769 0.06971153846153846 0.06490384615384616
0 0.27884615384615385 0.546875 0.03365384615384615 0.036057692307692304
0 0.5697115384615384 0.5408653846153846 0.03365384615384615 0.038461538461538464
0 0.49399038461538464 0.5168269230769231 0.03125 0.04326923076923077
0 0.4338942307692308 0.5673076923076923 0.05048076923076923 0.04326923076923077
0 0.6670673076923077 0.5625 0.06490384615384616 0.10576923076923077
0 0.8088942307692307 0.5588942307692307 0.15144230769230768 0.2283653846153846
0 0.5552884615384616 0.6141826923076923 0.11538461538461539 0.12259615384615384
0 0.7295673076923077 0.6466346153846154 0.15144230769230768 0.14903846153846154
4 0.051682692307692304 0.5661057692307693 0.021634615384615384 0.05048076923076923
4 0.20552884615384615 0.5504807692307693 0.01201923076923077 0.04326923076923077
4 0.23197115384615385 0.5516826923076923 0.016826923076923076 0.04567307692307692
4 0.38221153846153844 0.5036057692307693 0.009615384615384616 0.026442307692307692
0 0.5360576923076923 0.4675480769230769 0.02403846153846154 0.026442307692307692
0 0.46153846153846156 0.46634615384615385 0.009615384615384616 0.009615384615384616
0 0.47836538461538464 0.4651442307692308 0.009615384615384616 0.01201923076923077
0 0.484375 0.46875 0.01201923076923077 0.014423076923076924
2 0.6418269230769231 0.4855769230769231 0.009615384615384616 0.019230769230769232
0 0.7043269230769231 0.5324519230769231 0.057692307692307696 0.0985576923076923
0 0.7331730769230769 0.5048076923076923 0.03365384615384615 0.0625