0 0.38461538461538464 0.5240384615384616 0.014423076923076924 0.019230769230769232
0 0.21995192307692307 0.5228365384615384 0.03125 0.04567307692307692
4 0.7692307692307693 0.5096153846153846 0.009615384615384616 0.028846153846153848
4 0.4338942307692308 0.5228365384615384 0.01201923076923077 0.021634615384615384
0 0.40625 0.5240384615384616 0.014423076923076924 0.019230769230769232
4 0.7463942307692307 0.5096153846153846 0.01201923076923077 0.028846153846153848
0 0.25 0.5180288461538461 0.04326923076923077 0.04567307692307692
0 0.5372596153846154 0.5228365384615384 0.036057692307692304 0.040865384615384616
0 0.18269230769230768 0.5228365384615384 0.0625 0.06009615384615385
0 0.734375 0.5901442307692307 0.13701923076923078 0.1466346153846154
0 0.028846153846153848 0.5384615384615384 0.038461538461538464 0.052884615384615384
0 0.0625 0.5384615384615384 0.0625 0.07211538461538461
4 0.4495192307692308 0.5240384615384616 0.009615384615384616 0.02403846153846154
4 0.5576923076923077 0.5204326923076923 0.009615384615384616 0.026442307692307692