2 0.34615384615384615 0.4795673076923077 0.019230769230769232 0.03125
0 0.4831730769230769 0.4483173076923077 0.02403846153846154 0.03125
4 0.03245192307692308 0.5829326923076923 0.021634615384615384 0.07932692307692307
0 0.3713942307692308 0.44591346153846156 0.021634615384615384 0.03125
2 0.9026442307692307 0.5204326923076923 0.016826923076923076 0.036057692307692304
0 0.4579326923076923 0.45072115384615385 0.016826923076923076 0.021634615384615384
0 0.4855769230769231 0.4411057692307692 0.028846153846153848 0.04567307692307692
0 0.375 0.6033653846153846 0.0673076923076923 0.08653846153846154
0 0.14783653846153846 0.5733173076923077 0.040865384615384616 0.05048076923076923
0 0.546875 0.4639423076923077 0.021634615384615384 0.02403846153846154
0 0.41586538461538464 0.44591346153846156 0.019230769230769232 0.021634615384615384
0 0.38822115384615385 0.453125 0.026442307692307692 0.036057692307692304
0 0.3545673076923077 0.47115384615384615 0.021634615384615384 0.028846153846153848
0 0.6021634615384616 0.44711538461538464 0.040865384615384616 0.0625
0 0.4362980769230769 0.4675480769230769 0.026442307692307692 0.03125
0 0.5408653846153846 0.6009615384615384 0.11538461538461539 0.21153846153846154
0 0.4266826923076923 0.5480769230769231 0.07451923076923077 0.10096153846153846
0 0.7596153846153846 0.5661057692307693 0.1346153846153846 0.24759615384615385
0 0.9447115384615384 0.6213942307692307 0.07211538461538461 0.08413461538461539
0 0.8473557692307693 0.6466346153846154 0.11298076923076923 0.1778846153846154
0 0.2247596153846154 0.6538461538461539 0.17548076923076922 0.23557692307692307
0 0.28966346153846156 0.5264423076923077 0.016826923076923076 0.04807692307692308
4 0.3161057692307692 0.49038461538461536 0.01201923076923077 0.03365384615384615
0 0.30528846153846156 0.45552884615384615 0.019230769230769232 0.026442307692307692
0 0.34975961538461536 0.4483173076923077 0.016826923076923076 0.026442307692307692
0 0.43509615384615385 0.44350961538461536 0.019230769230769232 0.026442307692307692
0 0.8389423076923077 0.5204326923076923 0.052884615384615384 0.10336538461538461