4 0.6538461538461539 0.4483173076923077 0.009615384615384616 0.026442307692307692
0 0.5348557692307693 0.4206730769230769 0.016826923076923076 0.028846153846153848
0 0.41346153846153844 0.4387019230769231 0.014423076923076924 0.016826923076923076
0 0.2860576923076923 0.4579326923076923 0.038461538461538464 0.040865384615384616
0 0.07692307692307693 0.47115384615384615 0.10096153846153846 0.0625
0 0.5612980769230769 0.46153846153846156 0.036057692307692304 0.04326923076923077
0 0.234375 0.47475961538461536 0.11298076923076923 0.055288461538461536
0 0.4651442307692308 0.4362980769230769 0.016826923076923076 0.021634615384615384
0 0.7415865384615384 0.4963942307692308 0.06971153846153846 0.07451923076923077
0 0.6382211538461539 0.5 0.07932692307692307 0.08173076923076923
0 0.9435096153846154 0.7199519230769231 0.11298076923076923 0.3870192307692308
0 0.8221153846153846 0.5649038461538461 0.20192307692307693 0.20192307692307693
0 0.5048076923076923 0.5252403846153846 0.1201923076923077 0.17548076923076922
0 0.15745192307692307 0.45913461538461536 0.06490384615384616 0.08653846153846154
4 0.3293269230769231 0.4362980769230769 0.009615384615384616 0.021634615384615384
0 0.3389423076923077 0.4375 0.019230769230769232 0.019230769230769232
0 0.3786057692307692 0.42788461538461536 0.021634615384615384 0.02403846153846154
0 0.40625 0.4266826923076923 0.009615384615384616 0.016826923076923076
0 0.44711538461538464 0.41346153846153844 0.009615384615384616 0.014423076923076924
0 0.45552884615384615 0.4182692307692308 0.01201923076923077 0.014423076923076924
0 0.47475961538461536 0.421875 0.01201923076923077 0.016826923076923076
0 0.4879807692307692 0.4170673076923077 0.009615384615384616 0.021634615384615384
0 0.49158653846153844 0.4254807692307692 0.01201923076923077 0.014423076923076924
0 0.4855769230769231 0.41947115384615385 0.009615384615384616 0.01201923076923077
0 0.5048076923076923 0.421875 0.014423076923076924 0.021634615384615384
0 0.5264423076923077 0.43149038461538464 0.014423076923076924 0.016826923076923076
0 0.5192307692307693 0.41947115384615385 0.014423076923076924 0.026442307692307692
0 0.49278846153846156 0.4411057692307692 0.02403846153846154 0.016826923076923076
4 0.578125 0.42908653846153844 0.007211538461538462 0.021634615384615384
0 0.6045673076923077 0.49399038461538464 0.06009615384615385 0.07932692307692307
0 0.4362980769230769 0.41346153846153844 0.01201923076923077 0.014423076923076924