0 0.5084134615384616 0.42427884615384615 0.016826923076923076 0.021634615384615384
0 0.36658653846153844 0.43028846153846156 0.026442307692307692 0.03365384615384615
0 0.5408653846153846 0.4206730769230769 0.019230769230769232 0.028846153846153848
4 0.6694711538461539 0.4495192307692308 0.01201923076923077 0.03365384615384615
0 0.40024038461538464 0.4411057692307692 0.016826923076923076 0.021634615384615384
0 0.5733173076923077 0.46274038461538464 0.036057692307692304 0.040865384615384616
0 0.5384615384615384 0.4579326923076923 0.03365384615384615 0.036057692307692304
0 0.6274038461538461 0.5096153846153846 0.08173076923076923 0.09134615384615384
0 0.46875 0.4375 0.014423076923076924 0.019230769230769232
0 0.3245192307692308 0.49399038461538464 0.16826923076923078 0.07451923076923077
0 0.6742788461538461 0.5192307692307693 0.10817307692307693 0.10096153846153846
0 0.8052884615384616 0.5697115384615384 0.20192307692307693 0.21153846153846154
0 0.9026442307692307 0.6887019230769231 0.18990384615384615 0.3245192307692308
4 0.3233173076923077 0.4387019230769231 0.007211538461538462 0.021634615384615384
0 0.4074519230769231 0.43149038461538464 0.01201923076923077 0.016826923076923076
0 0.040865384615384616 0.45913461538461536 0.07692307692307693 0.11057692307692307
0 0.10576923076923077 0.4675480769230769 0.052884615384615384 0.0889423076923077
0 0.1622596153846154 0.4675480769230769 0.06009615384615385 0.0889423076923077
0 0.1971153846153846 0.45913461538461536 0.07692307692307693 0.08653846153846154
0 0.2439903846153846 0.4651442307692308 0.03125 0.03125
0 0.25600961538461536 0.45552884615384615 0.03125 0.026442307692307692
0 0.4266826923076923 0.4170673076923077 0.007211538461538462 0.01201923076923077
0 0.4879807692307692 0.4170673076923077 0.014423076923076924 0.021634615384615384
0 0.4963942307692308 0.4266826923076923 0.01201923076923077 0.01201923076923077
0 0.5240384615384616 0.42788461538461536 0.009615384615384616 0.014423076923076924
0 0.5372596153846154 0.43028846153846156 0.01201923076923077 0.019230769230769232
0 0.4855769230769231 0.53125 0.12980769230769232 0.1778846153846154
4 0.5841346153846154 0.4326923076923077 0.009615384615384616 0.019230769230769232
0 0.45913461538461536 0.4170673076923077 0.009615384615384616 0.01201923076923077