0 0.6598557692307693 0.4483173076923077 0.021634615384615384 0.03125
0 0.5144230769230769 0.453125 0.009615384615384616 0.016826923076923076
4 0.8028846153846154 0.4879807692307692 0.014423076923076924 0.028846153846153848
0 0.4567307692307692 0.46033653846153844 0.02403846153846154 0.03125
0 0.4338942307692308 0.4831730769230769 0.026442307692307692 0.028846153846153848
0 0.8798076923076923 0.5192307692307693 0.07211538461538461 0.057692307692307696
0 0.6141826923076923 0.4651442307692308 0.016826923076923076 0.021634615384615384
0 0.7800480769230769 0.48677884615384615 0.036057692307692304 0.040865384615384616
0 0.6887019230769231 0.47475961538461536 0.021634615384615384 0.026442307692307692
0 0.32211538461538464 0.49399038461538464 0.038461538461538464 0.036057692307692304
0 0.796875 0.5685096153846154 0.12259615384615384 0.13221153846153846
0 0.9122596153846154 0.6045673076923077 0.17548076923076922 0.18990384615384615
0 0.5793269230769231 0.5757211538461539 0.14423076923076922 0.2091346153846154
0 0.03485576923076923 0.5240384615384616 0.06971153846153846 0.15384615384615385
0 0.07692307692307693 0.5144230769230769 0.03365384615384615 0.052884615384615384
0 0.1201923076923077 0.5252403846153846 0.09615384615384616 0.10336538461538461
0 0.15985576923076922 0.5120192307692307 0.05048076923076923 0.07211538461538461
0 0.18389423076923078 0.5060096153846154 0.055288461538461536 0.06009615384615385
0 0.22596153846153846 0.5204326923076923 0.07211538461538461 0.06971153846153846
0 0.25841346153846156 0.5060096153846154 0.055288461538461536 0.06971153846153846
4 0.4230769230769231 0.46875 0.009615384615384616 0.028846153846153848
0 0.49038461538461536 0.4675480769230769 0.014423076923076924 0.026442307692307692
0 0.5276442307692307 0.4519230769230769 0.01201923076923077 0.014423076923076924
0 0.5360576923076923 0.4483173076923077 0.009615384615384616 0.01201923076923077
0 0.5504807692307693 0.4483173076923077 0.009615384615384616 0.01201923076923077
0 0.5540865384615384 0.45072115384615385 0.01201923076923077 0.01201923076923077
0 0.5612980769230769 0.44711538461538464 0.01201923076923077 0.014423076923076924
0 0.5769230769230769 0.44711538461538464 0.009615384615384616 0.014423076923076924
0 0.5925480769230769 0.45913461538461536 0.01201923076923077 0.014423076923076924
0 0.6322115384615384 0.45072115384615385 0.014423076923076924 0.016826923076923076
0 0.6165865384615384 0.4543269230769231 0.01201923076923077 0.014423076923076924