0 0.43990384615384615 0.5060096153846154 0.057692307692307696 0.07932692307692307
0 0.390625 0.5985576923076923 0.06009615384615385 0.08173076923076923
0 0.5120192307692307 0.4579326923076923 0.02403846153846154 0.03125
0 0.3233173076923077 0.5516826923076923 0.08413461538461539 0.12259615384615384
0 0.09014423076923077 0.6382211538461539 0.16105769230769232 0.15625
0 0.41225961538461536 0.4831730769230769 0.036057692307692304 0.052884615384615384
0 0.3605769230769231 0.4543269230769231 0.019230769230769232 0.02403846153846154
0 0.75 0.48197115384615385 0.03365384615384615 0.04567307692307692
0 0.5733173076923077 0.46153846153846156 0.021634615384615384 0.02403846153846154
0 0.4495192307692308 0.5552884615384616 0.028846153846153848 0.057692307692307696
0 0.7019230769230769 0.5012019230769231 0.028846153846153848 0.03125
0 0.5264423076923077 0.4951923076923077 0.028846153846153848 0.038461538461538464
0 0.484375 0.5576923076923077 0.06490384615384616 0.10576923076923077
0 0.6057692307692307 0.4699519230769231 0.028846153846153848 0.026442307692307692
0 0.15625 0.578125 0.04807692307692308 0.06009615384615385
0 0.6310096153846154 0.5420673076923077 0.040865384615384616 0.05048076923076923
0 0.9290865384615384 0.5060096153846154 0.06009615384615385 0.10336538461538461
0 0.5576923076923077 0.546875 0.04807692307692308 0.055288461538461536
4 0.040865384615384616 0.5865384615384616 0.02403846153846154 0.08173076923076923
4 0.24759615384615385 0.5420673076923077 0.019230769230769232 0.055288461538461536
2 0.3713942307692308 0.515625 0.016826923076923076 0.040865384615384616
0 0.4050480769230769 0.5504807692307693 0.040865384615384616 0.04807692307692308
0 0.3942307692307692 0.5432692307692307 0.03365384615384615 0.04326923076923077
0 0.4050480769230769 0.5252403846153846 0.026442307692307692 0.016826923076923076
0 0.3918269230769231 0.4855769230769231 0.014423076923076924 0.028846153846153848
0 0.4230769230769231 0.4375 0.028846153846153848 0.038461538461538464
0 0.4483173076923077 0.46634615384615385 0.036057692307692304 0.0673076923076923
0 0.4855769230769231 0.4951923076923077 0.052884615384615384 0.04807692307692308
0 0.47596153846153844 0.4338942307692308 0.03365384615384615 0.055288461538461536
0 0.5420673076923077 0.44711538461538464 0.036057692307692304 0.028846153846153848
0 0.7091346153846154 0.4831730769230769 0.03365384615384615 0.038461538461538464