0 0.5036057692307693 0.5372596153846154 0.03125 0.055288461538461536
4 0.3269230769230769 0.5072115384615384 0.014423076923076924 0.052884615384615384
0 0.41346153846153844 0.44591346153846156 0.014423076923076924 0.016826923076923076
0 0.5096153846153846 0.4519230769230769 0.019230769230769232 0.028846153846153848
0 0.4423076923076923 0.4483173076923077 0.019230769230769232 0.021634615384615384
0 0.5408653846153846 0.4519230769230769 0.02403846153846154 0.03365384615384615
0 0.13701923076923078 0.6598557692307693 0.2692307692307692 0.6802884615384616
0 0.4735576923076923 0.4483173076923077 0.019230769230769232 0.026442307692307692
0 0.45913461538461536 0.5540865384615384 0.04326923076923077 0.055288461538461536
0 0.4050480769230769 0.5240384615384616 0.06971153846153846 0.09134615384615384
0 0.5841346153846154 0.5240384615384616 0.03365384615384615 0.04326923076923077
0 0.6766826923076923 0.45913461538461536 0.040865384615384616 0.0625
0 0.625 0.5540865384615384 0.038461538461538464 0.05048076923076923
0 0.5528846153846154 0.5504807692307693 0.04807692307692308 0.057692307692307696
0 0.36778846153846156 0.5552884615384616 0.038461538461538464 0.052884615384615384
0 0.38822115384615385 0.5588942307692307 0.040865384615384616 0.05048076923076923
0 0.4987980769230769 0.45072115384615385 0.01201923076923077 0.021634615384615384
0 0.4675480769230769 0.515625 0.06009615384615385 0.11298076923076923
0 0.4987980769230769 0.5096153846153846 0.05048076923076923 0.09615384615384616
0 0.6165865384615384 0.546875 0.036057692307692304 0.055288461538461536