4 0.3245192307692308 0.5120192307692307 0.014423076923076924 0.04326923076923077
0 0.41586538461538464 0.44591346153846156 0.014423076923076924 0.016826923076923076
0 0.9831730769230769 0.5372596153846154 0.03365384615384615 0.14182692307692307
0 0.5072115384615384 0.5372596153846154 0.028846153846153848 0.055288461538461536
0 0.4362980769230769 0.44711538461538464 0.016826923076923076 0.019230769230769232
0 0.5036057692307693 0.4519230769230769 0.021634615384615384 0.02403846153846154
0 0.40625 0.5252403846153846 0.07211538461538461 0.09375
0 0.15384615384615385 0.5793269230769231 0.04807692307692308 0.057692307692307696
0 0.45913461538461536 0.5528846153846154 0.04326923076923077 0.052884615384615384
0 0.5600961538461539 0.44591346153846156 0.038461538461538464 0.055288461538461536
0 0.5516826923076923 0.5540865384615384 0.04567307692307692 0.055288461538461536
0 0.05048076923076923 0.6658653846153846 0.10096153846153846 0.27884615384615385
0 0.6237980769230769 0.5540865384615384 0.040865384615384616 0.05048076923076923
0 0.7872596153846154 0.6322115384615384 0.07932692307692307 0.08653846153846154
0 0.5216346153846154 0.6995192307692307 0.21153846153846154 0.21153846153846154
0 0.8990384615384616 0.6526442307692307 0.09134615384615384 0.0985576923076923
4 0.33653846153846156 0.5096153846153846 0.014423076923076924 0.04326923076923077
0 0.36538461538461536 0.5540865384615384 0.03365384615384615 0.05048076923076923
0 0.38822115384615385 0.5588942307692307 0.05048076923076923 0.05048076923076923
0 0.47115384615384615 0.5192307692307693 0.0625 0.11057692307692307
0 0.5036057692307693 0.515625 0.036057692307692304 0.10336538461538461
0 0.5600961538461539 0.5444711538461539 0.04326923076923077 0.04567307692307692
0 0.6153846153846154 0.546875 0.04326923076923077 0.055288461538461536
0 0.47716346153846156 0.44471153846153844 0.036057692307692304 0.038461538461538464