0 0.36778846153846156 0.4375 0.019230769230769232 0.028846153846153848
4 0.010817307692307692 0.5865384615384616 0.021634615384615384 0.0625
4 0.8016826923076923 0.5552884615384616 0.021634615384615384 0.057692307692307696
0 0.47716346153846156 0.45072115384615385 0.021634615384615384 0.021634615384615384
0 0.6850961538461539 0.5024038461538461 0.03365384615384615 0.038461538461538464
0 0.4110576923076923 0.4579326923076923 0.02403846153846154 0.026442307692307692
0 0.5552884615384616 0.4639423076923077 0.019230769230769232 0.02403846153846154
0 0.5348557692307693 0.46033653846153844 0.021634615384615384 0.021634615384615384
0 0.5709134615384616 0.47115384615384615 0.021634615384615384 0.02403846153846154
0 0.35336538461538464 0.4567307692307692 0.019230769230769232 0.02403846153846154
0 0.7283653846153846 0.5096153846153846 0.028846153846153848 0.03365384615384615
0 0.7475961538461539 0.515625 0.03365384615384615 0.036057692307692304
0 0.38341346153846156 0.45913461538461536 0.021634615384615384 0.02403846153846154
2 0.3762019230769231 0.4951923076923077 0.016826923076923076 0.03365384615384615
0 0.703125 0.49759615384615385 0.03125 0.03365384615384615
0 0.8088942307692307 0.5360576923076923 0.040865384615384616 0.04326923076923077
4 0.03125 0.5829326923076923 0.02403846153846154 0.06490384615384616
0 0.7475961538461539 0.49399038461538464 0.028846153846153848 0.03125
0 0.46274038461538464 0.49278846153846156 0.026442307692307692 0.03365384615384615
0 0.6141826923076923 0.4699519230769231 0.026442307692307692 0.026442307692307692
0 0.49278846153846156 0.47475961538461536 0.028846153846153848 0.05048076923076923
0 0.8449519230769231 0.4987980769230769 0.06490384615384616 0.10336538461538461
0 0.921875 0.5552884615384616 0.040865384615384616 0.04807692307692308
0 0.4230769230769231 0.5276442307692307 0.038461538461538464 0.04567307692307692
0 0.46875 0.6057692307692307 0.07211538461538461 0.057692307692307696
0 0.15384615384615385 0.5793269230769231 0.10096153846153846 0.14423076923076922
0 0.3473557692307692 0.5805288461538461 0.06009615384615385 0.07451923076923077
4 0.3137019230769231 0.49158653846153844 0.01201923076923077 0.036057692307692304
4 0.3076923076923077 0.5180288461538461 0.014423076923076924 0.040865384615384616
4 0.32091346153846156 0.5180288461538461 0.01201923076923077 0.040865384615384616
0 0.390625 0.4483173076923077 0.021634615384615384 0.021634615384615384
0 0.41586538461538464 0.45072115384615385 0.02403846153846154 0.026442307692307692
0 0.4362980769230769 0.4483173076923077 0.016826923076923076 0.016826923076923076
0 0.4519230769230769 0.4495192307692308 0.02403846153846154 0.019230769230769232
0 0.4362980769230769 0.4675480769230769 0.021634615384615384 0.03125
0 0.44471153846153844 0.47836538461538464 0.02403846153846154 0.028846153846153848
0 0.5084134615384616 0.4375 0.04567307692307692 0.03365384615384615
0 0.734375 0.46634615384615385 0.036057692307692304 0.057692307692307696
0 0.8870192307692307 0.4963942307692308 0.052884615384615384 0.09375