0 0.4735576923076923 0.4387019230769231 0.019230769230769232 0.036057692307692304
0 0.4963942307692308 0.43509615384615385 0.036057692307692304 0.0673076923076923
0 0.9663461538461539 0.828125 0.0673076923076923 0.2860576923076923
0 0.45552884615384615 0.44591346153846156 0.01201923076923077 0.016826923076923076
0 0.36658653846153844 0.43990384615384615 0.04567307692307692 0.09134615384615384
0 0.5745192307692307 0.46153846153846156 0.028846153846153848 0.03365384615384615
0 0.020432692307692308 0.4891826923076923 0.040865384615384616 0.055288461538461536
0 0.8629807692307693 0.49038461538461536 0.09134615384615384 0.0673076923076923
0 0.14423076923076922 0.4879807692307692 0.0673076923076923 0.0625
0 0.34375 0.7716346153846154 0.42788461538461536 0.4567307692307692
0 0.39302884615384615 0.45552884615384615 0.021634615384615384 0.03125
0 0.4014423076923077 0.43509615384615385 0.03365384615384615 0.0625
0 0.5192307692307693 0.4387019230769231 0.02403846153846154 0.040865384615384616
0 0.5384615384615384 0.44591346153846156 0.014423076923076924 0.021634615384615384
0 0.5528846153846154 0.44350961538461536 0.019230769230769232 0.03125
0 0.42788461538461536 0.43028846153846156 0.009615384615384616 0.009615384615384616
0 0.328125 0.5480769230769231 0.2860576923076923 0.15865384615384615
0 0.41586538461538464 0.4266826923076923 0.009615384615384616 0.01201923076923077