0 0.6033653846153846 0.4567307692307692 0.019230769230769232 0.02403846153846154
0 0.5841346153846154 0.45072115384615385 0.014423076923076924 0.016826923076923076
0 0.6586538461538461 0.46875 0.028846153846153848 0.03365384615384615
0 0.375 0.8016826923076923 0.5961538461538461 0.39663461538461536
0 0.3786057692307692 0.5673076923076923 0.35336538461538464 0.1778846153846154
0 0.4375 0.47115384615384615 0.04326923076923077 0.04807692307692308
0 0.41466346153846156 0.46153846153846156 0.016826923076923076 0.028846153846153848
0 0.4411057692307692 0.43990384615384615 0.05048076923076923 0.08653846153846154
0 0.4735576923076923 0.44350961538461536 0.028846153846153848 0.07451923076923077
0 0.6213942307692307 0.45072115384615385 0.021634615384615384 0.026442307692307692
4 0.6334134615384616 0.4519230769230769 0.007211538461538462 0.014423076923076924
0 0.5180288461538461 0.4326923076923077 0.01201923076923077 0.019230769230769232
0 0.5048076923076923 0.44711538461538464 0.009615384615384616 0.009615384615384616
0 0.5060096153846154 0.4326923076923077 0.007211538461538462 0.009615384615384616
0 0.5 0.42908653846153844 0.009615384615384616 0.01201923076923077
0 0.5408653846153846 0.4387019230769231 0.028846153846153848 0.055288461538461536
0 0.5721153846153846 0.4387019230769231 0.04326923076923077 0.04567307692307692