0 0.5384615384615384 0.43990384615384615 0.02403846153846154 0.04807692307692308
0 0.3485576923076923 0.7884615384615384 0.5913461538461539 0.4182692307692308
0 0.6225961538461539 0.46033653846153844 0.02403846153846154 0.03125
0 0.4050480769230769 0.4639423076923077 0.026442307692307692 0.038461538461538464
0 0.4423076923076923 0.4387019230769231 0.04326923076923077 0.08413461538461539
0 0.8293269230769231 0.49278846153846156 0.08653846153846154 0.0625
0 0.37740384615384615 0.5745192307692307 0.34134615384615385 0.19230769230769232
0 0.46875 0.44350961538461536 0.03365384615384615 0.07451923076923077
0 0.4387019230769231 0.46875 0.040865384615384616 0.04807692307692308
0 0.4963942307692308 0.42788461538461536 0.01201923076923077 0.019230769230769232
0 0.5084134615384616 0.42788461538461536 0.01201923076923077 0.014423076923076924
0 0.5925480769230769 0.4543269230769231 0.016826923076923076 0.019230769230769232
0 0.5552884615384616 0.453125 0.014423076923076924 0.016826923076923076
0 0.5721153846153846 0.44711538461538464 0.019230769230769232 0.02403846153846154