0 0.5528846153846154 0.45072115384615385 0.014423076923076924 0.021634615384615384
0 0.5769230769230769 0.4519230769230769 0.014423076923076924 0.019230769230769232
0 0.3737980769230769 0.45913461538461536 0.016826923076923076 0.02403846153846154
0 0.5384615384615384 0.4411057692307692 0.02403846153846154 0.05048076923076923
0 0.35096153846153844 0.7884615384615384 0.6009615384615384 0.39903846153846156
0 0.3918269230769231 0.46634615384615385 0.028846153846153848 0.038461538461538464
0 0.6033653846153846 0.45552884615384615 0.019230769230769232 0.021634615384615384
0 0.12259615384615384 0.44350961538461536 0.24519230769230768 0.14182692307692307
0 0.4411057692307692 0.4483173076923077 0.04567307692307692 0.0889423076923077
0 0.7019230769230769 0.47716346153846156 0.04807692307692308 0.05048076923076923
0 0.3798076923076923 0.5817307692307693 0.33653846153846156 0.18269230769230768
0 0.43990384615384615 0.46875 0.038461538461538464 0.04807692307692308
0 0.46634615384615385 0.43990384615384615 0.03365384615384615 0.08173076923076923
0 0.4855769230769231 0.4411057692307692 0.019230769230769232 0.05048076923076923
0 0.5 0.4495192307692308 0.009615384615384616 0.014423076923076924
0 0.515625 0.43990384615384615 0.01201923076923077 0.019230769230769232