0 0.38341346153846156 0.4411057692307692 0.040865384615384616 0.03125
0 0.44471153846153844 0.4483173076923077 0.019230769230769232 0.021634615384615384
4 0.8028846153846154 0.5576923076923077 0.019230769230769232 0.057692307692307696
0 0.5576923076923077 0.43509615384615385 0.10576923076923077 0.057692307692307696
0 0.140625 0.5685096153846154 0.17548076923076922 0.1658653846153846
0 0.4831730769230769 0.43509615384615385 0.04326923076923077 0.057692307692307696
0 0.3641826923076923 0.6153846153846154 0.06490384615384616 0.0625
0 0.7283653846153846 0.5096153846153846 0.03365384615384615 0.03365384615384615
0 0.6129807692307693 0.5384615384615384 0.04326923076923077 0.04807692307692308
0 0.38100961538461536 0.5324519230769231 0.06490384615384616 0.09375
0 0.453125 0.5625 0.10336538461538461 0.14903846153846154
4 0.23918269230769232 0.5612980769230769 0.016826923076923076 0.055288461538461536
2 0.2548076923076923 0.5600961538461539 0.019230769230769232 0.052884615384615384
4 0.25961538461538464 0.5408653846153846 0.014423076923076924 0.052884615384615384
4 0.27283653846153844 0.5384615384615384 0.016826923076923076 0.052884615384615384
2 0.33774038461538464 0.5276442307692307 0.016826923076923076 0.04567307692307692
4 0.3401442307692308 0.5048076923076923 0.01201923076923077 0.038461538461538464
4 0.3173076923076923 0.5048076923076923 0.014423076923076924 0.038461538461538464
0 0.6129807692307693 0.4495192307692308 0.04807692307692308 0.0625
4 0.6538461538461539 0.46033653846153844 0.009615384615384616 0.03125