4 0.3112980769230769 0.5576923076923077 0.021634615384615384 0.0625
2 0.9915865384615384 0.5516826923076923 0.016826923076923076 0.04567307692307692
0 0.4879807692307692 0.4362980769230769 0.038461538461538464 0.06009615384615385
0 0.4338942307692308 0.44711538461538464 0.016826923076923076 0.019230769230769232
0 0.9038461538461539 0.5685096153846154 0.02403846153846154 0.04567307692307692
0 0.8870192307692307 0.6153846153846154 0.0673076923076923 0.0625
0 0.7620192307692307 0.5600961538461539 0.03365384615384615 0.07211538461538461
0 0.41225961538461536 0.44471153846153844 0.016826923076923076 0.019230769230769232
0 0.5264423076923077 0.47475961538461536 0.04807692307692308 0.08413461538461539
0 0.59375 0.5060096153846154 0.02403846153846154 0.04567307692307692
0 0.6730769230769231 0.5661057692307693 0.16346153846153846 0.29086538461538464
0 0.8305288461538461 0.5625 0.04567307692307692 0.057692307692307696
0 0.8461538461538461 0.5769230769230769 0.04807692307692308 0.0673076923076923
0 0.38100961538461536 0.5504807692307693 0.04567307692307692 0.0673076923076923
0 0.6622596153846154 0.6778846153846154 0.17067307692307693 0.21153846153846154
0 0.9026442307692307 0.6634615384615384 0.10336538461538461 0.11538461538461539
4 0.140625 0.5685096153846154 0.021634615384615384 0.06971153846153846
0 0.21995192307692307 0.65625 0.2091346153846154 0.2692307692307692
4 0.33533653846153844 0.5048076923076923 0.01201923076923077 0.038461538461538464
4 0.31009615384615385 0.5072115384615384 0.009615384615384616 0.038461538461538464
0 0.46634615384615385 0.4519230769230769 0.02403846153846154 0.02403846153846154
0 0.9266826923076923 0.6201923076923077 0.04567307692307692 0.07211538461538461
0 0.9387019230769231 0.5709134615384616 0.06971153846153846 0.12740384615384615
0 0.9927884615384616 0.5721153846153846 0.014423076923076924 0.04807692307692308