4 0.3088942307692308 0.5072115384615384 0.016826923076923076 0.04326923076923077
0 0.9915865384615384 0.5685096153846154 0.016826923076923076 0.055288461538461536
4 0.33413461538461536 0.5048076923076923 0.014423076923076924 0.04326923076923077
0 0.36538461538461536 0.43990384615384615 0.019230769230769232 0.02403846153846154
0 0.35216346153846156 0.453125 0.016826923076923076 0.026442307692307692
0 0.36778846153846156 0.4579326923076923 0.02403846153846154 0.026442307692307692
4 0.19110576923076922 0.5721153846153846 0.016826923076923076 0.057692307692307696
0 0.7536057692307693 0.5649038461538461 0.04567307692307692 0.0625
0 0.15384615384615385 0.5769230769230769 0.04807692307692308 0.057692307692307696
0 0.4254807692307692 0.43149038461538464 0.04326923076923077 0.05048076923076923
0 0.7283653846153846 0.5817307692307693 0.0625 0.08653846153846154
0 0.5637019230769231 0.5024038461538461 0.055288461538461536 0.10096153846153846
0 0.38100961538461536 0.5504807692307693 0.04567307692307692 0.0673076923076923
0 0.6298076923076923 0.5288461538461539 0.038461538461538464 0.057692307692307696
0 0.8329326923076923 0.5528846153846154 0.08413461538461539 0.16826923076923078
0 0.9435096153846154 0.6153846153846154 0.06009615384615385 0.08653846153846154
0 0.5048076923076923 0.6682692307692307 0.14903846153846154 0.15865384615384615
4 0.21634615384615385 0.5733173076923077 0.019230769230769232 0.06009615384615385
4 0.6538461538461539 0.4579326923076923 0.009615384615384616 0.026442307692307692
0 0.9002403846153846 0.5709134615384616 0.021634615384615384 0.05048076923076923
0 0.9338942307692307 0.5841346153846154 0.05048076923076923 0.057692307692307696
0 0.9254807692307693 0.5769230769230769 0.04326923076923077 0.052884615384615384
0 0.9302884615384616 0.5372596153846154 0.0625 0.08413461538461539