4 0.6550480769230769 0.4579326923076923 0.01201923076923077 0.03125
2 0.6298076923076923 0.46274038461538464 0.009615384615384616 0.03125
0 0.3641826923076923 0.453125 0.026442307692307692 0.026442307692307692
0 0.4987980769230769 0.4891826923076923 0.026442307692307692 0.03125
0 0.12379807692307693 0.6177884615384616 0.0889423076923077 0.0673076923076923
0 0.6766826923076923 0.5024038461538461 0.036057692307692304 0.03365384615384615
0 0.09975961538461539 0.609375 0.07451923076923077 0.07932692307692307
0 0.5348557692307693 0.5540865384615384 0.040865384615384616 0.05048076923076923
4 0.11778846153846154 0.5612980769230769 0.019230769230769232 0.036057692307692304
0 0.46634615384615385 0.4795673076923077 0.038461538461538464 0.07451923076923077
0 0.32572115384615385 0.5901442307692307 0.03125 0.07932692307692307
0 0.5576923076923077 0.49158653846153844 0.028846153846153848 0.036057692307692304
0 0.8786057692307693 0.5348557692307693 0.03125 0.040865384615384616
0 0.5060096153846154 0.5913461538461539 0.06490384615384616 0.07211538461538461
0 0.5805288461538461 0.5360576923076923 0.036057692307692304 0.04326923076923077
0 0.4543269230769231 0.5877403846153846 0.052884615384615384 0.07932692307692307
0 0.9627403846153846 0.5048076923076923 0.055288461538461536 0.10576923076923077
0 0.8365384615384616 0.5096153846153846 0.0673076923076923 0.11057692307692307
0 0.6129807692307693 0.5588942307692307 0.04807692307692308 0.05048076923076923
0 0.9783653846153846 0.5540865384615384 0.038461538461538464 0.04567307692307692
0 0.16706730769230768 0.5973557692307693 0.06971153846153846 0.0889423076923077
0 0.3858173076923077 0.5540865384615384 0.10817307692307693 0.1658653846153846
4 0.2980769230769231 0.5192307692307693 0.014423076923076924 0.04326923076923077
4 0.3137019230769231 0.5024038461538461 0.01201923076923077 0.038461538461538464
0 0.41225961538461536 0.4651442307692308 0.040865384615384616 0.040865384615384616
0 0.5408653846153846 0.59375 0.03365384615384615 0.04807692307692308
0 0.4387019230769231 0.53125 0.021634615384615384 0.04326923076923077
0 0.48197115384615385 0.5228365384615384 0.036057692307692304 0.05048076923076923
0 0.49158653846153844 0.5360576923076923 0.036057692307692304 0.04807692307692308
0 0.5240384615384616 0.4963942307692308 0.028846153846153848 0.036057692307692304
0 0.5300480769230769 0.5036057692307693 0.03125 0.036057692307692304
2 0.5492788461538461 0.4567307692307692 0.01201923076923077 0.028846153846153848
0 0.5564903846153846 0.5288461538461539 0.03125 0.038461538461538464
0 0.6045673076923077 0.5192307692307693 0.036057692307692304 0.038461538461538464
0 0.6009615384615384 0.5012019230769231 0.028846153846153848 0.026442307692307692
0 0.7043269230769231 0.515625 0.03365384615384615 0.040865384615384616
0 0.7475961538461539 0.5432692307692307 0.052884615384615384 0.08173076923076923
0 0.7211538461538461 0.5288461538461539 0.019230769230769232 0.04326923076923077
0 0.7367788461538461 0.49759615384615385 0.026442307692307692 0.019230769230769232
0 0.7475961538461539 0.49399038461538464 0.02403846153846154 0.021634615384615384
2 0.6838942307692307 0.47115384615384615 0.01201923076923077 0.028846153846153848
0 0.7980769230769231 0.5300480769230769 0.02403846153846154 0.05048076923076923
0 0.7836538461538461 0.5252403846153846 0.02403846153846154 0.04567307692307692
0 0.7884615384615384 0.5060096153846154 0.03365384615384615 0.026442307692307692
0 0.8389423076923077 0.5709134615384616 0.04807692307692308 0.055288461538461536
0 0.8317307692307693 0.5612980769230769 0.04807692307692308 0.05048076923076923
0 0.9206730769230769 0.5216346153846154 0.03365384615384615 0.04807692307692308
0 0.9086538461538461 0.5661057692307693 0.028846153846153848 0.055288461538461536
0 0.9362980769230769 0.5721153846153846 0.05048076923076923 0.0625