0 0.41225961538461536 0.44350961538461536 0.016826923076923076 0.016826923076923076
4 0.007211538461538462 0.59375 0.014423076923076924 0.0673076923076923
0 0.9783653846153846 0.5324519230769231 0.038461538461538464 0.11778846153846154
0 0.5588942307692307 0.46153846153846156 0.021634615384615384 0.028846153846153848
0 0.5745192307692307 0.4651442307692308 0.02403846153846154 0.026442307692307692
4 0.07211538461538461 0.5877403846153846 0.014423076923076924 0.06009615384615385
0 0.4567307692307692 0.484375 0.02403846153846154 0.036057692307692304
0 0.49399038461538464 0.5216346153846154 0.06009615384615385 0.08653846153846154
0 0.6418269230769231 0.47475961538461536 0.02403846153846154 0.03125
0 0.359375 0.4675480769230769 0.021634615384615384 0.03125
0 0.4326923076923077 0.515625 0.03365384615384615 0.036057692307692304
0 0.15384615384615385 0.578125 0.04807692307692308 0.06009615384615385
4 0.2956730769230769 0.609375 0.028846153846153848 0.06009615384615385
0 0.8149038461538461 0.49038461538461536 0.04807692307692308 0.0673076923076923
0 0.8737980769230769 0.5276442307692307 0.040865384615384616 0.05048076923076923
0 0.7524038461538461 0.546875 0.04326923076923077 0.06009615384615385
0 0.5552884615384616 0.546875 0.04807692307692308 0.055288461538461536
4 0.026442307692307692 0.5949519230769231 0.019230769230769232 0.07451923076923077
4 0.04326923076923077 0.5925480769230769 0.02403846153846154 0.06971153846153846
4 0.2824519230769231 0.5240384615384616 0.01201923076923077 0.04326923076923077
4 0.3137019230769231 0.5036057692307693 0.01201923076923077 0.036057692307692304
4 0.35096153846153844 0.4411057692307692 0.009615384615384616 0.021634615384615384
0 0.45913461538461536 0.43509615384615385 0.02403846153846154 0.028846153846153848
0 0.46875 0.45072115384615385 0.019230769230769232 0.021634615384615384
0 0.4891826923076923 0.45072115384615385 0.016826923076923076 0.021634615384615384
0 0.49278846153846156 0.4567307692307692 0.019230769230769232 0.014423076923076924
0 0.5168269230769231 0.4543269230769231 0.028846153846153848 0.03365384615384615
0 0.53125 0.43990384615384615 0.03365384615384615 0.057692307692307696
0 0.59375 0.4735576923076923 0.02403846153846154 0.028846153846153848
0 0.5949519230769231 0.4519230769230769 0.036057692307692304 0.0625