0 0.4206730769230769 0.5264423076923077 0.03365384615384615 0.04807692307692308
0 0.41225961538461536 0.4423076923076923 0.01201923076923077 0.014423076923076924
4 0.33774038461538464 0.5048076923076923 0.01201923076923077 0.038461538461538464
0 0.33533653846153844 0.44711538461538464 0.04567307692307692 0.052884615384615384
0 0.6971153846153846 0.47475961538461536 0.03365384615384615 0.055288461538461536
0 0.46875 0.5540865384615384 0.04326923076923077 0.06490384615384616
0 0.5973557692307693 0.4639423076923077 0.026442307692307692 0.028846153846153848
2 0.90625 0.5180288461538461 0.019230769230769232 0.036057692307692304
0 0.5649038461538461 0.4651442307692308 0.02403846153846154 0.026442307692307692
0 0.6225961538461539 0.453125 0.04326923076923077 0.04567307692307692
0 0.15384615384615385 0.5769230769230769 0.04326923076923077 0.057692307692307696
0 0.8509615384615384 0.5192307692307693 0.03365384615384615 0.038461538461538464
0 0.23798076923076922 0.5757211538461539 0.09615384615384616 0.14182692307692307
0 0.9182692307692307 0.7067307692307693 0.15865384615384615 0.18269230769230768
4 0.07572115384615384 0.5841346153846154 0.021634615384615384 0.07211538461538461
4 0.09735576923076923 0.5817307692307693 0.026442307692307692 0.0673076923076923
4 0.31009615384615385 0.5024038461538461 0.014423076923076924 0.038461538461538464
0 0.46033653846153844 0.4362980769230769 0.026442307692307692 0.036057692307692304
0 0.4639423076923077 0.4495192307692308 0.019230769230769232 0.019230769230769232
0 0.484375 0.453125 0.016826923076923076 0.021634615384615384
0 0.5012019230769231 0.453125 0.016826923076923076 0.026442307692307692
0 0.5 0.4326923076923077 0.03365384615384615 0.04807692307692308
0 0.53125 0.4411057692307692 0.038461538461538464 0.05048076923076923