0 0.47836538461538464 0.45072115384615385 0.02403846153846154 0.021634615384615384
0 0.3737980769230769 0.4423076923076923 0.01201923076923077 0.019230769230769232
0 0.359375 0.43990384615384615 0.016826923076923076 0.02403846153846154
4 0.25 0.5384615384615384 0.014423076923076924 0.052884615384615384
0 0.9158653846153846 0.5360576923076923 0.019230769230769232 0.02403846153846154
0 0.5132211538461539 0.45913461538461536 0.016826923076923076 0.019230769230769232
0 0.39903846153846156 0.44350961538461536 0.019230769230769232 0.021634615384615384
0 0.43149038461538464 0.5180288461538461 0.07932692307692307 0.1658653846153846
2 0.375 0.5096153846153846 0.014423076923076924 0.038461538461538464
0 0.5360576923076923 0.4567307692307692 0.019230769230769232 0.02403846153846154
2 0.2980769230769231 0.5612980769230769 0.028846153846153848 0.05048076923076923
0 0.5745192307692307 0.46634615384615385 0.02403846153846154 0.028846153846153848
0 0.9579326923076923 0.5829326923076923 0.036057692307692304 0.06490384615384616
0 0.9747596153846154 0.5396634615384616 0.036057692307692304 0.055288461538461536
0 0.8209134615384616 0.578125 0.05048076923076923 0.06009615384615385
0 0.8137019230769231 0.6262019230769231 0.055288461538461536 0.07932692307692307
0 0.5733173076923077 0.5865384615384616 0.055288461538461536 0.0625
0 0.9254807692307693 0.5901442307692307 0.057692307692307696 0.09375
0 0.14302884615384615 0.7091346153846154 0.2860576923076923 0.27403846153846156
0 0.6935096153846154 0.5889423076923077 0.19951923076923078 0.3557692307692308
0 0.09254807692307693 0.5360576923076923 0.18509615384615385 0.22115384615384615
4 0.3137019230769231 0.5084134615384616 0.01201923076923077 0.026442307692307692
0 0.49399038461538464 0.43990384615384615 0.036057692307692304 0.04326923076923077
0 0.8149038461538461 0.5048076923076923 0.0625 0.12980769230769232
0 0.875 0.5060096153846154 0.0625 0.10336538461538461
0 0.9134615384615384 0.5084134615384616 0.03365384615384615 0.07932692307692307