0 0.4891826923076923 0.453125 0.021634615384615384 0.021634615384615384
0 0.056490384615384616 0.6346153846153846 0.11298076923076923 0.08653846153846154
0 0.8305288461538461 0.5168269230769231 0.040865384615384616 0.052884615384615384
0 0.14783653846153846 0.5901442307692307 0.11778846153846154 0.12259615384615384
0 0.6971153846153846 0.4963942307692308 0.028846153846153848 0.03125
0 0.8125 0.5444711538461539 0.038461538461538464 0.04567307692307692
0 0.7295673076923077 0.5072115384615384 0.03125 0.03365384615384615
0 0.5829326923076923 0.5396634615384616 0.12259615384615384 0.16105769230769232
0 0.8846153846153846 0.5144230769230769 0.07211538461538461 0.10576923076923077
0 0.9675480769230769 0.5228365384615384 0.06009615384615385 0.09375
0 0.8317307692307693 0.5721153846153846 0.04807692307692308 0.057692307692307696
0 0.7475961538461539 0.5396634615384616 0.038461538461538464 0.04567307692307692
0 0.9362980769230769 0.5889423076923077 0.055288461538461536 0.057692307692307696
0 0.7932692307692307 0.6213942307692307 0.0673076923076923 0.06971153846153846
0 0.2668269230769231 0.5745192307692307 0.125 0.17307692307692307
0 0.3389423076923077 0.5733173076923077 0.0625 0.11778846153846154
0 0.35697115384615385 0.5168269230769231 0.06971153846153846 0.10096153846153846
0 0.3762019230769231 0.5901442307692307 0.040865384615384616 0.06490384615384616
0 0.3942307692307692 0.578125 0.04807692307692308 0.06971153846153846
0 0.4026442307692308 0.5372596153846154 0.036057692307692304 0.03125
0 0.4254807692307692 0.5745192307692307 0.03365384615384615 0.0625
0 0.46033653846153844 0.5961538461538461 0.06490384615384616 0.0673076923076923
0 0.5192307692307693 0.5697115384615384 0.02403846153846154 0.052884615384615384
0 0.48197115384615385 0.5793269230769231 0.04567307692307692 0.0625
0 0.46875 0.5564903846153846 0.038461538461538464 0.036057692307692304
0 0.46033653846153844 0.5432692307692307 0.036057692307692304 0.038461538461538464
0 0.4266826923076923 0.5048076923076923 0.06009615384615385 0.09615384615384616
0 0.4795673076923077 0.5144230769230769 0.08413461538461539 0.11057692307692307
0 0.4074519230769231 0.4411057692307692 0.016826923076923076 0.016826923076923076
0 0.4254807692307692 0.44471153846153844 0.014423076923076924 0.014423076923076924
0 0.4423076923076923 0.44711538461538464 0.014423076923076924 0.019230769230769232
0 0.46153846153846156 0.44591346153846156 0.019230769230769232 0.026442307692307692
0 0.5204326923076923 0.4423076923076923 0.036057692307692304 0.04326923076923077
2 0.6694711538461539 0.46875 0.01201923076923077 0.03365384615384615