0 0.5180288461538461 0.4567307692307692 0.03125 0.028846153846153848
0 0.7512019230769231 0.5204326923076923 0.06009615384615385 0.055288461538461536
0 0.8413461538461539 0.4951923076923077 0.052884615384615384 0.038461538461538464
0 0.9879807692307693 0.5564903846153846 0.02403846153846154 0.07451923076923077
0 0.9891826923076923 0.5564903846153846 0.021634615384615384 0.07451923076923077
4 0.33774038461538464 0.5024038461538461 0.01201923076923077 0.038461538461538464
0 0.19110576923076922 0.5949519230769231 0.10817307692307693 0.10336538461538461
0 0.5048076923076923 0.5576923076923077 0.09615384615384616 0.14423076923076922
0 0.44471153846153844 0.44711538461538464 0.019230769230769232 0.019230769230769232
0 0.5228365384615384 0.44711538461538464 0.026442307692307692 0.038461538461538464
0 0.47716346153846156 0.45913461538461536 0.040865384615384616 0.07211538461538461
0 0.47596153846153844 0.4651442307692308 0.03365384615384615 0.06009615384615385
0 0.5084134615384616 0.45913461538461536 0.021634615384615384 0.02403846153846154
0 0.7980769230769231 0.515625 0.03365384615384615 0.040865384615384616
0 0.0889423076923077 0.5564903846153846 0.17307692307692307 0.19471153846153846
0 0.546875 0.45913461538461536 0.021634615384615384 0.02403846153846154
0 0.7019230769230769 0.5072115384615384 0.03365384615384615 0.038461538461538464
0 0.5733173076923077 0.4699519230769231 0.021634615384615384 0.026442307692307692
0 0.6466346153846154 0.46153846153846156 0.038461538461538464 0.057692307692307696
0 0.6694711538461539 0.4951923076923077 0.03125 0.03365384615384615
0 0.3629807692307692 0.5012019230769231 0.03365384615384615 0.04567307692307692
0 0.08413461538461539 0.6334134615384616 0.16346153846153846 0.18028846153846154
0 0.41346153846153844 0.47716346153846156 0.02403846153846154 0.026442307692307692
0 0.5997596153846154 0.47596153846153844 0.026442307692307692 0.028846153846153848
0 0.7872596153846154 0.48677884615384615 0.05048076923076923 0.06009615384615385
0 0.7379807692307693 0.5264423076923077 0.03365384615384615 0.052884615384615384
0 0.7247596153846154 0.4735576923076923 0.040865384615384616 0.057692307692307696
0 0.7668269230769231 0.5108173076923077 0.03365384615384615 0.04567307692307692
0 0.8173076923076923 0.5384615384615384 0.038461538461538464 0.04326923076923077
0 0.9038461538461539 0.5480769230769231 0.038461538461538464 0.04807692307692308
0 0.8629807692307693 0.515625 0.038461538461538464 0.040865384615384616
0 0.36778846153846156 0.5817307692307693 0.07211538461538461 0.11538461538461539
0 0.5048076923076923 0.5612980769230769 0.09134615384615384 0.12740384615384615
0 0.9338942307692307 0.5757211538461539 0.05048076923076923 0.055288461538461536
0 0.8533653846153846 0.5805288461538461 0.052884615384615384 0.06009615384615385
0 0.5673076923076923 0.6670673076923077 0.1201923076923077 0.13221153846153846