0 0.7043269230769231 0.4807692307692308 0.03365384615384615 0.038461538461538464
0 0.2692307692307692 0.4963942307692308 0.03365384615384615 0.036057692307692304
0 0.03245192307692308 0.5060096153846154 0.06009615384615385 0.06971153846153846
0 0.4675480769230769 0.46153846153846156 0.026442307692307692 0.038461538461538464
0 0.5348557692307693 0.4987980769230769 0.016826923076923076 0.04567307692307692
0 0.21995192307692307 0.4891826923076923 0.06009615384615385 0.08413461538461539
0 0.41586538461538464 0.484375 0.02403846153846154 0.026442307692307692
0 0.09375 0.5192307692307693 0.0625 0.057692307692307696
0 0.3545673076923077 0.4951923076923077 0.036057692307692304 0.038461538461538464
0 0.13581730769230768 0.5108173076923077 0.06971153846153846 0.06971153846153846
0 0.6466346153846154 0.5024038461538461 0.04807692307692308 0.052884615384615384
0 0.5769230769230769 0.47475961538461536 0.07692307692307693 0.11778846153846154
0 0.6201923076923077 0.4891826923076923 0.019230769230769232 0.036057692307692304
0 0.75 0.5036057692307693 0.057692307692307696 0.06490384615384616
0 0.7668269230769231 0.49399038461538464 0.052884615384615384 0.06490384615384616