0 0.2127403846153846 0.48197115384615385 0.03125 0.026442307692307692
0 0.453125 0.4579326923076923 0.021634615384615384 0.021634615384615384
0 0.05048076923076923 0.5216346153846154 0.03365384615384615 0.057692307692307696
0 0.6057692307692307 0.49759615384615385 0.03365384615384615 0.04807692307692308
0 0.02403846153846154 0.5216346153846154 0.04807692307692308 0.07211538461538461
0 0.43149038461538464 0.4651442307692308 0.026442307692307692 0.040865384615384616
0 0.3629807692307692 0.4951923076923077 0.038461538461538464 0.04326923076923077
0 0.6466346153846154 0.5084134615384616 0.052884615384615384 0.06009615384615385
0 0.5336538461538461 0.47475961538461536 0.0625 0.0985576923076923
0 0.21995192307692307 0.5096153846153846 0.06009615384615385 0.0625
0 0.1466346153846154 0.49158653846153844 0.08173076923076923 0.0985576923076923
4 0.39302884615384615 0.4651442307692308 0.007211538461538462 0.021634615384615384
4 0.5721153846153846 0.4579326923076923 0.009615384615384616 0.03125
0 0.6346153846153846 0.5012019230769231 0.04807692307692308 0.055288461538461536
0 0.7079326923076923 0.4891826923076923 0.055288461538461536 0.05048076923076923
0 0.7463942307692307 0.4951923076923077 0.036057692307692304 0.057692307692307696
0 0.7932692307692307 0.4987980769230769 0.07692307692307693 0.07932692307692307
0 0.7860576923076923 0.5132211538461539 0.07692307692307693 0.08413461538461539