4 0.6418269230769231 0.4735576923076923 0.014423076923076924 0.038461538461538464
0 0.29086538461538464 0.47716346153846156 0.03365384615384615 0.040865384615384616
0 0.32091346153846156 0.47716346153846156 0.03125 0.036057692307692304
0 0.5504807692307693 0.5024038461538461 0.057692307692307696 0.0673076923076923
4 0.65625 0.47115384615384615 0.014423076923076924 0.038461538461538464
0 0.47596153846153844 0.4879807692307692 0.052884615384615384 0.0625
0 0.4074519230769231 0.6057692307692307 0.19951923076923078 0.1875
0 0.1346153846153846 0.47475961538461536 0.04807692307692308 0.03125
0 0.26802884615384615 0.47596153846153844 0.026442307692307692 0.038461538461538464
0 0.18629807692307693 0.47716346153846156 0.026442307692307692 0.036057692307692304
0 0.3605769230769231 0.5012019230769231 0.0625 0.06490384615384616
0 0.3894230769230769 0.4855769230769231 0.057692307692307696 0.0625
0 0.5264423076923077 0.4891826923076923 0.02403846153846154 0.05048076923076923