2 0.9543269230769231 0.5 0.052884615384615384 0.0673076923076923
4 0.6358173076923077 0.47475961538461536 0.016826923076923076 0.04567307692307692
4 0.6538461538461539 0.47475961538461536 0.014423076923076924 0.05048076923076923
0 0.14903846153846154 0.49038461538461536 0.052884615384615384 0.052884615384615384
0 0.43149038461538464 0.4855769230769231 0.055288461538461536 0.0673076923076923
0 0.23677884615384615 0.5264423076923077 0.0985576923076923 0.09615384615384616
0 0.5108173076923077 0.5420673076923077 0.10817307692307693 0.0985576923076923
0 0.04567307692307692 0.5276442307692307 0.09134615384615384 0.11778846153846154
0 0.47115384615384615 0.47596153846153844 0.03365384615384615 0.038461538461538464
0 0.09735576923076923 0.4951923076923077 0.05048076923076923 0.057692307692307696
0 0.23557692307692307 0.4675480769230769 0.028846153846153848 0.03125
4 0.265625 0.4699519230769231 0.01201923076923077 0.03125
0 0.2932692307692308 0.4987980769230769 0.07692307692307693 0.0985576923076923
0 0.3317307692307692 0.5024038461538461 0.028846153846153848 0.0625
0 0.5348557692307693 0.5192307692307693 0.08413461538461539 0.09134615384615384
0 0.5228365384615384 0.47475961538461536 0.04567307692307692 0.036057692307692304
4 0.5204326923076923 0.45552884615384615 0.007211538461538462 0.01201923076923077
4 0.5324519230769231 0.4543269230769231 0.01201923076923077 0.014423076923076924