4 0.6682692307692307 0.4987980769230769 0.014423076923076924 0.04567307692307692
4 0.7560096153846154 0.5072115384615384 0.016826923076923076 0.0625
2 0.5564903846153846 0.4951923076923077 0.01201923076923077 0.03365384615384615
4 0.7439903846153846 0.5036057692307693 0.016826923076923076 0.06490384615384616
4 0.8125 0.5132211538461539 0.02403846153846154 0.08413461538461539
0 0.49038461538461536 0.515625 0.057692307692307696 0.06009615384615385
0 0.39302884615384615 0.5144230769230769 0.055288461538461536 0.057692307692307696
4 0.7752403846153846 0.5060096153846154 0.016826923076923076 0.055288461538461536
0 0.33653846153846156 0.48677884615384615 0.02403846153846154 0.026442307692307692
4 0.18990384615384615 0.48677884615384615 0.014423076923076924 0.036057692307692304
0 0.3137019230769231 0.4879807692307692 0.03125 0.02403846153846154
0 0.35216346153846156 0.4855769230769231 0.021634615384615384 0.028846153846153848
0 0.3786057692307692 0.4855769230769231 0.026442307692307692 0.02403846153846154
0 0.40384615384615385 0.48197115384615385 0.019230769230769232 0.016826923076923076
2 0.5144230769230769 0.484375 0.014423076923076924 0.026442307692307692
4 0.4795673076923077 0.47115384615384615 0.007211538461538462 0.014423076923076924
4 0.4735576923076923 0.4723557692307692 0.004807692307692308 0.01201923076923077