0 0.007211538461538462 0.5240384615384616 0.014423076923076924 0.0625
4 0.59375 0.4675480769230769 0.009615384615384616 0.026442307692307692
0 0.4675480769230769 0.4675480769230769 0.016826923076923076 0.021634615384615384
0 0.09495192307692307 0.5072115384615384 0.05048076923076923 0.057692307692307696
0 0.5564903846153846 0.5060096153846154 0.03125 0.036057692307692304
0 0.4014423076923077 0.4831730769230769 0.04326923076923077 0.0625
0 0.04447115384615385 0.5276442307692307 0.06009615384615385 0.05048076923076923
0 0.5012019230769231 0.4879807692307692 0.05048076923076923 0.07211538461538461
0 0.5456730769230769 0.46274038461538464 0.014423076923076924 0.026442307692307692
0 0.5612980769230769 0.47475961538461536 0.016826923076923076 0.021634615384615384
0 0.5697115384615384 0.5 0.028846153846153848 0.04326923076923077
4 0.6033653846153846 0.4735576923076923 0.009615384615384616 0.02403846153846154
0 0.6382211538461539 0.484375 0.036057692307692304 0.026442307692307692
0 0.6911057692307693 0.5012019230769231 0.06009615384615385 0.055288461538461536
0 0.6850961538461539 0.5348557692307693 0.0673076923076923 0.07932692307692307
0 0.7379807692307693 0.5480769230769231 0.07211538461538461 0.10096153846153846
0 0.7740384615384616 0.5661057692307693 0.09134615384615384 0.10817307692307693
0 0.8088942307692307 0.5817307692307693 0.12259615384615384 0.1346153846153846
0 0.8918269230769231 0.5324519230769231 0.10576923076923077 0.11778846153846154