0 0.7151442307692307 0.46033653846153844 0.026442307692307692 0.03125
0 0.6550480769230769 0.4795673076923077 0.04567307692307692 0.06009615384615385
0 0.1622596153846154 0.6165865384615384 0.23317307692307693 0.23798076923076922
0 0.6117788461538461 0.5180288461538461 0.0985576923076923 0.0985576923076923
0 0.3629807692307692 0.5348557692307693 0.1346153846153846 0.17067307692307693
0 0.43509615384615385 0.5060096153846154 0.08653846153846154 0.12259615384615384
0 0.4675480769230769 0.44711538461538464 0.13221153846153846 0.1971153846153846
0 0.5444711538461539 0.47716346153846156 0.040865384615384616 0.08413461538461539
0 0.5709134615384616 0.47716346153846156 0.03125 0.040865384615384616
0 0.6153846153846154 0.46274038461538464 0.03365384615384615 0.026442307692307692
4 0.6538461538461539 0.4411057692307692 0.009615384615384616 0.021634615384615384