0 0.4206730769230769 0.45072115384615385 0.02403846153846154 0.026442307692307692
0 0.4699519230769231 0.4483173076923077 0.016826923076923076 0.026442307692307692
4 0.5228365384615384 0.4543269230769231 0.01201923076923077 0.028846153846153848
2 0.49158653846153844 0.453125 0.01201923076923077 0.03125
0 0.4519230769230769 0.4483173076923077 0.014423076923076924 0.021634615384615384
0 0.3233173076923077 0.49759615384615385 0.055288461538461536 0.0625
4 0.23317307692307693 0.46274038461538464 0.009615384615384616 0.040865384615384616
4 0.24879807692307693 0.46274038461538464 0.007211538461538462 0.040865384615384616
4 0.2536057692307692 0.4639423076923077 0.01201923076923077 0.03365384615384615
4 0.265625 0.4639423076923077 0.01201923076923077 0.038461538461538464
4 0.27403846153846156 0.4651442307692308 0.009615384615384616 0.036057692307692304
4 0.28846153846153844 0.4675480769230769 0.009615384615384616 0.036057692307692304
0 0.5396634615384616 0.45072115384615385 0.01201923076923077 0.026442307692307692
0 0.5588942307692307 0.44591346153846156 0.036057692307692304 0.05048076923076923