0 0.4110576923076923 0.4387019230769231 0.02403846153846154 0.026442307692307692
0 0.5216346153846154 0.43149038461538464 0.028846153846153848 0.05048076923076923
4 0.27884615384615385 0.4543269230769231 0.014423076923076924 0.02403846153846154
2 0.3389423076923077 0.453125 0.009615384615384616 0.03125
4 0.4362980769230769 0.44471153846153844 0.01201923076923077 0.028846153846153848
0 0.2620192307692308 0.49278846153846156 0.0625 0.0673076923076923
4 0.37259615384615385 0.44350961538461536 0.009615384615384616 0.026442307692307692
0 0.38822115384615385 0.4387019230769231 0.026442307692307692 0.026442307692307692
4 0.18028846153846154 0.453125 0.014423076923076924 0.040865384615384616
4 0.19951923076923078 0.45552884615384615 0.009615384615384616 0.040865384615384616
4 0.21033653846153846 0.4543269230769231 0.01201923076923077 0.03365384615384615
4 0.21754807692307693 0.4579326923076923 0.01201923076923077 0.036057692307692304
4 0.22355769230769232 0.4519230769230769 0.009615384615384616 0.038461538461538464
4 0.23076923076923078 0.45552884615384615 0.009615384615384616 0.036057692307692304
0 0.5060096153846154 0.4387019230769231 0.01201923076923077 0.026442307692307692
4 0.5637019230769231 0.43509615384615385 0.007211538461538462 0.028846153846153848