4 0.6033653846153846 0.43028846153846156 0.009615384615384616 0.038461538461538464
0 0.5264423076923077 0.42427884615384615 0.014423076923076924 0.021634615384615384
0 0.3389423076923077 0.4411057692307692 0.03365384615384615 0.04567307692307692
0 0.46634615384615385 0.42788461538461536 0.014423076923076924 0.019230769230769232
0 0.5552884615384616 0.4206730769230769 0.028846153846153848 0.04326923076923077
0 0.3798076923076923 0.4338942307692308 0.028846153846153848 0.03125
2 0.5805288461538461 0.4326923076923077 0.01201923076923077 0.028846153846153848
2 0.2848557692307692 0.44711538461538464 0.01201923076923077 0.03365384615384615
4 0.4483173076923077 0.44591346153846156 0.021634615384615384 0.05048076923076923
0 0.15144230769230768 0.5060096153846154 0.09615384615384616 0.0985576923076923
4 0.1310096153846154 0.44471153846153844 0.01201923076923077 0.04326923076923077
4 0.15865384615384615 0.44471153846153844 0.009615384615384616 0.038461538461538464
4 0.16826923076923078 0.44350961538461536 0.009615384615384616 0.036057692307692304
4 0.1814903846153846 0.44591346153846156 0.007211538461538462 0.040865384615384616
4 0.18990384615384615 0.45072115384615385 0.014423076923076924 0.040865384615384616
0 0.7043269230769231 0.4567307692307692 0.0673076923076923 0.052884615384615384
0 0.6346153846153846 0.4411057692307692 0.052884615384615384 0.036057692307692304
4 0.6466346153846154 0.4254807692307692 0.009615384615384616 0.019230769230769232