0 0.02403846153846154 0.5204326923076923 0.04807692307692308 0.07932692307692307
0 0.5877403846153846 0.48197115384615385 0.13701923076923078 0.23317307692307693
0 0.4098557692307692 0.48197115384615385 0.12740384615384615 0.1658653846153846
0 0.18990384615384615 0.46274038461538464 0.1201923076923077 0.19471153846153846
0 0.2247596153846154 0.5384615384615384 0.0889423076923077 0.08653846153846154
0 0.5252403846153846 0.6550480769230769 0.2283653846153846 0.37259615384615385
0 0.3016826923076923 0.5036057692307693 0.0889423076923077 0.11778846153846154
0 0.05048076923076923 0.5084134615384616 0.038461538461538464 0.04567307692307692
0 0.11778846153846154 0.5120192307692307 0.04326923076923077 0.0625
0 0.8112980769230769 0.4735576923076923 0.0889423076923077 0.04326923076923077
4 0.7043269230769231 0.49399038461538464 0.009615384615384616 0.026442307692307692
1 0.20283653846153846 0.6653846153846155 0.4056730769230769 0.10403846153846154
1 0.8263701923076923 0.6659855769230769 0.33786057692307697 0.09322115384615384