0 0.6466346153846154 0.6646634615384616 0.27884615384615385 0.43509615384615385
0 0.5 0.5793269230769231 0.07211538461538461 0.17307692307692307
0 0.46033653846153844 0.5649038461538461 0.021634615384615384 0.04326923076923077
4 0.34134615384615385 0.5661057692307693 0.009615384615384616 0.036057692307692304
4 0.3269230769230769 0.5637019230769231 0.014423076923076924 0.036057692307692304
4 0.35697115384615385 0.5661057692307693 0.016826923076923076 0.036057692307692304
2 0.4110576923076923 0.5637019230769231 0.014423076923076924 0.03125
0 0.41225961538461536 0.5408653846153846 0.016826923076923076 0.02403846153846154
0 0.43149038461538464 0.5420673076923077 0.016826923076923076 0.036057692307692304
0 0.4699519230769231 0.5216346153846154 0.01201923076923077 0.02403846153846154
0 0.46033653846153844 0.4567307692307692 0.021634615384615384 0.03365384615384615