0 0.20552884615384615 0.5168269230769231 0.16105769230769232 0.6153846153846154
0 0.6490384615384616 0.6694711538461539 0.27403846153846156 0.4543269230769231
0 0.5036057692307693 0.5769230769230769 0.06009615384615385 0.17307692307692307
2 0.4098557692307692 0.5673076923076923 0.016826923076923076 0.03365384615384615
2 0.38100961538461536 0.5600961538461539 0.01201923076923077 0.038461538461538464
2 0.35697115384615385 0.5673076923076923 0.01201923076923077 0.038461538461538464
2 0.3425480769230769 0.5661057692307693 0.01201923076923077 0.036057692307692304
2 0.3293269230769231 0.5685096153846154 0.009615384615384616 0.036057692307692304
0 0.41466346153846156 0.5444711538461539 0.016826923076923076 0.026442307692307692
0 0.43149038461538464 0.5408653846153846 0.016826923076923076 0.038461538461538464
0 0.4651442307692308 0.5504807692307693 0.016826923076923076 0.03365384615384615
0 0.45913461538461536 0.4567307692307692 0.019230769230769232 0.03365384615384615