0 0.6454326923076923 0.6682692307692307 0.2764423076923077 0.4567307692307692
0 0.5048076923076923 0.5757211538461539 0.07211538461538461 0.17548076923076922
2 0.40384615384615385 0.5913461538461539 0.038461538461538464 0.12980769230769232
0 0.4651442307692308 0.5480769230769231 0.026442307692307692 0.09134615384615384
2 0.2091346153846154 0.5745192307692307 0.009615384615384616 0.052884615384615384
2 0.234375 0.5697115384615384 0.01201923076923077 0.052884615384615384
2 0.25 0.5685096153846154 0.014423076923076924 0.05048076923076923
2 0.3004807692307692 0.5661057692307693 0.03365384615384615 0.06009615384615385
0 0.41466346153846156 0.5420673076923077 0.01201923076923077 0.021634615384615384
0 0.42908653846153844 0.5444711538461539 0.016826923076923076 0.040865384615384616
0 0.45913461538461536 0.4579326923076923 0.019230769230769232 0.036057692307692304
0 0.3557692307692308 0.5528846153846154 0.028846153846153848 0.0625