0 0.7235576923076923 0.5913461538461539 0.10576923076923077 0.07211538461538461
0 0.24519230769230768 0.5817307692307693 0.028846153846153848 0.03365384615384615
4 0.5480769230769231 0.5637019230769231 0.009615384615384616 0.036057692307692304
0 0.4519230769230769 0.5588942307692307 0.02403846153846154 0.036057692307692304
0 0.28365384615384615 0.5745192307692307 0.03365384615384615 0.03365384615384615
0 0.34615384615384615 0.5709134615384616 0.019230769230769232 0.026442307692307692
4 0.21394230769230768 0.5853365384615384 0.009615384615384616 0.040865384615384616
4 0.515625 0.5721153846153846 0.01201923076923077 0.03365384615384615
0 0.040865384615384616 0.6286057692307693 0.08173076923076923 0.09375
2 0.20192307692307693 0.5865384615384616 0.019230769230769232 0.04326923076923077
0 0.44711538461538464 0.5661057692307693 0.019230769230769232 0.021634615384615384
2 0.4831730769230769 0.5661057692307693 0.009615384615384616 0.026442307692307692
0 0.5853365384615384 0.5733173076923077 0.06490384615384616 0.04567307692307692