2 0.07451923076923077 0.5480769230769231 0.052884615384615384 0.09615384615384616
0 0.4723557692307692 0.5012019230769231 0.016826923076923076 0.021634615384615384
2 0.5048076923076923 0.49759615384615385 0.009615384615384616 0.028846153846153848
0 0.8257211538461539 0.5324519230769231 0.15144230769230768 0.09375
4 0.5793269230769231 0.49759615384615385 0.014423076923076924 0.03365384615384615
0 0.24639423076923078 0.5204326923076923 0.03125 0.036057692307692304
4 0.19110576923076922 0.5252403846153846 0.01201923076923077 0.04567307692307692
4 0.5420673076923077 0.5012019230769231 0.01201923076923077 0.036057692307692304
2 0.17427884615384615 0.5288461538461539 0.021634615384615384 0.052884615384615384
0 0.2956730769230769 0.5168269230769231 0.03365384615384615 0.04326923076923077
4 0.6622596153846154 0.4951923076923077 0.016826923076923076 0.04326923076923077