0 0.5372596153846154 0.6346153846153846 0.0985576923076923 0.18269230769230768
0 0.3894230769230769 0.6346153846153846 0.09134615384615384 0.09134615384615384
0 0.21153846153846154 0.6009615384615384 0.057692307692307696 0.07692307692307693
0 0.3329326923076923 0.6045673076923077 0.05048076923076923 0.08413461538461539
0 0.30288461538461536 0.49278846153846156 0.03365384615384615 0.08653846153846154
0 0.41947115384615385 0.49038461538461536 0.06009615384615385 0.14423076923076922
0 0.34134615384615385 0.4951923076923077 0.028846153846153848 0.04807692307692308
4 0.35697115384615385 0.4807692307692308 0.007211538461538462 0.04326923076923077
0 0.3737980769230769 0.4807692307692308 0.016826923076923076 0.03365384615384615
2 0.5096153846153846 0.5204326923076923 0.014423076923076924 0.04567307692307692
4 0.6117788461538461 0.5132211538461539 0.007211538461538462 0.04567307692307692
4 0.6574519230769231 0.5348557692307693 0.007211538461538462 0.05048076923076923
0 0.5913461538461539 0.43509615384615385 0.014423076923076924 0.02403846153846154
0 0.5204326923076923 0.4254807692307692 0.01201923076923077 0.028846153846153848
4 0.46634615384615385 0.4206730769230769 0.004807692307692308 0.02403846153846154
4 0.16947115384615385 0.5540865384615384 0.01201923076923077 0.040865384615384616
0 0.5588942307692307 0.4182692307692308 0.036057692307692304 0.057692307692307696
0 0.5300480769230769 0.421875 0.016826923076923076 0.021634615384615384
0 0.5961538461538461 0.3894230769230769 0.014423076923076924 0.02403846153846154
2 0.5925480769230769 0.4050480769230769 0.01201923076923077 0.021634615384615384
0 0.45072115384615385 0.4699519230769231 0.03125 0.11298076923076923
0 0.328125 0.5228365384615384 0.040865384615384616 0.06490384615384616
0 0.3449519230769231 0.5697115384615384 0.055288461538461536 0.057692307692307696
0 0.38221153846153844 0.47596153846153844 0.019230769230769232 0.04326923076923077
0 0.6442307692307693 0.49038461538461536 0.04807692307692308 0.08653846153846154
4 0.27283653846153844 0.49158653846153844 0.01201923076923077 0.036057692307692304
1 0.23028846153846153 0.6463701923076923 0.20334134615384616 0.061947115384615385
1 0.6445192307692308 0.6900480769230769 0.11836538461538462 0.061153846153846156
1 0.4584375 0.6693990384615385 0.0546875 0.04793269230769231
5 0.49247596153846157 0.35223557692307694 0.03466346153846154 0.05064903846153846
3 0.4494230769230769 0.34502403846153845 0.024639423076923076 0.08430288461538461
3 0.5481730769230769 0.3506490384615385 0.025841346153846152 0.07949519230769231