2 0.6442307692307693 0.6262019230769231 0.019230769230769232 0.07451923076923077
0 0.546875 0.5889423076923077 0.07932692307692307 0.16346153846153846
0 0.34134615384615385 0.5348557692307693 0.07692307692307693 0.18990384615384615
0 0.27524038461538464 0.5072115384615384 0.05048076923076923 0.16826923076923078
0 0.5228365384615384 0.4483173076923077 0.016826923076923076 0.036057692307692304
0 0.5516826923076923 0.42788461538461536 0.01201923076923077 0.02403846153846154
0 0.5673076923076923 0.4254807692307692 0.014423076923076924 0.019230769230769232
0 0.5889423076923077 0.41586538461538464 0.009615384615384616 0.02403846153846154
0 0.5997596153846154 0.42908653846153844 0.01201923076923077 0.021634615384615384
0 0.5865384615384616 0.3918269230769231 0.014423076923076924 0.02403846153846154
4 0.16947115384615385 0.5528846153846154 0.01201923076923077 0.03365384615384615
0 0.3894230769230769 0.47836538461538464 0.019230769230769232 0.04326923076923077
4 0.14423076923076922 0.515625 0.019230769230769232 0.06490384615384616
4 0.46634615384615385 0.4206730769230769 0.004807692307692308 0.02403846153846154
0 0.5480769230769231 0.4182692307692308 0.019230769230769232 0.038461538461538464
0 0.5372596153846154 0.421875 0.01201923076923077 0.016826923076923076
0 0.5685096153846154 0.4026442307692308 0.01201923076923077 0.016826923076923076
4 0.6478365384615384 0.5300480769230769 0.01201923076923077 0.04567307692307692
0 0.6418269230769231 0.49399038461538464 0.04807692307692308 0.0889423076923077
0 0.5288461538461539 0.41346153846153844 0.014423076923076924 0.03365384615384615