0 0.5733173076923077 0.5300480769230769 0.06009615384615385 0.11778846153846154
0 0.3004807692307692 0.4891826923076923 0.03365384615384615 0.08413461538461539
4 0.17067307692307693 0.5540865384615384 0.014423076923076924 0.040865384615384616
0 0.4855769230769231 0.48197115384615385 0.02403846153846154 0.05048076923076923
0 0.49759615384615385 0.46153846153846156 0.014423076923076924 0.04326923076923077
0 0.5661057692307693 0.43149038461538464 0.040865384615384616 0.021634615384615384
0 0.5396634615384616 0.43149038461538464 0.01201923076923077 0.021634615384615384
4 0.3786057692307692 0.47836538461538464 0.007211538461538462 0.04326923076923077
0 0.34134615384615385 0.4951923076923077 0.028846153846153848 0.04807692307692308
2 0.47596153846153844 0.4411057692307692 0.004807692307692308 0.026442307692307692
0 0.32572115384615385 0.5024038461538461 0.021634615384615384 0.04807692307692308
0 0.359375 0.4831730769230769 0.026442307692307692 0.038461538461538464
0 0.38822115384615385 0.47836538461538464 0.021634615384615384 0.04326923076923077
0 0.5360576923076923 0.41947115384615385 0.019230769230769232 0.040865384615384616
4 0.5180288461538461 0.4170673076923077 0.007211538461538462 0.021634615384615384
0 0.5805288461538461 0.39783653846153844 0.01201923076923077 0.026442307692307692
0 0.5889423076923077 0.41346153846153844 0.009615384615384616 0.014423076923076924
0 0.5973557692307693 0.3918269230769231 0.007211538461538462 0.019230769230769232
0 0.5889423076923077 0.4014423076923077 0.009615384615384616 0.014423076923076924
0 0.6430288461538461 0.49759615384615385 0.04567307692307692 0.07692307692307693
4 0.6442307692307693 0.5240384615384616 0.009615384615384616 0.038461538461538464
0 0.5685096153846154 0.39663461538461536 0.007211538461538462 0.014423076923076924
1 0.4171394230769231 0.6637980769230769 0.573076923076923 0.10401442307692309