4 0.1310096153846154 0.6370192307692307 0.01201923076923077 0.09134615384615384
0 0.3293269230769231 0.5997596153846154 0.04807692307692308 0.0985576923076923
4 0.17307692307692307 0.5552884615384616 0.019230769230769232 0.04326923076923077
0 0.30288461538461536 0.49038461538461536 0.03365384615384615 0.08653846153846154
4 0.5228365384615384 0.4951923076923077 0.016826923076923076 0.052884615384615384
4 0.47836538461538464 0.49759615384615385 0.009615384615384616 0.04807692307692308
2 0.4230769230769231 0.47836538461538464 0.009615384615384616 0.038461538461538464
0 0.3425480769230769 0.4963942307692308 0.026442307692307692 0.05048076923076923
0 0.5240384615384616 0.43509615384615385 0.014423076923076924 0.02403846153846154
0 0.5192307692307693 0.41586538461538464 0.02403846153846154 0.04807692307692308
0 0.5612980769230769 0.41466346153846156 0.016826923076923076 0.03125
2 0.4879807692307692 0.43149038461538464 0.004807692307692308 0.026442307692307692
0 0.3245192307692308 0.5024038461538461 0.019230769230769232 0.04807692307692308
0 0.3581730769230769 0.48197115384615385 0.02403846153846154 0.040865384615384616
0 0.3737980769230769 0.4807692307692308 0.021634615384615384 0.038461538461538464
0 0.38822115384615385 0.4795673076923077 0.026442307692307692 0.04567307692307692
0 0.5733173076923077 0.41947115384615385 0.01201923076923077 0.021634615384615384
0 0.5769230769230769 0.40625 0.009615384615384616 0.014423076923076924
0 0.5841346153846154 0.41586538461538464 0.014423076923076924 0.028846153846153848
0 0.5841346153846154 0.4266826923076923 0.009615384615384616 0.016826923076923076
0 0.6394230769230769 0.4987980769230769 0.052884615384615384 0.0985576923076923
0 0.32211538461538464 0.5901442307692307 0.04326923076923077 0.0985576923076923