2 0.17908653846153846 0.5612980769230769 0.016826923076923076 0.06490384615384616
4 0.15985576923076922 0.5360576923076923 0.01201923076923077 0.07211538461538461
4 0.1466346153846154 0.5276442307692307 0.014423076923076924 0.06971153846153846
0 0.22115384615384615 0.5180288461538461 0.07692307692307693 0.11778846153846154
0 0.34975961538461536 0.5084134615384616 0.04567307692307692 0.10336538461538461
0 0.30288461538461536 0.49278846153846156 0.03365384615384615 0.08173076923076923
4 0.4326923076923077 0.4519230769230769 0.009615384615384616 0.03365384615384615
0 0.5180288461538461 0.4182692307692308 0.021634615384615384 0.04807692307692308
0 0.5504807692307693 0.4254807692307692 0.019230769230769232 0.03365384615384615
0 0.5733173076923077 0.41586538461538464 0.01201923076923077 0.019230769230769232
0 0.375 0.4807692307692308 0.014423076923076924 0.038461538461538464
0 0.38822115384615385 0.47716346153846156 0.026442307692307692 0.040865384615384616
0 0.53125 0.4206730769230769 0.014423076923076924 0.019230769230769232
0 0.5685096153846154 0.3954326923076923 0.007211538461538462 0.016826923076923076
0 0.59375 0.39663461538461536 0.009615384615384616 0.014423076923076924
0 0.5997596153846154 0.39663461538461536 0.007211538461538462 0.014423076923076924
0 0.640625 0.4963942307692308 0.05048076923076923 0.10336538461538461