0 0.24278846153846154 0.6442307692307693 0.0625 0.08653846153846154
0 0.3641826923076923 0.6838942307692307 0.12259615384615384 0.18509615384615385
0 0.3293269230769231 0.5829326923076923 0.04807692307692308 0.07451923076923077
0 0.45913461538461536 0.5853365384615384 0.04807692307692308 0.07451923076923077
0 0.5324519230769231 0.6370192307692307 0.055288461538461536 0.08653846153846154
0 0.53125 0.5180288461538461 0.03365384615384615 0.05048076923076923
0 0.3004807692307692 0.4879807692307692 0.038461538461538464 0.08653846153846154
0 0.21875 0.5144230769230769 0.08173076923076923 0.1346153846153846
0 0.41947115384615385 0.48677884615384615 0.06009615384615385 0.13221153846153846
0 0.34134615384615385 0.49399038461538464 0.028846153846153848 0.05048076923076923
0 0.5853365384615384 0.5024038461538461 0.03125 0.052884615384615384
2 0.6129807692307693 0.5528846153846154 0.014423076923076924 0.057692307692307696
0 0.6045673076923077 0.4579326923076923 0.016826923076923076 0.03125
0 0.5528846153846154 0.43149038461538464 0.014423076923076924 0.021634615384615384
0 0.375 0.5192307692307693 0.028846153846153848 0.04326923076923077
0 0.1346153846153846 0.5865384615384616 0.019230769230769232 0.17307692307692307
4 0.3269230769230769 0.47115384615384615 0.009615384615384616 0.04326923076923077
4 0.35216346153846156 0.46634615384615385 0.01201923076923077 0.038461538461538464
0 0.3233173076923077 0.5024038461538461 0.016826923076923076 0.04807692307692308
0 0.3605769230769231 0.4795673076923077 0.019230769230769232 0.040865384615384616
0 0.375 0.47596153846153844 0.019230769230769232 0.03365384615384615
0 0.38100961538461536 0.4735576923076923 0.016826923076923076 0.038461538461538464
0 0.5576923076923077 0.6165865384615384 0.04807692307692308 0.0889423076923077
0 0.5408653846153846 0.578125 0.04326923076923077 0.06009615384615385
0 0.5288461538461539 0.41346153846153844 0.019230769230769232 0.038461538461538464
0 0.5757211538461539 0.41466346153846156 0.07932692307692307 0.05048076923076923
0 0.640625 0.5024038461538461 0.05048076923076923 0.08173076923076923