0 0.5420673076923077 0.5612980769230769 0.05048076923076923 0.12259615384615384
0 0.30288461538461536 0.49158653846153844 0.03365384615384615 0.0889423076923077
0 0.453125 0.46153846153846156 0.021634615384615384 0.038461538461538464
0 0.5913461538461539 0.4879807692307692 0.02403846153846154 0.038461538461538464
0 0.5588942307692307 0.4338942307692308 0.016826923076923076 0.021634615384615384
0 0.34134615384615385 0.4963942307692308 0.028846153846153848 0.05048076923076923
0 0.53125 0.4110576923076923 0.019230769230769232 0.04807692307692308
0 0.5877403846153846 0.4338942307692308 0.016826923076923076 0.026442307692307692
0 0.3233173076923077 0.5024038461538461 0.016826923076923076 0.04807692307692308
0 0.36177884615384615 0.4807692307692308 0.021634615384615384 0.04326923076923077
0 0.3737980769230769 0.48197115384615385 0.021634615384615384 0.040865384615384616
0 0.3858173076923077 0.4795673076923077 0.026442307692307692 0.040865384615384616
4 0.5180288461538461 0.4182692307692308 0.007211538461538462 0.02403846153846154
4 0.4675480769230769 0.41947115384615385 0.007211538461538462 0.026442307692307692
0 0.5348557692307693 0.4483173076923077 0.03125 0.036057692307692304
0 0.5685096153846154 0.3942307692307692 0.007211538461538462 0.014423076923076924
0 0.5649038461538461 0.42908653846153844 0.014423076923076924 0.021634615384615384
0 0.6129807692307693 0.4266826923076923 0.014423076923076924 0.026442307692307692
0 0.6081730769230769 0.45552884615384615 0.019230769230769232 0.036057692307692304
0 0.6430288461538461 0.5024038461538461 0.05048076923076923 0.09134615384615384
0 0.5721153846153846 0.578125 0.02403846153846154 0.06490384615384616