0 0.1875 0.5649038461538461 0.09134615384615384 0.14903846153846154
0 0.375 0.6538461538461539 0.0673076923076923 0.10576923076923077
0 0.484375 0.6550480769230769 0.07932692307692307 0.14182692307692307
2 0.6394230769230769 0.6057692307692307 0.019230769230769232 0.07692307692307693
0 0.3918269230769231 0.5408653846153846 0.038461538461538464 0.0625
0 0.4387019230769231 0.5132211538461539 0.03125 0.05048076923076923
4 0.5132211538461539 0.4963942307692308 0.01201923076923077 0.05048076923076923
0 0.5793269230769231 0.5180288461538461 0.03365384615384615 0.05048076923076923
0 0.5985576923076923 0.4807692307692308 0.02403846153846154 0.038461538461538464
0 0.3473557692307692 0.5036057692307693 0.036057692307692304 0.040865384615384616
0 0.5625 0.4098557692307692 0.08173076923076923 0.05048076923076923
0 0.4483173076923077 0.46153846153846156 0.0889423076923077 0.10096153846153846
0 0.2403846153846154 0.5144230769230769 0.08653846153846154 0.1346153846153846
0 0.32091346153846156 0.5024038461538461 0.021634615384615384 0.04807692307692308
4 0.3269230769230769 0.47475961538461536 0.009615384615384616 0.04567307692307692
4 0.33533653846153844 0.46634615384615385 0.01201923076923077 0.02403846153846154
4 0.34975961538461536 0.46875 0.007211538461538462 0.038461538461538464
0 0.36177884615384615 0.48197115384615385 0.016826923076923076 0.040865384615384616
0 0.3737980769230769 0.4795673076923077 0.016826923076923076 0.040865384615384616
0 0.3870192307692308 0.47836538461538464 0.02403846153846154 0.04326923076923077
4 0.3894230769230769 0.4831730769230769 0.009615384615384616 0.04326923076923077
0 0.5528846153846154 0.43149038461538464 0.019230769230769232 0.026442307692307692
0 0.5204326923076923 0.6033653846153846 0.05048076923076923 0.07211538461538461
0 0.5264423076923077 0.6634615384615384 0.04326923076923077 0.11538461538461539
0 0.6430288461538461 0.49759615384615385 0.05048076923076923 0.10096153846153846
0 0.3004807692307692 0.49278846153846156 0.04326923076923077 0.09134615384615384