2 0.5973557692307693 0.7019230769230769 0.06009615384615385 0.21153846153846154
0 0.5456730769230769 0.5745192307692307 0.08173076923076923 0.1778846153846154
0 0.4699519230769231 0.5673076923076923 0.040865384615384616 0.0625
0 0.3004807692307692 0.4891826923076923 0.03365384615384615 0.07932692307692307
0 0.38822115384615385 0.4519230769230769 0.18509615384615385 0.1346153846153846
0 0.3401442307692308 0.4951923076923077 0.026442307692307692 0.052884615384615384
0 0.49399038461538464 0.47115384615384615 0.021634615384615384 0.04326923076923077
0 0.5300480769230769 0.4206730769230769 0.016826923076923076 0.019230769230769232
0 0.5504807692307693 0.42788461538461536 0.009615384615384616 0.02403846153846154
0 0.5588942307692307 0.421875 0.01201923076923077 0.021634615384615384
0 0.5685096153846154 0.39903846153846156 0.007211538461538462 0.014423076923076924
0 0.59375 0.3942307692307692 0.019230769230769232 0.03365384615384615
0 0.5985576923076923 0.42908653846153844 0.014423076923076924 0.021634615384615384
0 0.640625 0.4951923076923077 0.05048076923076923 0.10096153846153846