0 0.24278846153846154 0.6286057692307693 0.23076923076923078 0.40625
0 0.5889423076923077 0.47836538461538464 0.03365384615384615 0.07211538461538461
0 0.5216346153846154 0.4098557692307692 0.02403846153846154 0.06009615384615385
0 0.38822115384615385 0.47836538461538464 0.021634615384615384 0.038461538461538464
0 0.5540865384615384 0.43149038461538464 0.016826923076923076 0.026442307692307692
0 0.359375 0.48197115384615385 0.021634615384615384 0.04567307692307692
0 0.34375 0.49399038461538464 0.02403846153846154 0.055288461538461536
0 0.37259615384615385 0.47836538461538464 0.019230769230769232 0.04326923076923077
4 0.49038461538461536 0.4230769230769231 0.009615384615384616 0.02403846153846154
0 0.6081730769230769 0.4206730769230769 0.014423076923076924 0.02403846153846154
0 0.640625 0.5012019230769231 0.05048076923076923 0.09375
0 0.5348557692307693 0.41346153846153844 0.01201923076923077 0.03365384615384615
0 0.5685096153846154 0.3942307692307692 0.007211538461538462 0.014423076923076924
0 0.5733173076923077 0.3918269230769231 0.007211538461538462 0.014423076923076924
0 0.578125 0.3918269230769231 0.007211538461538462 0.014423076923076924