0 0.32211538461538464 0.4831730769230769 0.03365384615384615 0.03365384615384615
4 0.6935096153846154 0.4795673076923077 0.01201923076923077 0.04567307692307692
0 0.35697115384615385 0.48197115384615385 0.021634615384615384 0.026442307692307692
0 0.2247596153846154 0.4951923076923077 0.04567307692307692 0.052884615384615384
4 0.7235576923076923 0.4831730769230769 0.014423076923076924 0.04807692307692308
4 0.6430288461538461 0.4879807692307692 0.01201923076923077 0.04807692307692308
4 0.7115384615384616 0.48197115384615385 0.014423076923076924 0.055288461538461536
4 0.9290865384615384 0.4963942307692308 0.021634615384615384 0.06490384615384616
2 0.06129807692307692 0.5132211538461539 0.021634615384615384 0.06490384615384616
2 0.6129807692307693 0.5012019230769231 0.03365384615384615 0.06490384615384616
0 0.3076923076923077 0.4879807692307692 0.038461538461538464 0.03365384615384615
4 0.07572115384615384 0.5084134615384616 0.021634615384615384 0.07932692307692307
0 0.8581730769230769 0.5216346153846154 0.13942307692307693 0.09134615384615384
2 0.10817307692307693 0.5096153846153846 0.02403846153846154 0.07211538461538461
0 0.4206730769230769 0.4807692307692308 0.07211538461538461 0.14903846153846154
2 0.3449519230769231 0.4855769230769231 0.01201923076923077 0.038461538461538464
0 0.4855769230769231 0.4831730769230769 0.014423076923076924 0.014423076923076924
4 0.5877403846153846 0.48197115384615385 0.01201923076923077 0.021634615384615384
4 0.6358173076923077 0.47716346153846156 0.01201923076923077 0.040865384615384616