0 0.5420673076923077 0.6550480769230769 0.08413461538461539 0.1466346153846154
0 0.39903846153846156 0.6586538461538461 0.0673076923076923 0.10576923076923077
0 0.4362980769230769 0.4723557692307692 0.04567307692307692 0.12259615384615384
0 0.3016826923076923 0.49038461538461536 0.03125 0.07692307692307693
0 0.3401442307692308 0.49278846153846156 0.03125 0.04807692307692308
0 0.5216346153846154 0.4110576923076923 0.02403846153846154 0.057692307692307696
0 0.5697115384615384 0.4338942307692308 0.02403846153846154 0.021634615384615384
4 0.3485576923076923 0.46274038461538464 0.009615384615384616 0.03125
4 0.328125 0.4699519230769231 0.01201923076923077 0.040865384615384616
0 0.32211538461538464 0.5036057692307693 0.019230769230769232 0.04567307692307692
4 0.3557692307692308 0.4807692307692308 0.009615384615384616 0.04326923076923077
0 0.3641826923076923 0.4807692307692308 0.016826923076923076 0.038461538461538464
0 0.3762019230769231 0.4795673076923077 0.016826923076923076 0.040865384615384616
0 0.38822115384615385 0.47716346153846156 0.026442307692307692 0.04567307692307692
0 0.38341346153846156 0.6490384615384616 0.06490384615384616 0.10576923076923077
0 0.5348557692307693 0.4230769230769231 0.007211538461538462 0.019230769230769232
0 0.5685096153846154 0.39663461538461536 0.007211538461538462 0.014423076923076924
0 0.5769230769230769 0.3918269230769231 0.004807692307692308 0.014423076923076924
0 0.5793269230769231 0.41586538461538464 0.009615384615384616 0.019230769230769232
0 0.5985576923076923 0.4014423076923077 0.009615384615384616 0.019230769230769232
0 0.5588942307692307 0.41947115384615385 0.01201923076923077 0.016826923076923076
0 0.6418269230769231 0.5 0.052884615384615384 0.09615384615384616
0 0.6105769230769231 0.4423076923076923 0.019230769230769232 0.038461538461538464