0 0.36658653846153844 0.5168269230769231 0.06971153846153846 0.17307692307692307
0 0.4387019230769231 0.6225961538461539 0.04567307692307692 0.07211538461538461
0 0.578125 0.5745192307692307 0.06009615384615385 0.11057692307692307
0 0.3004807692307692 0.49038461538461536 0.03365384615384615 0.08653846153846154
0 0.5348557692307693 0.4411057692307692 0.016826923076923076 0.03125
0 0.5168269230769231 0.40865384615384615 0.019230769230769232 0.0625
0 0.46153846153846156 0.5853365384615384 0.04807692307692308 0.08413461538461539
2 0.5012019230769231 0.4266826923076923 0.007211538461538462 0.026442307692307692
0 0.5504807692307693 0.4230769230769231 0.014423076923076924 0.02403846153846154
0 0.5685096153846154 0.39903846153846156 0.007211538461538462 0.019230769230769232
0 0.5733173076923077 0.3894230769230769 0.007211538461538462 0.019230769230769232
0 0.5793269230769231 0.41947115384615385 0.014423076923076924 0.021634615384615384
0 0.5925480769230769 0.40865384615384615 0.01201923076923077 0.019230769230769232
0 0.6382211538461539 0.49759615384615385 0.05048076923076923 0.09615384615384616