0 0.3076923076923077 0.4855769230769231 0.028846153846153848 0.038461538461538464
0 0.33052884615384615 0.4879807692307692 0.021634615384615384 0.028846153846153848
4 0.7427884615384616 0.49278846153846156 0.019230769230769232 0.0625
4 0.7704326923076923 0.49038461538461536 0.016826923076923076 0.057692307692307696
2 0.010817307692307692 0.5240384615384616 0.021634615384615384 0.08653846153846154
2 0.9098557692307693 0.6045673076923077 0.07451923076923077 0.2283653846153846
2 0.07211538461538461 0.5192307692307693 0.038461538461538464 0.08653846153846154
0 0.1814903846153846 0.5048076923076923 0.055288461538461536 0.052884615384615384
0 0.38461538461538464 0.49038461538461536 0.038461538461538464 0.04326923076923077
0 0.46875 0.47716346153846156 0.052884615384615384 0.09375
0 0.3449519230769231 0.4831730769230769 0.026442307692307692 0.03365384615384615
2 0.2800480769230769 0.49038461538461536 0.01201923076923077 0.04807692307692308
0 0.2860576923076923 0.49158653846153844 0.038461538461538464 0.040865384615384616
4 0.5985576923076923 0.48677884615384615 0.009615384615384616 0.021634615384615384
2 0.6129807692307693 0.49759615384615385 0.028846153846153848 0.0625
4 0.6610576923076923 0.47836538461538464 0.014423076923076924 0.04326923076923077
4 0.6694711538461539 0.49399038461538464 0.016826923076923076 0.055288461538461536
0 0.9387019230769231 0.5456730769230769 0.11298076923076923 0.1346153846153846