2 0.34975961538461536 0.5588942307692307 0.016826923076923076 0.06490384615384616
0 0.6622596153846154 0.6358173076923077 0.05048076923076923 0.0985576923076923
2 0.6274038461538461 0.578125 0.014423076923076924 0.07451923076923077
0 0.5733173076923077 0.5024038461538461 0.04567307692307692 0.10096153846153846
0 0.3004807692307692 0.4891826923076923 0.038461538461538464 0.0889423076923077
0 0.5180288461538461 0.4254807692307692 0.016826923076923076 0.02403846153846154
0 0.5492788461538461 0.42908653846153844 0.01201923076923077 0.021634615384615384
0 0.578125 0.41947115384615385 0.01201923076923077 0.021634615384615384
0 0.3233173076923077 0.5024038461538461 0.016826923076923076 0.052884615384615384
4 0.3245192307692308 0.4735576923076923 0.009615384615384616 0.02403846153846154
4 0.34375 0.46153846153846156 0.014423076923076924 0.028846153846153848
0 0.34134615384615385 0.49399038461538464 0.03365384615384615 0.05048076923076923
0 0.359375 0.48197115384615385 0.026442307692307692 0.040865384615384616
0 0.3737980769230769 0.4795673076923077 0.021634615384615384 0.040865384615384616
0 0.38822115384615385 0.47596153846153844 0.026442307692307692 0.04326923076923077
0 0.640625 0.4879807692307692 0.05048076923076923 0.10096153846153846
0 0.53125 0.41947115384615385 0.014423076923076924 0.016826923076923076
0 0.5588942307692307 0.42908653846153844 0.01201923076923077 0.021634615384615384
0 0.5805288461538461 0.39302884615384615 0.01201923076923077 0.016826923076923076
0 0.5961538461538461 0.39783653846153844 0.009615384615384616 0.016826923076923076
0 0.6069711538461539 0.41947115384615385 0.021634615384615384 0.021634615384615384