0 0.5528846153846154 0.42908653846153844 0.014423076923076924 0.021634615384615384
0 0.3581730769230769 0.48197115384615385 0.02403846153846154 0.04567307692307692
0 0.3401442307692308 0.49399038461538464 0.03125 0.055288461538461536
0 0.15144230769230768 0.6201923076923077 0.057692307692307696 0.11538461538461539
0 0.45072115384615385 0.5925480769230769 0.04567307692307692 0.07932692307692307
0 0.2512019230769231 0.5769230769230769 0.12740384615384615 0.24519230769230768
0 0.38221153846153844 0.640625 0.07692307692307693 0.13221153846153846
0 0.2980769230769231 0.49399038461538464 0.04807692307692308 0.10336538461538461
2 0.5084134615384616 0.4266826923076923 0.007211538461538462 0.026442307692307692
0 0.53125 0.41947115384615385 0.019230769230769232 0.021634615384615384
0 0.5745192307692307 0.41947115384615385 0.014423076923076924 0.021634615384615384
0 0.5853365384615384 0.41947115384615385 0.01201923076923077 0.021634615384615384
0 0.59375 0.39903846153846156 0.009615384615384616 0.019230769230769232
0 0.5709134615384616 0.39302884615384615 0.01201923076923077 0.016826923076923076
0 0.3233173076923077 0.5012019230769231 0.016826923076923076 0.04567307692307692
4 0.3449519230769231 0.4639423076923077 0.01201923076923077 0.028846153846153848
0 0.3737980769230769 0.4795673076923077 0.021634615384615384 0.040865384615384616
0 0.38822115384615385 0.47596153846153844 0.026442307692307692 0.04326923076923077
0 0.640625 0.49278846153846156 0.05048076923076923 0.09134615384615384
0 0.5913461538461539 0.3918269230769231 0.009615384615384616 0.014423076923076924