0 0.5637019230769231 0.45072115384615385 0.016826923076923076 0.03125
0 0.5697115384615384 0.4266826923076923 0.014423076923076924 0.026442307692307692
0 0.37259615384615385 0.4795673076923077 0.02403846153846154 0.040865384615384616
0 0.359375 0.4795673076923077 0.026442307692307692 0.04567307692307692
0 0.3401442307692308 0.4951923076923077 0.03125 0.04807692307692308
0 0.5048076923076923 0.4423076923076923 0.019230769230769232 0.028846153846153848
0 0.29927884615384615 0.49158653846153844 0.036057692307692304 0.09375
0 0.46274038461538464 0.49278846153846156 0.036057692307692304 0.052884615384615384
0 0.36538461538461536 0.6454326923076923 0.08173076923076923 0.13221153846153846
0 0.5829326923076923 0.6021634615384616 0.18509615384615385 0.18509615384615385
0 0.40024038461538464 0.6213942307692307 0.055288461538461536 0.11778846153846154
0 0.5973557692307693 0.4074519230769231 0.01201923076923077 0.021634615384615384
0 0.5288461538461539 0.421875 0.014423076923076924 0.021634615384615384
0 0.5348557692307693 0.41947115384615385 0.01201923076923077 0.016826923076923076
0 0.5516826923076923 0.421875 0.016826923076923076 0.026442307692307692
0 0.5913461538461539 0.3870192307692308 0.014423076923076924 0.028846153846153848
0 0.5721153846153846 0.3918269230769231 0.014423076923076924 0.019230769230769232
4 0.27283653846153844 0.4723557692307692 0.01201923076923077 0.055288461538461536
4 0.3293269230769231 0.4723557692307692 0.009615384615384616 0.040865384615384616
4 0.34375 0.46153846153846156 0.014423076923076924 0.03365384615384615
0 0.3245192307692308 0.5036057692307693 0.019230769230769232 0.04567307692307692
0 0.38822115384615385 0.47596153846153844 0.026442307692307692 0.04807692307692308
4 0.4639423076923077 0.42908653846153844 0.009615384615384616 0.036057692307692304
0 0.6442307692307693 0.4879807692307692 0.052884615384615384 0.11057692307692307