4 0.8137019230769231 0.49759615384615385 0.026442307692307692 0.08173076923076923
0 0.31009615384615385 0.4795673076923077 0.028846153846153848 0.040865384615384616
4 0.16466346153846154 0.4831730769230769 0.01201923076923077 0.03365384615384615
0 0.2536057692307692 0.4855769230769231 0.040865384615384616 0.04807692307692308
4 0.6899038461538461 0.49038461538461536 0.014423076923076924 0.0625
0 0.29086538461538464 0.484375 0.02403846153846154 0.03125
0 0.23197115384615385 0.49158653846153844 0.04567307692307692 0.04567307692307692
4 0.8473557692307693 0.49759615384615385 0.021634615384615384 0.08173076923076923
0 0.49278846153846156 0.4639423076923077 0.03365384615384615 0.0673076923076923
0 0.06490384615384616 0.5072115384615384 0.0625 0.0625
2 0.7860576923076923 0.5480769230769231 0.052884615384615384 0.15865384615384615
0 0.12980769230769232 0.5264423076923077 0.09134615384615384 0.09615384615384616
0 0.4735576923076923 0.4831730769230769 0.009615384615384616 0.014423076923076924
2 0.5949519230769231 0.4807692307692308 0.007211538461538462 0.02403846153846154
2 0.6105769230769231 0.4831730769230769 0.02403846153846154 0.04807692307692308
4 0.6766826923076923 0.47716346153846156 0.016826923076923076 0.055288461538461536
1 0.4527884615384616 0.5960817307692308 0.9055769230769232 0.10483173076923077