0 0.5576923076923077 0.4230769230769231 0.014423076923076924 0.03365384615384615
2 0.4411057692307692 0.45072115384615385 0.01201923076923077 0.036057692307692304
0 0.4891826923076923 0.4230769230769231 0.03125 0.02403846153846154
0 0.3016826923076923 0.4879807692307692 0.036057692307692304 0.09134615384615384
0 0.3401442307692308 0.49158653846153844 0.03125 0.055288461538461536
0 0.5901442307692307 0.4807692307692308 0.026442307692307692 0.04807692307692308
0 0.3485576923076923 0.6262019230769231 0.08653846153846154 0.08413461538461539
0 0.38221153846153844 0.4807692307692308 0.057692307692307696 0.10576923076923077
0 0.31971153846153844 0.5 0.02403846153846154 0.052884615384615384
0 0.5108173076923077 0.4230769230769231 0.03125 0.028846153846153848
0 0.5276442307692307 0.41947115384615385 0.01201923076923077 0.016826923076923076
0 0.5348557692307693 0.4182692307692308 0.01201923076923077 0.019230769230769232
0 0.546875 0.41346153846153844 0.01201923076923077 0.019230769230769232
0 0.5865384615384616 0.390625 0.014423076923076924 0.026442307692307692
0 0.5901442307692307 0.4110576923076923 0.01201923076923077 0.019230769230769232
0 0.5733173076923077 0.3918269230769231 0.01201923076923077 0.019230769230769232
0 0.6021634615384616 0.4014423076923077 0.01201923076923077 0.019230769230769232
4 0.3449519230769231 0.46153846153846156 0.01201923076923077 0.028846153846153848
4 0.3293269230769231 0.4675480769230769 0.009615384615384616 0.03125
0 0.6105769230769231 0.41947115384615385 0.019230769230769232 0.04567307692307692
0 0.6418269230769231 0.49158653846153844 0.04807692307692308 0.0889423076923077