0 0.3557692307692308 0.484375 0.028846153846153848 0.04567307692307692
0 0.640625 0.4963942307692308 0.036057692307692304 0.08413461538461539
0 0.5096153846153846 0.44471153846153844 0.02403846153846154 0.038461538461538464
2 0.43028846153846156 0.47596153846153844 0.014423076923076924 0.052884615384615384
0 0.3401442307692308 0.49759615384615385 0.03125 0.052884615384615384
0 0.3016826923076923 0.49158653846153844 0.036057692307692304 0.0889423076923077
0 0.19230769230769232 0.5612980769230769 0.10576923076923077 0.2091346153846154
0 0.31971153846153844 0.5024038461538461 0.02403846153846154 0.04807692307692308
4 0.4050480769230769 0.46033653846153844 0.007211538461538462 0.04567307692307692
0 0.6117788461538461 0.4495192307692308 0.021634615384615384 0.038461538461538464
0 0.5288461538461539 0.421875 0.014423076923076924 0.016826923076923076
0 0.5516826923076923 0.4254807692307692 0.016826923076923076 0.04326923076923077
0 0.5420673076923077 0.4170673076923077 0.01201923076923077 0.016826923076923076
0 0.5913461538461539 0.41466346153846156 0.014423076923076924 0.016826923076923076
0 0.5793269230769231 0.39783653846153844 0.014423076923076924 0.03125
0 0.5865384615384616 0.3858173076923077 0.028846153846153848 0.03125
0 0.3737980769230769 0.4795673076923077 0.021634615384615384 0.040865384615384616
0 0.38822115384615385 0.47836538461538464 0.026442307692307692 0.04326923076923077
0 0.5877403846153846 0.3942307692307692 0.01201923076923077 0.014423076923076924