0 0.5853365384615384 0.41947115384615385 0.01201923076923077 0.021634615384615384
4 0.4951923076923077 0.5168269230769231 0.014423076923076924 0.0625
2 0.6935096153846154 0.6923076923076923 0.040865384615384616 0.10576923076923077
0 0.3016826923076923 0.49158653846153844 0.036057692307692304 0.08413461538461539
0 0.6442307692307693 0.49158653846153844 0.04807692307692308 0.09375
0 0.3317307692307692 0.5925480769230769 0.052884615384615384 0.10336538461538461
4 0.27163461538461536 0.49278846153846156 0.009615384615384616 0.03365384615384615
0 0.32211538461538464 0.5024038461538461 0.014423076923076924 0.04326923076923077
4 0.3485576923076923 0.4639423076923077 0.009615384615384616 0.028846153846153848
0 0.3401442307692308 0.4963942307692308 0.03125 0.05048076923076923
0 0.3605769230769231 0.484375 0.02403846153846154 0.040865384615384616
0 0.375 0.4807692307692308 0.019230769230769232 0.038461538461538464
0 0.38822115384615385 0.47836538461538464 0.026442307692307692 0.04326923076923077
0 0.5673076923076923 0.4110576923076923 0.014423076923076924 0.03365384615384615
4 0.5456730769230769 0.41947115384615385 0.004807692307692308 0.021634615384615384
4 0.5829326923076923 0.3954326923076923 0.007211538461538462 0.016826923076923076
0 0.5264423076923077 0.421875 0.014423076923076924 0.016826923076923076