0 0.640625 0.49278846153846156 0.04567307692307692 0.08653846153846154
2 0.6959134615384616 0.6923076923076923 0.040865384615384616 0.10096153846153846
0 0.32211538461538464 0.6959134615384616 0.17307692307692307 0.2668269230769231
0 0.23918269230769232 0.5240384615384616 0.17067307692307693 0.40384615384615385
0 0.3233173076923077 0.5024038461538461 0.016826923076923076 0.04807692307692308
0 0.3401442307692308 0.49399038461538464 0.03125 0.055288461538461536
4 0.34615384615384615 0.46274038461538464 0.009615384615384616 0.03125
0 0.359375 0.48197115384615385 0.026442307692307692 0.040865384615384616
0 0.37259615384615385 0.4795673076923077 0.019230769230769232 0.040865384615384616
0 0.3858173076923077 0.47596153846153844 0.021634615384615384 0.04326923076923077
0 0.5288461538461539 0.4206730769230769 0.014423076923076924 0.019230769230769232
2 0.5444711538461539 0.421875 0.007211538461538462 0.021634615384615384
0 0.5564903846153846 0.41346153846153844 0.016826923076923076 0.03365384615384615
4 0.5853365384615384 0.39663461538461536 0.002403846153846154 0.014423076923076924
0 0.6033653846153846 0.3942307692307692 0.009615384615384616 0.019230769230769232
0 0.5745192307692307 0.42427884615384615 0.014423076923076924 0.026442307692307692