0 0.5336538461538461 0.4254807692307692 0.014423076923076924 0.028846153846153848
0 0.2932692307692308 0.6213942307692307 0.0673076923076923 0.10817307692307693
0 0.3317307692307692 0.59375 0.04326923076923077 0.09134615384615384
0 0.44591346153846156 0.6634615384615384 0.0889423076923077 0.14423076923076922
0 0.2091346153846154 0.6346153846153846 0.125 0.21153846153846154
2 0.5925480769230769 0.6838942307692307 0.055288461538461536 0.18990384615384615
2 0.7091346153846154 0.6911057692307693 0.028846153846153848 0.10336538461538461
0 0.5180288461538461 0.42788461538461536 0.016826923076923076 0.028846153846153848
0 0.5901442307692307 0.41466346153846156 0.01201923076923077 0.021634615384615384
0 0.5901442307692307 0.38822115384615385 0.01201923076923077 0.026442307692307692
0 0.6165865384615384 0.4098557692307692 0.026442307692307692 0.05048076923076923
0 0.6442307692307693 0.49038461538461536 0.052884615384615384 0.10096153846153846
0 0.2403846153846154 0.5324519230769231 0.057692307692307696 0.10817307692307693
4 0.27403846153846156 0.49278846153846156 0.009615384615384616 0.038461538461538464
0 0.30288461538461536 0.49158653846153844 0.038461538461538464 0.09375
0 0.32211538461538464 0.5012019230769231 0.014423076923076924 0.04567307692307692
0 0.3401442307692308 0.4951923076923077 0.03125 0.04807692307692308
4 0.3473557692307692 0.4651442307692308 0.01201923076923077 0.03125
0 0.359375 0.4831730769230769 0.021634615384615384 0.038461538461538464
4 0.3870192307692308 0.47836538461538464 0.009615384615384616 0.04807692307692308
0 0.3762019230769231 0.4807692307692308 0.016826923076923076 0.038461538461538464
0 0.3918269230769231 0.4795673076923077 0.019230769230769232 0.040865384615384616