0 0.07932692307692307 0.48197115384615385 0.04326923076923077 0.036057692307692304
0 0.4675480769230769 0.49399038461538464 0.016826923076923076 0.021634615384615384
2 0.6995192307692307 0.5276442307692307 0.028846153846153848 0.10336538461538461
0 0.38822115384615385 0.484375 0.06490384615384616 0.05048076923076923
0 0.2512019230769231 0.49399038461538464 0.040865384615384616 0.05048076923076923
4 0.7596153846153846 0.5216346153846154 0.028846153846153848 0.09615384615384616
0 0.22115384615384615 0.5012019230769231 0.04326923076923077 0.04567307692307692
0 0.11177884615384616 0.515625 0.06971153846153846 0.06009615384615385
0 0.1658653846153846 0.5024038461538461 0.04807692307692308 0.0625
0 0.18629807692307693 0.5048076923076923 0.036057692307692304 0.0625
2 0.5997596153846154 0.49038461538461536 0.021634615384615384 0.038461538461538464
4 0.7283653846153846 0.49399038461538464 0.02403846153846154 0.07932692307692307
4 0.8377403846153846 0.4987980769230769 0.016826923076923076 0.08413461538461539