0 0.5084134615384616 0.4338942307692308 0.016826923076923076 0.026442307692307692
0 0.5817307692307693 0.43990384615384615 0.019230769230769232 0.038461538461538464
0 0.5204326923076923 0.41586538461538464 0.021634615384615384 0.04807692307692308
0 0.3004807692307692 0.49278846153846156 0.038461538461538464 0.09615384615384616
0 0.34134615384615385 0.49158653846153844 0.03365384615384615 0.055288461538461536
0 0.6430288461538461 0.484375 0.04567307692307692 0.0889423076923077
2 0.41947115384615385 0.5240384615384616 0.021634615384615384 0.0625
0 0.31850961538461536 0.5 0.021634615384615384 0.052884615384615384
0 0.3581730769230769 0.4807692307692308 0.02403846153846154 0.04326923076923077
0 0.5516826923076923 0.4110576923076923 0.016826923076923076 0.019230769230769232
0 0.5793269230769231 0.4170673076923077 0.014423076923076924 0.021634615384615384
0 0.5901442307692307 0.40625 0.01201923076923077 0.019230769230769232
0 0.5733173076923077 0.3918269230769231 0.01201923076923077 0.019230769230769232
4 0.33774038461538464 0.46153846153846156 0.007211538461538462 0.028846153846153848
0 0.3737980769230769 0.47836538461538464 0.016826923076923076 0.038461538461538464
0 0.38461538461538464 0.47596153846153844 0.019230769230769232 0.04326923076923077
2 0.5564903846153846 0.4170673076923077 0.007211538461538462 0.021634615384615384
4 0.8365384615384616 0.6730769230769231 0.03365384615384615 0.1346153846153846