4 0.6899038461538461 0.5 0.02403846153846154 0.07692307692307693
4 0.6610576923076923 0.4987980769230769 0.014423076923076924 0.055288461538461536
0 0.4026442307692308 0.5012019230769231 0.021634615384615384 0.03125
2 0.6370192307692307 0.5300480769230769 0.028846153846153848 0.10336538461538461
4 0.7235576923076923 0.5372596153846154 0.03365384615384615 0.10336538461538461
0 0.020432692307692308 0.5264423076923077 0.040865384615384616 0.0625
0 0.17067307692307693 0.5036057692307693 0.04807692307692308 0.055288461538461536
0 0.13221153846153846 0.5132211538461539 0.04807692307692308 0.04567307692307692
0 0.040865384615384616 0.5192307692307693 0.04807692307692308 0.0673076923076923
0 0.07091346153846154 0.515625 0.055288461538461536 0.07451923076923077
0 0.09495192307692307 0.5144230769230769 0.036057692307692304 0.0673076923076923
2 0.546875 0.5036057692307693 0.021634615384615384 0.040865384615384616
4 0.8341346153846154 0.5132211538461539 0.02403846153846154 0.10336538461538461