0 0.3004807692307692 0.49278846153846156 0.038461538461538464 0.09134615384615384
0 0.6153846153846154 0.4411057692307692 0.028846153846153848 0.06009615384615385
0 0.6418269230769231 0.4879807692307692 0.04326923076923077 0.08653846153846154
0 0.47475961538461536 0.6105769230769231 0.2668269230769231 0.19230769230769232
0 0.32091346153846156 0.5024038461538461 0.016826923076923076 0.052884615384615384
4 0.3425480769230769 0.4639423076923077 0.01201923076923077 0.028846153846153848
0 0.32091346153846156 0.5024038461538461 0.016826923076923076 0.04326923076923077
0 0.3245192307692308 0.484375 0.014423076923076924 0.036057692307692304
0 0.3425480769230769 0.49399038461538464 0.026442307692307692 0.05048076923076923
0 0.3605769230769231 0.484375 0.028846153846153848 0.04567307692307692
0 0.3737980769230769 0.47836538461538464 0.021634615384615384 0.038461538461538464
2 0.4026442307692308 0.4735576923076923 0.016826923076923076 0.04807692307692308
2 0.5216346153846154 0.42908653846153844 0.009615384615384616 0.021634615384615384
0 0.5252403846153846 0.4230769230769231 0.026442307692307692 0.019230769230769232
0 0.5901442307692307 0.4170673076923077 0.01201923076923077 0.021634615384615384
2 0.5853365384615384 0.3954326923076923 0.002403846153846154 0.016826923076923076
0 0.5973557692307693 0.39903846153846156 0.01201923076923077 0.019230769230769232
0 0.5985576923076923 0.4206730769230769 0.009615384615384616 0.019230769230769232
2 0.578125 0.4266826923076923 0.007211538461538462 0.021634615384615384
0 0.5721153846153846 0.3918269230769231 0.014423076923076924 0.019230769230769232