0 0.3004807692307692 0.49278846153846156 0.038461538461538464 0.09615384615384616
0 0.3581730769230769 0.4795673076923077 0.02403846153846154 0.04567307692307692
0 0.6454326923076923 0.4807692307692308 0.05048076923076923 0.10576923076923077
0 0.3401442307692308 0.49399038461538464 0.03125 0.05048076923076923
0 0.4795673076923077 0.6009615384615384 0.16105769230769232 0.3125
0 0.3954326923076923 0.6514423076923077 0.036057692307692304 0.10576923076923077
0 0.31971153846153844 0.5012019230769231 0.02403846153846154 0.05048076923076923
0 0.37259615384615385 0.4795673076923077 0.02403846153846154 0.05048076923076923
0 0.4495192307692308 0.44350961538461536 0.038461538461538464 0.06971153846153846
0 0.5168269230769231 0.44591346153846156 0.03365384615384615 0.06971153846153846
0 0.5540865384615384 0.42908653846153844 0.04567307692307692 0.036057692307692304
0 0.6117788461538461 0.42908653846153844 0.021634615384615384 0.040865384615384616
0 0.5733173076923077 0.3918269230769231 0.01201923076923077 0.014423076923076924