0 0.5913461538461539 0.4266826923076923 0.014423076923076924 0.026442307692307692
0 0.5276442307692307 0.4230769230769231 0.01201923076923077 0.019230769230769232
0 0.3016826923076923 0.49399038461538464 0.040865384615384616 0.0889423076923077
0 0.44471153846153844 0.5036057692307693 0.03365384615384615 0.06490384615384616
0 0.5036057692307693 0.4651442307692308 0.026442307692307692 0.040865384615384616
0 0.6418269230769231 0.4879807692307692 0.04326923076923077 0.09134615384615384
0 0.38221153846153844 0.6526442307692307 0.08173076923076923 0.11778846153846154
4 0.3858173076923077 0.4723557692307692 0.007211538461538462 0.05048076923076923
0 0.5528846153846154 0.42788461538461536 0.04326923076923077 0.038461538461538464
0 0.5949519230769231 0.39302884615384615 0.01201923076923077 0.016826923076923076
0 0.5745192307692307 0.3918269230769231 0.014423076923076924 0.019230769230769232
0 0.32211538461538464 0.4963942307692308 0.02403846153846154 0.06009615384615385
0 0.3401442307692308 0.4963942307692308 0.026442307692307692 0.05048076923076923
0 0.359375 0.4855769230769231 0.026442307692307692 0.04326923076923077
0 0.3737980769230769 0.4795673076923077 0.021634615384615384 0.040865384615384616
2 0.3798076923076923 0.5012019230769231 0.014423076923076924 0.05048076923076923