0 0.35697115384615385 0.4699519230769231 0.03125 0.07932692307692307
0 0.5528846153846154 0.4230769230769231 0.019230769230769232 0.038461538461538464
0 0.375 0.47596153846153844 0.019230769230769232 0.04326923076923077
0 0.34375 0.5036057692307693 0.028846153846153848 0.04567307692307692
0 0.31490384615384615 0.5 0.03365384615384615 0.052884615384615384
2 0.4170673076923077 0.47475961538461536 0.01201923076923077 0.05048076923076923
0 0.5 0.4699519230769231 0.028846153846153848 0.05048076923076923
0 0.6442307692307693 0.47836538461538464 0.04807692307692308 0.11538461538461539
2 0.6117788461538461 0.5709134615384616 0.016826923076923076 0.07451923076923077
2 0.5060096153846154 0.4230769230769231 0.007211538461538462 0.028846153846153848
0 0.5276442307692307 0.41947115384615385 0.01201923076923077 0.016826923076923076
0 0.6009615384615384 0.42427884615384615 0.014423076923076924 0.026442307692307692
0 0.5925480769230769 0.41947115384615385 0.01201923076923077 0.021634615384615384
0 0.6021634615384616 0.39783653846153844 0.01201923076923077 0.021634615384615384
0 0.6057692307692307 0.41947115384615385 0.014423076923076924 0.026442307692307692
0 0.5625 0.421875 0.014423076923076924 0.026442307692307692
0 0.5757211538461539 0.421875 0.016826923076923076 0.036057692307692304
0 0.5721153846153846 0.4014423076923077 0.019230769230769232 0.02403846153846154
0 0.5733173076923077 0.39302884615384615 0.01201923076923077 0.016826923076923076
0 0.5757211538461539 0.390625 0.01201923076923077 0.021634615384615384
4 0.27283653846153844 0.47836538461538464 0.01201923076923077 0.0625
0 0.32211538461538464 0.4807692307692308 0.02403846153846154 0.038461538461538464
4 0.4483173076923077 0.4423076923076923 0.01201923076923077 0.038461538461538464
0 0.5288461538461539 0.4230769230769231 0.028846153846153848 0.019230769230769232