0 0.59375 0.41346153846153844 0.014423076923076924 0.014423076923076924
0 0.5540865384615384 0.4266826923076923 0.021634615384615384 0.036057692307692304
0 0.5264423076923077 0.4230769230769231 0.019230769230769232 0.02403846153846154
0 0.34134615384615385 0.4951923076923077 0.028846153846153848 0.04807692307692308
2 0.2776442307692308 0.5288461538461539 0.016826923076923076 0.0673076923076923
0 0.35336538461538464 0.47115384615384615 0.03365384615384615 0.08173076923076923
0 0.5036057692307693 0.5348557692307693 0.040865384615384616 0.06490384615384616
0 0.6418269230769231 0.4891826923076923 0.04326923076923077 0.10336538461538461
0 0.3161057692307692 0.5997596153846154 0.06490384615384616 0.10336538461538461
0 0.31490384615384615 0.4987980769230769 0.028846153846153848 0.04567307692307692
0 0.32211538461538464 0.4879807692307692 0.028846153846153848 0.04326923076923077
0 0.375 0.4831730769230769 0.02403846153846154 0.04807692307692308
2 0.47716346153846156 0.42788461538461536 0.007211538461538462 0.028846153846153848
0 0.5360576923076923 0.41586538461538464 0.014423076923076924 0.019230769230769232
0 0.609375 0.4170673076923077 0.01201923076923077 0.021634615384615384
0 0.5925480769230769 0.4050480769230769 0.01201923076923077 0.016826923076923076
0 0.5625 0.4050480769230769 0.009615384615384616 0.016826923076923076
0 0.5709134615384616 0.4098557692307692 0.016826923076923076 0.036057692307692304
0 0.5757211538461539 0.3918269230769231 0.01201923076923077 0.019230769230769232
0 0.6069711538461539 0.3942307692307692 0.01201923076923077 0.019230769230769232