0 0.515625 0.421875 0.016826923076923076 0.026442307692307692
0 0.5661057692307693 0.42908653846153844 0.016826923076923076 0.026442307692307692
0 0.19831730769230768 0.5805288461538461 0.07451923076923077 0.12740384615384615
0 0.5540865384615384 0.43149038461538464 0.016826923076923076 0.026442307692307692
0 0.31490384615384615 0.5012019230769231 0.03365384615384615 0.05048076923076923
0 0.3545673076923077 0.4963942307692308 0.055288461538461536 0.055288461538461536
0 0.47596153846153844 0.45913461538461536 0.02403846153846154 0.038461538461538464
0 0.5084134615384616 0.4579326923076923 0.026442307692307692 0.055288461538461536
0 0.29927884615384615 0.6262019230769231 0.06971153846153846 0.10817307692307693
0 0.6418269230769231 0.48677884615384615 0.04326923076923077 0.09375
0 0.5288461538461539 0.4254807692307692 0.014423076923076924 0.028846153846153848
0 0.5396634615384616 0.4170673076923077 0.016826923076923076 0.040865384615384616
0 0.6045673076923077 0.4254807692307692 0.01201923076923077 0.02403846153846154
2 0.5925480769230769 0.4182692307692308 0.01201923076923077 0.028846153846153848
0 0.546875 0.40625 0.026442307692307692 0.02403846153846154
0 0.5949519230769231 0.3918269230769231 0.01201923076923077 0.014423076923076924
0 0.5612980769230769 0.40625 0.01201923076923077 0.019230769230769232
0 0.35336538461538464 0.45552884615384615 0.028846153846153848 0.040865384615384616
2 0.390625 0.4951923076923077 0.01201923076923077 0.057692307692307696
0 0.375 0.4699519230769231 0.014423076923076924 0.026442307692307692