0 0.14903846153846154 0.6286057692307693 0.04807692307692308 0.29086538461538464
0 0.3762019230769231 0.4795673076923077 0.021634615384615384 0.040865384615384616
2 0.5552884615384616 0.5697115384615384 0.019230769230769232 0.07692307692307693
0 0.31490384615384615 0.5012019230769231 0.038461538461538464 0.06009615384615385
0 0.6418269230769231 0.4879807692307692 0.04326923076923077 0.09615384615384616
0 0.4326923076923077 0.5240384615384616 0.03365384615384615 0.07211538461538461
0 0.17908653846153846 0.6153846153846154 0.03125 0.09134615384615384
0 0.5180288461538461 0.4230769230769231 0.016826923076923076 0.02403846153846154
0 0.5336538461538461 0.4182692307692308 0.019230769230769232 0.04807692307692308
0 0.6009615384615384 0.39302884615384615 0.009615384615384616 0.021634615384615384
2 0.5925480769230769 0.4182692307692308 0.01201923076923077 0.02403846153846154
0 0.35216346153846156 0.46033653846153844 0.03125 0.05048076923076923
0 0.35336538461538464 0.5144230769230769 0.04807692307692308 0.08653846153846154
4 0.40625 0.453125 0.009615384615384616 0.03125
0 0.6117788461538461 0.421875 0.01201923076923077 0.016826923076923076
0 0.5516826923076923 0.4338942307692308 0.016826923076923076 0.021634615384615384
0 0.5564903846153846 0.43028846153846156 0.01201923076923077 0.02403846153846154
0 0.5492788461538461 0.41225961538461536 0.016826923076923076 0.021634615384615384