0 0.5480769230769231 0.4230769230769231 0.014423076923076924 0.03365384615384615
2 0.4651442307692308 0.4362980769230769 0.01201923076923077 0.036057692307692304
0 0.6442307692307693 0.484375 0.04807692307692308 0.0985576923076923
0 0.5060096153846154 0.453125 0.026442307692307692 0.04567307692307692
2 0.4387019230769231 0.46153846153846156 0.016826923076923076 0.04807692307692308
0 0.3161057692307692 0.49399038461538464 0.036057692307692304 0.055288461538461536
0 0.6442307692307693 0.5612980769230769 0.038461538461538464 0.06490384615384616
0 0.3293269230769231 0.5877403846153846 0.052884615384615384 0.07932692307692307
0 0.39302884615384615 0.6370192307692307 0.06009615384615385 0.12980769230769232
0 0.17067307692307693 0.6382211538461539 0.08653846153846154 0.12740384615384615
0 0.1502403846153846 0.546875 0.05048076923076923 0.21394230769230768
0 0.3329326923076923 0.4963942307692308 0.021634615384615384 0.05048076923076923
0 0.34134615384615385 0.49278846153846156 0.028846153846153848 0.057692307692307696
0 0.35336538461538464 0.484375 0.028846153846153848 0.05048076923076923
0 0.37259615384615385 0.47716346153846156 0.028846153846153848 0.04567307692307692
4 0.46634615384615385 0.4182692307692308 0.009615384615384616 0.03365384615384615
0 0.6105769230769231 0.5420673076923077 0.04326923076923077 0.07451923076923077
0 0.5276442307692307 0.4170673076923077 0.01201923076923077 0.021634615384615384
0 0.6045673076923077 0.38822115384615385 0.01201923076923077 0.016826923076923076
0 0.5697115384615384 0.41947115384615385 0.014423076923076924 0.026442307692307692
0 0.5865384615384616 0.4254807692307692 0.014423076923076924 0.02403846153846154
0 0.59375 0.41586538461538464 0.014423076923076924 0.02403846153846154
4 0.7211538461538461 0.6189903846153846 0.019230769230769232 0.09375
4 0.7536057692307693 0.6021634615384616 0.016826923076923076 0.09375