0 0.5745192307692307 0.40384615384615385 0.014423076923076924 0.03365384615384615
0 0.5288461538461539 0.4170673076923077 0.019230769230769232 0.021634615384615384
0 0.5612980769230769 0.421875 0.016826923076923076 0.026442307692307692
0 0.546875 0.4254807692307692 0.016826923076923076 0.028846153846153848
0 0.6454326923076923 0.5588942307692307 0.040865384615384616 0.06490384615384616
0 0.375 0.48197115384615385 0.02403846153846154 0.05048076923076923
2 0.42427884615384615 0.4879807692307692 0.016826923076923076 0.04807692307692308
0 0.33774038461538464 0.49158653846153844 0.026442307692307692 0.055288461538461536
0 0.3137019230769231 0.49399038461538464 0.03125 0.05048076923076923
0 0.3581730769230769 0.484375 0.028846153846153848 0.055288461538461536
0 0.4807692307692308 0.47596153846153844 0.028846153846153848 0.04807692307692308
0 0.5132211538461539 0.4951923076923077 0.03125 0.057692307692307696
0 0.6478365384615384 0.4807692307692308 0.055288461538461536 0.10096153846153846
0 0.22235576923076922 0.6983173076923077 0.19951923076923078 0.5120192307692307
2 0.45072115384615385 0.44711538461538464 0.01201923076923077 0.04326923076923077
4 0.7512019230769231 0.5961538461538461 0.016826923076923076 0.07211538461538461
4 0.6971153846153846 0.6213942307692307 0.019230769230769232 0.0985576923076923
0 0.59375 0.4170673076923077 0.014423076923076924 0.026442307692307692
0 0.6009615384615384 0.3858173076923077 0.009615384615384616 0.016826923076923076