0 0.5288461538461539 0.4170673076923077 0.014423076923076924 0.026442307692307692
0 0.5913461538461539 0.38822115384615385 0.014423076923076924 0.026442307692307692
0 0.4723557692307692 0.43990384615384615 0.036057692307692304 0.07211538461538461
0 0.3737980769230769 0.47475961538461536 0.021634615384615384 0.04567307692307692
0 0.31490384615384615 0.4963942307692308 0.038461538461538464 0.055288461538461536
0 0.3605769230769231 0.4795673076923077 0.02403846153846154 0.05048076923076923
0 0.33653846153846156 0.4951923076923077 0.028846153846153848 0.057692307692307696
0 0.5120192307692307 0.4495192307692308 0.02403846153846154 0.04326923076923077
0 0.45072115384615385 0.46033653846153844 0.026442307692307692 0.04567307692307692
0 0.6298076923076923 0.546875 0.08653846153846154 0.15144230769230768
0 0.5540865384615384 0.42427884615384615 0.01201923076923077 0.03125
0 0.5625 0.4483173076923077 0.02403846153846154 0.04567307692307692
0 0.5793269230769231 0.4182692307692308 0.014423076923076924 0.02403846153846154
0 0.5925480769230769 0.41225961538461536 0.01201923076923077 0.021634615384615384
0 0.5961538461538461 0.421875 0.014423076923076924 0.026442307692307692
0 0.5757211538461539 0.4519230769230769 0.01201923076923077 0.03365384615384615