2 0.6225961538461539 0.5516826923076923 0.019230769230769232 0.06971153846153846
4 0.6129807692307693 0.5036057692307693 0.014423076923076924 0.055288461538461536
0 0.6105769230769231 0.4362980769230769 0.028846153846153848 0.06009615384615385
0 0.16947115384615385 0.6262019230769231 0.08413461538461539 0.14182692307692307
0 0.24639423076923078 0.6322115384615384 0.07932692307692307 0.12980769230769232
0 0.36778846153846156 0.5697115384615384 0.052884615384615384 0.10576923076923077
4 0.2668269230769231 0.5228365384615384 0.014423076923076924 0.06490384615384616
0 0.21995192307692307 0.5612980769230769 0.07932692307692307 0.17548076923076922
0 0.3161057692307692 0.4987980769230769 0.036057692307692304 0.04567307692307692
0 0.33413461538461536 0.4963942307692308 0.02403846153846154 0.04567307692307692
0 0.3425480769230769 0.49038461538461536 0.03125 0.052884615384615384
0 0.36177884615384615 0.4795673076923077 0.026442307692307692 0.05048076923076923
0 0.375 0.47596153846153844 0.019230769230769232 0.04326923076923077
0 0.6454326923076923 0.48677884615384615 0.04567307692307692 0.0985576923076923
0 0.6129807692307693 0.4026442307692308 0.009615384615384616 0.016826923076923076
0 0.5288461538461539 0.4170673076923077 0.014423076923076924 0.021634615384615384
0 0.5564903846153846 0.42908653846153844 0.021634615384615384 0.026442307692307692
0 0.5853365384615384 0.4362980769230769 0.016826923076923076 0.026442307692307692
0 0.578125 0.4170673076923077 0.01201923076923077 0.021634615384615384
0 0.5685096153846154 0.40865384615384615 0.016826923076923076 0.019230769230769232
0 0.5817307692307693 0.39663461538461536 0.014423076923076924 0.03365384615384615
0 0.6009615384615384 0.3870192307692308 0.014423076923076924 0.028846153846153848
4 0.13701923076923078 0.5420673076923077 0.019230769230769232 0.08413461538461539
0 0.6430288461538461 0.5228365384615384 0.03125 0.06490384615384616