0 0.22355769230769232 0.5841346153846154 0.057692307692307696 0.08173076923076923
0 0.32091346153846156 0.6081730769230769 0.055288461538461536 0.08173076923076923
2 0.6418269230769231 0.6802884615384616 0.03365384615384615 0.11057692307692307
0 0.6454326923076923 0.49278846153846156 0.05048076923076923 0.09134615384615384
4 0.28725961538461536 0.4963942307692308 0.01201923076923077 0.055288461538461536
0 0.3161057692307692 0.4987980769230769 0.03125 0.05048076923076923
0 0.33413461538461536 0.49759615384615385 0.02403846153846154 0.04807692307692308
0 0.3581730769230769 0.4963942307692308 0.028846153846153848 0.05048076923076923
0 0.38221153846153844 0.4987980769230769 0.03365384615384615 0.055288461538461536
0 0.36658653846153844 0.4699519230769231 0.036057692307692304 0.03125
2 0.5348557692307693 0.4254807692307692 0.01201923076923077 0.028846153846153848
0 0.5673076923076923 0.4110576923076923 0.014423076923076924 0.038461538461538464
0 0.5805288461538461 0.40384615384615385 0.016826923076923076 0.04326923076923077
0 0.6045673076923077 0.3894230769230769 0.01201923076923077 0.019230769230769232
0 0.5961538461538461 0.39302884615384615 0.009615384615384616 0.016826923076923076
0 0.5949519230769231 0.4074519230769231 0.01201923076923077 0.021634615384615384
0 0.6454326923076923 0.5216346153846154 0.03125 0.057692307692307696