0 0.5288461538461539 0.42427884615384615 0.014423076923076924 0.03125
0 0.5841346153846154 0.41346153846153844 0.014423076923076924 0.028846153846153848
0 0.5600961538461539 0.4074519230769231 0.019230769230769232 0.04567307692307692
0 0.35697115384615385 0.47836538461538464 0.026442307692307692 0.052884615384615384
0 0.33413461538461536 0.5 0.02403846153846154 0.052884615384615384
0 0.3701923076923077 0.4987980769230769 0.03365384615384615 0.06009615384615385
0 0.3161057692307692 0.49759615384615385 0.036057692307692304 0.052884615384615384
0 0.32211538461538464 0.6081730769230769 0.057692307692307696 0.08653846153846154
0 0.6430288461538461 0.48197115384615385 0.055288461538461536 0.10817307692307693
0 0.2127403846153846 0.5913461538461539 0.055288461538461536 0.09134615384615384
2 0.6394230769230769 0.6802884615384616 0.038461538461538464 0.11538461538461539
0 0.3737980769230769 0.47115384615384615 0.021634615384615384 0.038461538461538464
0 0.5949519230769231 0.3870192307692308 0.01201923076923077 0.019230769230769232
0 0.6009615384615384 0.3894230769230769 0.009615384615384616 0.014423076923076924
0 0.5949519230769231 0.41346153846153844 0.01201923076923077 0.02403846153846154
0 0.6418269230769231 0.5240384615384616 0.03365384615384615 0.0625