2 0.6442307692307693 0.6826923076923077 0.03365384615384615 0.11538461538461539
0 0.6430288461538461 0.4807692307692308 0.05048076923076923 0.11538461538461539
0 0.203125 0.5901442307692307 0.04567307692307692 0.0889423076923077
0 0.27524038461538464 0.5865384615384616 0.13221153846153846 0.2980769230769231
0 0.35216346153846156 0.5072115384615384 0.036057692307692304 0.0673076923076923
0 0.359375 0.4807692307692308 0.026442307692307692 0.04807692307692308
0 0.375 0.47475961538461536 0.02403846153846154 0.040865384615384616
2 0.5180288461538461 0.42427884615384615 0.01201923076923077 0.03125
0 0.5216346153846154 0.41947115384615385 0.02403846153846154 0.021634615384615384
0 0.5516826923076923 0.4098557692307692 0.026442307692307692 0.055288461538461536
0 0.5793269230769231 0.4170673076923077 0.014423076923076924 0.03125
0 0.5961538461538461 0.3942307692307692 0.014423076923076924 0.019230769230769232
0 0.5889423076923077 0.41466346153846156 0.014423076923076924 0.026442307692307692
0 0.6418269230769231 0.5216346153846154 0.028846153846153848 0.0625