0 0.5925480769230769 0.38341346153846156 0.016826923076923076 0.03125
0 0.6430288461538461 0.4879807692307692 0.05048076923076923 0.09615384615384616
2 0.5973557692307693 0.6634615384615384 0.026442307692307692 0.09134615384615384
0 0.5036057692307693 0.5985576923076923 0.13221153846153846 0.2548076923076923
0 0.26802884615384615 0.5769230769230769 0.1466346153846154 0.3076923076923077
0 0.16826923076923078 0.6346153846153846 0.08173076923076923 0.1201923076923077
0 0.4206730769230769 0.625 0.04326923076923077 0.10576923076923077
0 0.14783653846153846 0.5540865384615384 0.040865384615384616 0.1466346153846154
0 0.35697115384615385 0.4795673076923077 0.03125 0.04567307692307692
0 0.3737980769230769 0.47596153846153844 0.021634615384615384 0.04807692307692308
2 0.484375 0.42788461538461536 0.01201923076923077 0.028846153846153848
0 0.5204326923076923 0.41346153846153844 0.016826923076923076 0.028846153846153848
0 0.5408653846153846 0.4110576923076923 0.019230769230769232 0.038461538461538464
0 0.5588942307692307 0.42427884615384615 0.016826923076923076 0.026442307692307692
0 0.5793269230769231 0.4182692307692308 0.014423076923076924 0.028846153846153848
0 0.6430288461538461 0.5192307692307693 0.03125 0.0625