0 0.3713942307692308 0.48197115384615385 0.021634615384615384 0.05048076923076923
2 0.625 0.6069711538461539 0.02403846153846154 0.08413461538461539
0 0.6430288461538461 0.49278846153846156 0.05048076923076923 0.08653846153846154
0 0.33413461538461536 0.5 0.02403846153846154 0.057692307692307696
2 0.4699519230769231 0.4338942307692308 0.01201923076923077 0.040865384615384616
0 0.31850961538461536 0.49759615384615385 0.036057692307692304 0.052884615384615384
0 0.3557692307692308 0.4831730769230769 0.03365384615384615 0.057692307692307696
0 0.2848557692307692 0.5372596153846154 0.04567307692307692 0.07451923076923077
0 0.4879807692307692 0.5300480769230769 0.04326923076923077 0.07451923076923077
0 0.40625 0.578125 0.08173076923076923 0.18028846153846154
0 0.5564903846153846 0.5997596153846154 0.0889423076923077 0.17548076923076922
0 0.5228365384615384 0.4074519230769231 0.03125 0.05048076923076923
0 0.5432692307692307 0.40865384615384615 0.014423076923076924 0.038461538461538464
0 0.5889423076923077 0.38822115384615385 0.014423076923076924 0.026442307692307692
0 0.5516826923076923 0.4254807692307692 0.016826923076923076 0.028846153846153848
0 0.5745192307692307 0.41947115384615385 0.014423076923076924 0.026442307692307692
0 0.6418269230769231 0.5216346153846154 0.03365384615384615 0.057692307692307696