4 0.28365384615384615 0.5072115384615384 0.014423076923076924 0.057692307692307696
0 0.3173076923076923 0.4987980769230769 0.03365384615384615 0.05048076923076923
0 0.33413461538461536 0.4963942307692308 0.02403846153846154 0.05048076923076923
0 0.34375 0.49158653846153844 0.028846153846153848 0.055288461538461536
0 0.3605769230769231 0.4831730769230769 0.028846153846153848 0.04807692307692308
0 0.375 0.47716346153846156 0.02403846153846154 0.04567307692307692
0 0.4567307692307692 0.4723557692307692 0.028846153846153848 0.04567307692307692
0 0.36778846153846156 0.5661057692307693 0.04807692307692308 0.07451923076923077
2 0.6165865384615384 0.6995192307692307 0.06490384615384616 0.20192307692307693
0 0.6442307692307693 0.5204326923076923 0.028846153846153848 0.06490384615384616
0 0.6454326923076923 0.49278846153846156 0.05048076923076923 0.08173076923076923
0 0.5288461538461539 0.4170673076923077 0.014423076923076924 0.021634615384615384
2 0.5528846153846154 0.4170673076923077 0.009615384615384616 0.026442307692307692
0 0.5733173076923077 0.40384615384615385 0.016826923076923076 0.03365384615384615
0 0.5889423076923077 0.4206730769230769 0.014423076923076924 0.02403846153846154
0 0.6069711538461539 0.41947115384615385 0.026442307692307692 0.06490384615384616
0 0.5925480769230769 0.39663461538461536 0.016826923076923076 0.028846153846153848
0 0.5841346153846154 0.4050480769230769 0.009615384615384616 0.016826923076923076