4 0.30649038461538464 0.4735576923076923 0.01201923076923077 0.038461538461538464
0 0.31490384615384615 0.4963942307692308 0.03365384615384615 0.05048076923076923
0 0.33413461538461536 0.4963942307692308 0.02403846153846154 0.05048076923076923
0 0.3605769230769231 0.4807692307692308 0.028846153846153848 0.04807692307692308
0 0.37259615384615385 0.47596153846153844 0.02403846153846154 0.04807692307692308
2 0.39783653846153844 0.45913461538461536 0.016826923076923076 0.04807692307692308
0 0.45072115384615385 0.49158653846153844 0.036057692307692304 0.06009615384615385
0 0.46033653846153844 0.44471153846153844 0.036057692307692304 0.07211538461538461
0 0.4891826923076923 0.46875 0.026442307692307692 0.04807692307692308
2 0.6706730769230769 0.6850961538461539 0.038461538461538464 0.11057692307692307
0 0.7367788461538461 0.6598557692307693 0.06009615384615385 0.0889423076923077
0 0.6466346153846154 0.5192307692307693 0.028846153846153848 0.0625
0 0.6153846153846154 0.43028846153846156 0.03365384615384615 0.0625
0 0.6358173076923077 0.4891826923076923 0.03125 0.07932692307692307
0 0.5456730769230769 0.4098557692307692 0.02403846153846154 0.05048076923076923
0 0.5288461538461539 0.4170673076923077 0.014423076923076924 0.021634615384615384
0 0.5528846153846154 0.4254807692307692 0.019230769230769232 0.028846153846153848
0 0.5757211538461539 0.41466346153846156 0.01201923076923077 0.026442307692307692
0 0.5925480769230769 0.4110576923076923 0.01201923076923077 0.02403846153846154
0 0.5985576923076923 0.4206730769230769 0.009615384615384616 0.028846153846153848
1 0.38771634615384615 0.6686057692307692 0.529423076923077 0.09762019230769231