0 0.21153846153846154 0.5504807692307693 0.09134615384615384 0.17307692307692307
2 0.6598557692307693 0.625 0.026442307692307692 0.08653846153846154
0 0.5288461538461539 0.6466346153846154 0.09615384615384616 0.15384615384615385
0 0.5901442307692307 0.4723557692307692 0.040865384615384616 0.0985576923076923
0 0.6442307692307693 0.4879807692307692 0.052884615384615384 0.08653846153846154
0 0.31490384615384615 0.4963942307692308 0.03365384615384615 0.05048076923076923
0 0.33413461538461536 0.49399038461538464 0.02403846153846154 0.05048076923076923
0 0.39663461538461536 0.5012019230769231 0.0673076923076923 0.17067307692307693
0 0.3557692307692308 0.47836538461538464 0.02403846153846154 0.052884615384615384
0 0.4483173076923077 0.4879807692307692 0.03125 0.0673076923076923
0 0.4891826923076923 0.46634615384615385 0.026442307692307692 0.04807692307692308
0 0.4579326923076923 0.4387019230769231 0.036057692307692304 0.09375
0 0.5060096153846154 0.4423076923076923 0.03125 0.07211538461538461
0 0.5360576923076923 0.41947115384615385 0.014423076923076924 0.03125
0 0.5288461538461539 0.41586538461538464 0.009615384615384616 0.019230769230769232