0 0.5492788461538461 0.4230769230769231 0.021634615384615384 0.03365384615384615
0 0.5036057692307693 0.42908653846153844 0.016826923076923076 0.026442307692307692
0 0.5805288461538461 0.3954326923076923 0.016826923076923076 0.026442307692307692
0 0.5432692307692307 0.4110576923076923 0.019230769230769232 0.038461538461538464
0 0.37259615384615385 0.47836538461538464 0.02403846153846154 0.04326923076923077
2 0.44350961538461536 0.44591346153846156 0.016826923076923076 0.040865384615384616
0 0.33653846153846156 0.49759615384615385 0.02403846153846154 0.052884615384615384
0 0.5673076923076923 0.44471153846153844 0.019230769230769232 0.038461538461538464
0 0.3581730769230769 0.4831730769230769 0.028846153846153848 0.052884615384615384
0 0.31490384615384615 0.49399038461538464 0.03365384615384615 0.055288461538461536
0 0.5348557692307693 0.46274038461538464 0.036057692307692304 0.0889423076923077
0 0.17427884615384615 0.6045673076923077 0.06971153846153846 0.0985576923076923
0 0.6045673076923077 0.5420673076923077 0.07451923076923077 0.15144230769230768
4 0.140625 0.5360576923076923 0.01201923076923077 0.07692307692307693
0 0.6394230769230769 0.5036057692307693 0.038461538461538464 0.0985576923076923
0 0.5276442307692307 0.4182692307692308 0.01201923076923077 0.014423076923076924
0 0.5528846153846154 0.4254807692307692 0.014423076923076924 0.028846153846153848
0 0.5625 0.41346153846153844 0.014423076923076924 0.019230769230769232