0 0.5697115384615384 0.4206730769230769 0.028846153846153848 0.038461538461538464
0 0.3918269230769231 0.4795673076923077 0.02403846153846154 0.05048076923076923
0 0.5721153846153846 0.4795673076923077 0.04326923076923077 0.0985576923076923
0 0.5492788461538461 0.4254807692307692 0.021634615384615384 0.03365384615384615
0 0.3713942307692308 0.47836538461538464 0.026442307692307692 0.052884615384615384
0 0.3581730769230769 0.48197115384615385 0.028846153846153848 0.055288461538461536
0 0.31490384615384615 0.4951923076923077 0.03365384615384615 0.052884615384615384
0 0.33413461538461536 0.49759615384615385 0.02403846153846154 0.057692307692307696
0 0.6430288461538461 0.49399038461538464 0.05048076923076923 0.11298076923076923
0 0.5264423076923077 0.4182692307692308 0.02403846153846154 0.052884615384615384
0 0.6370192307692307 0.6514423076923077 0.125 0.11057692307692307
0 0.4495192307692308 0.5673076923076923 0.11538461538461539 0.20192307692307693
4 0.140625 0.5396634615384616 0.016826923076923076 0.08413461538461539
2 0.4182692307692308 0.4543269230769231 0.014423076923076924 0.038461538461538464
0 0.5997596153846154 0.39302884615384615 0.007211538461538462 0.016826923076923076
0 0.5709134615384616 0.40024038461538464 0.016826923076923076 0.021634615384615384