0 0.5384615384615384 0.42788461538461536 0.019230769230769232 0.028846153846153848
0 0.6430288461538461 0.4855769230769231 0.04567307692307692 0.08173076923076923
0 0.375 0.47475961538461536 0.02403846153846154 0.04567307692307692
2 0.40625 0.4567307692307692 0.014423076923076924 0.04807692307692308
0 0.33533653846153844 0.49399038461538464 0.021634615384615384 0.05048076923076923
0 0.3137019230769231 0.49278846153846156 0.03125 0.052884615384615384
0 0.3581730769230769 0.47836538461538464 0.028846153846153848 0.052884615384615384
0 0.5168269230769231 0.4110576923076923 0.02403846153846154 0.052884615384615384
0 0.22716346153846154 0.6225961538461539 0.07451923076923077 0.13942307692307693
0 0.5961538461538461 0.4639423076923077 0.038461538461538464 0.08653846153846154
0 0.4675480769230769 0.5228365384615384 0.06971153846153846 0.18028846153846154
4 0.14182692307692307 0.5348557692307693 0.019230769230769232 0.08413461538461539
4 0.3161057692307692 0.4579326923076923 0.01201923076923077 0.04567307692307692
0 0.5805288461538461 0.4230769230769231 0.026442307692307692 0.057692307692307696
0 0.5961538461538461 0.39663461538461536 0.009615384615384616 0.019230769230769232
0 0.5697115384615384 0.4050480769230769 0.014423076923076924 0.036057692307692304
0 0.6430288461538461 0.5216346153846154 0.03125 0.057692307692307696