0 0.6165865384615384 0.4266826923076923 0.026442307692307692 0.055288461538461536
0 0.5540865384615384 0.4098557692307692 0.021634615384615384 0.036057692307692304
0 0.5901442307692307 0.5012019230769231 0.03125 0.06009615384615385
2 0.6009615384615384 0.5492788461538461 0.019230769230769232 0.06009615384615385
0 0.5228365384615384 0.4050480769230769 0.026442307692307692 0.06009615384615385
0 0.31490384615384615 0.4951923076923077 0.03365384615384615 0.052884615384615384
0 0.1502403846153846 0.625 0.04567307692307692 0.15865384615384615
0 0.3545673076923077 0.578125 0.05048076923076923 0.0889423076923077
0 0.36177884615384615 0.4891826923076923 0.06009615384615385 0.10336538461538461
2 0.6670673076923077 0.7367788461538461 0.07451923076923077 0.27163461538461536
4 0.14182692307692307 0.5288461538461539 0.014423076923076924 0.07211538461538461
2 0.3942307692307692 0.45913461538461536 0.014423076923076924 0.04807692307692308
0 0.6430288461538461 0.4879807692307692 0.04567307692307692 0.08173076923076923
0 0.5288461538461539 0.41947115384615385 0.019230769230769232 0.036057692307692304
0 0.5769230769230769 0.40865384615384615 0.009615384615384616 0.019230769230769232
0 0.5913461538461539 0.4098557692307692 0.009615384615384616 0.016826923076923076
0 0.5925480769230769 0.40384615384615385 0.007211538461538462 0.019230769230769232
0 0.5528846153846154 0.4254807692307692 0.019230769230769232 0.028846153846153848
0 0.6021634615384616 0.3870192307692308 0.01201923076923077 0.02403846153846154