0 0.4519230769230769 0.46875 0.03365384615384615 0.07211538461538461
0 0.6418269230769231 0.4807692307692308 0.052884615384615384 0.10576923076923077
4 0.3161057692307692 0.5673076923076923 0.016826923076923076 0.07692307692307693
0 0.33533653846153844 0.4951923076923077 0.021634615384615384 0.052884615384615384
0 0.3161057692307692 0.49399038461538464 0.03125 0.05048076923076923
0 0.4855769230769231 0.4423076923076923 0.02403846153846154 0.04326923076923077
0 0.49759615384615385 0.41466346153846156 0.028846153846153848 0.06490384615384616
0 0.5408653846153846 0.421875 0.028846153846153848 0.055288461538461536
4 0.49759615384615385 0.5588942307692307 0.02403846153846154 0.07932692307692307
2 0.6694711538461539 0.6850961538461539 0.03125 0.09615384615384616
0 0.40384615384615385 0.45913461538461536 0.1346153846153846 0.12980769230769232
0 0.5829326923076923 0.5372596153846154 0.06490384615384616 0.14182692307692307
0 0.20793269230769232 0.5540865384615384 0.0889423076923077 0.17067307692307693
0 0.3581730769230769 0.6274038461538461 0.15865384615384615 0.11057692307692307
0 0.5661057692307693 0.4230769230769231 0.016826923076923076 0.028846153846153848
0 0.5757211538461539 0.4170673076923077 0.01201923076923077 0.026442307692307692
1 0.5491586538461538 0.674014423076923 0.2161298076923077 0.061153846153846156
1 0.20305288461538462 0.6457692307692308 0.1488701923076923 0.05673076923076924