0 0.21033653846153846 0.5757211538461539 0.055288461538461536 0.12259615384615384
2 0.453125 0.43509615384615385 0.01201923076923077 0.038461538461538464
0 0.37740384615384615 0.47596153846153844 0.02403846153846154 0.04807692307692308
0 0.5216346153846154 0.4411057692307692 0.019230769230769232 0.036057692307692304
0 0.6454326923076923 0.4831730769230769 0.055288461538461536 0.09615384615384616
0 0.16346153846153846 0.5697115384615384 0.07692307692307693 0.1875
0 0.2920673076923077 0.5528846153846154 0.09375 0.23076923076923078
0 0.2091346153846154 0.5793269230769231 0.04326923076923077 0.1201923076923077
0 0.3317307692307692 0.49038461538461536 0.07211538461538461 0.14903846153846154
2 0.40024038461538464 0.45913461538461536 0.021634615384615384 0.04807692307692308
0 0.5240384615384616 0.41947115384615385 0.014423076923076924 0.03125
2 0.6382211538461539 0.546875 0.016826923076923076 0.06009615384615385
0 0.6141826923076923 0.43149038461538464 0.03125 0.06490384615384616
2 0.5889423076923077 0.3870192307692308 0.004807692307692308 0.019230769230769232
2 0.5841346153846154 0.3870192307692308 0.004807692307692308 0.019230769230769232