0 0.5925480769230769 0.38341346153846156 0.01201923076923077 0.016826923076923076
0 0.6057692307692307 0.38461538461538464 0.009615384615384616 0.019230769230769232
0 0.5300480769230769 0.4110576923076923 0.01201923076923077 0.019230769230769232
0 0.5576923076923077 0.40625 0.02403846153846154 0.057692307692307696
0 0.5913461538461539 0.4519230769230769 0.038461538461538464 0.10576923076923077
0 0.6454326923076923 0.48197115384615385 0.05048076923076923 0.10336538461538461
0 0.5552884615384616 0.4579326923076923 0.02403846153846154 0.040865384615384616
0 0.49038461538461536 0.4074519230769231 0.052884615384615384 0.055288461538461536
0 0.31490384615384615 0.49399038461538464 0.03365384615384615 0.04567307692307692
0 0.37259615384615385 0.4579326923076923 0.14423076923076922 0.12740384615384615
0 0.3629807692307692 0.6045673076923077 0.08653846153846154 0.19951923076923078
0 0.23076923076923078 0.5757211538461539 0.052884615384615384 0.10336538461538461
2 0.6370192307692307 0.7848557692307693 0.14903846153846154 0.43028846153846156