0 0.6009615384615384 0.390625 0.009615384615384616 0.016826923076923076
0 0.5901442307692307 0.3858173076923077 0.01201923076923077 0.021634615384615384
0 0.5901442307692307 0.4362980769230769 0.03125 0.09375
0 0.6430288461538461 0.4807692307692308 0.04567307692307692 0.10096153846153846
0 0.5552884615384616 0.4050480769230769 0.02403846153846154 0.06009615384615385
0 0.5372596153846154 0.421875 0.026442307692307692 0.06009615384615385
2 0.3954326923076923 0.4567307692307692 0.016826923076923076 0.04326923076923077
0 0.4387019230769231 0.47475961538461536 0.05048076923076923 0.13221153846153846
0 0.359375 0.47716346153846156 0.03125 0.04567307692307692
0 0.3737980769230769 0.47115384615384615 0.021634615384615384 0.04326923076923077
0 0.3161057692307692 0.4951923076923077 0.03125 0.04807692307692308
0 0.33413461538461536 0.49278846153846156 0.02403846153846154 0.04807692307692308
0 0.3629807692307692 0.6069711538461539 0.08173076923076923 0.18990384615384615
0 0.22956730769230768 0.5757211538461539 0.055288461538461536 0.10336538461538461
0 0.5733173076923077 0.4387019230769231 0.01201923076923077 0.036057692307692304
2 0.6754807692307693 0.6935096153846154 0.057692307692307696 0.17548076923076922
4 0.4987980769230769 0.4182692307692308 0.007211538461538462 0.02403846153846154