4 0.49759615384615385 0.4170673076923077 0.009615384615384616 0.026442307692307692
0 0.5552884615384616 0.4050480769230769 0.02403846153846154 0.06009615384615385
0 0.5180288461538461 0.4375 0.03125 0.0673076923076923
0 0.6105769230769231 0.4230769230769231 0.02403846153846154 0.07211538461538461
0 0.6033653846153846 0.38461538461538464 0.009615384615384616 0.019230769230769232
0 0.5949519230769231 0.4026442307692308 0.01201923076923077 0.021634615384615384
0 0.5877403846153846 0.42788461538461536 0.026442307692307692 0.038461538461538464
0 0.6430288461538461 0.4855769230769231 0.040865384615384616 0.08653846153846154
2 0.6610576923076923 0.6790865384615384 0.03365384615384615 0.0985576923076923
0 0.3641826923076923 0.6057692307692307 0.07932692307692307 0.1971153846153846
0 0.3581730769230769 0.5180288461538461 0.08173076923076923 0.18028846153846154
0 0.39663461538461536 0.4543269230769231 0.014423076923076924 0.04326923076923077
0 0.3125 0.49278846153846156 0.02403846153846154 0.04807692307692308
0 0.22355769230769232 0.5733173076923077 0.057692307692307696 0.10336538461538461
1 0.5299278846153845 0.6643990384615385 0.2257451923076923 0.07396634615384615
1 0.22165865384615382 0.6327403846153847 0.18211538461538462 0.0667548076923077