0 0.13701923076923078 0.6201923076923077 0.02403846153846154 0.1201923076923077
0 0.28125 0.5456730769230769 0.10576923076923077 0.22115384615384615
0 0.36538461538461536 0.6069711538461539 0.08173076923076923 0.19471153846153846
0 0.33533653846153844 0.49158653846153844 0.021634615384615384 0.05048076923076923
0 0.3581730769230769 0.47716346153846156 0.028846153846153848 0.04567307692307692
0 0.3737980769230769 0.4735576923076923 0.021634615384615384 0.04326923076923077
2 0.3954326923076923 0.45552884615384615 0.016826923076923076 0.04567307692307692
0 0.49399038461538464 0.4519230769230769 0.040865384615384616 0.08173076923076923
0 0.5288461538461539 0.41346153846153844 0.014423076923076924 0.019230769230769232
0 0.5540865384615384 0.40865384615384615 0.026442307692307692 0.0673076923076923
0 0.5793269230769231 0.3942307692307692 0.009615384615384616 0.019230769230769232
0 0.5889423076923077 0.42427884615384615 0.014423076923076924 0.03125
0 0.6430288461538461 0.4855769230769231 0.04567307692307692 0.09134615384615384
2 0.6358173076923077 0.6382211538461539 0.026442307692307692 0.08413461538461539