0 0.31490384615384615 0.49158653846153844 0.03365384615384615 0.05048076923076923
0 0.33653846153846156 0.49399038461538464 0.02403846153846154 0.05048076923076923
0 0.3581730769230769 0.47716346153846156 0.028846153846153848 0.05048076923076923
0 0.37259615384615385 0.47115384615384615 0.02403846153846154 0.04326923076923077
2 0.39663461538461536 0.453125 0.014423076923076924 0.04567307692307692
0 0.43028846153846156 0.49759615384615385 0.057692307692307696 0.11538461538461539
4 0.4987980769230769 0.4170673076923077 0.007211538461538462 0.026442307692307692
0 0.5324519230769231 0.41947115384615385 0.03125 0.07932692307692307
0 0.5961538461538461 0.3870192307692308 0.009615384615384616 0.019230769230769232
0 0.5793269230769231 0.39663461538461536 0.014423076923076924 0.019230769230769232
0 0.5793269230769231 0.41586538461538464 0.014423076923076924 0.02403846153846154
0 0.5997596153846154 0.4182692307692308 0.01201923076923077 0.028846153846153848
0 0.6430288461538461 0.4831730769230769 0.04567307692307692 0.09134615384615384
2 0.6033653846153846 0.5480769230769231 0.019230769230769232 0.052884615384615384
1 0.4179567307692308 0.661201923076923 0.5746875 0.10603365384615385