0 0.31971153846153844 0.6286057692307693 0.07692307692307693 0.15144230769230768
0 0.5540865384615384 0.6045673076923077 0.2764423076923077 0.19471153846153846
0 0.6442307692307693 0.48677884615384615 0.04807692307692308 0.0889423076923077
2 0.5973557692307693 0.49759615384615385 0.016826923076923076 0.04326923076923077
0 0.3161057692307692 0.49278846153846156 0.03125 0.04807692307692308
0 0.33533653846153844 0.49278846153846156 0.021634615384615384 0.04807692307692308
0 0.359375 0.47475961538461536 0.026442307692307692 0.04567307692307692
0 0.3762019230769231 0.4723557692307692 0.021634615384615384 0.040865384615384616
2 0.39663461538461536 0.4567307692307692 0.014423076923076924 0.04326923076923077
0 0.47836538461538464 0.4495192307692308 0.04326923076923077 0.11057692307692307
0 0.5288461538461539 0.41225961538461536 0.014423076923076924 0.021634615384615384
0 0.5612980769230769 0.42427884615384615 0.016826923076923076 0.026442307692307692
0 0.6081730769230769 0.41346153846153844 0.014423076923076924 0.028846153846153848