4 0.18629807692307693 0.5384615384615384 0.016826923076923076 0.07692307692307693
0 0.3161057692307692 0.49399038461538464 0.03125 0.05048076923076923
0 0.33413461538461536 0.49158653846153844 0.02403846153846154 0.05048076923076923
2 0.3557692307692308 0.49278846153846156 0.014423076923076924 0.04807692307692308
0 0.359375 0.47596153846153844 0.026442307692307692 0.04807692307692308
0 0.37259615384615385 0.4723557692307692 0.02403846153846154 0.05048076923076923
2 0.39783653846153844 0.45552884615384615 0.016826923076923076 0.04567307692307692
2 0.44350961538461536 0.4338942307692308 0.01201923076923077 0.04567307692307692
0 0.5336538461538461 0.4254807692307692 0.019230769230769232 0.04326923076923077
0 0.5432692307692307 0.4026442307692308 0.019230769230769232 0.05048076923076923
0 0.6117788461538461 0.39302884615384615 0.01201923076923077 0.016826923076923076
0 0.5817307692307693 0.43149038461538464 0.019230769230769232 0.03125
0 0.578125 0.5084134615384616 0.036057692307692304 0.06009615384615385
0 0.6442307692307693 0.4855769230769231 0.04807692307692308 0.09134615384615384