4 0.5300480769230769 0.5348557692307693 0.016826923076923076 0.06490384615384616
2 0.45072115384615385 0.4387019230769231 0.01201923076923077 0.036057692307692304
4 0.45913461538461536 0.42908653846153844 0.009615384615384616 0.036057692307692304
0 0.23798076923076922 0.6935096153846154 0.19230769230769232 0.27163461538461536
0 0.25240384615384615 0.546875 0.10096153846153846 0.12740384615384615
0 0.359375 0.47596153846153844 0.03125 0.04807692307692308
0 0.37259615384615385 0.4723557692307692 0.02403846153846154 0.04567307692307692
2 0.39663461538461536 0.4543269230769231 0.019230769230769232 0.04326923076923077
0 0.5288461538461539 0.41225961538461536 0.014423076923076924 0.016826923076923076
0 0.546875 0.4014423076923077 0.021634615384615384 0.04807692307692308
0 0.578125 0.4110576923076923 0.01201923076923077 0.028846153846153848
0 0.5949519230769231 0.40384615384615385 0.01201923076923077 0.019230769230769232
0 0.6418269230769231 0.47836538461538464 0.04326923076923077 0.09615384615384616
0 0.5901442307692307 0.38341346153846156 0.01201923076923077 0.021634615384615384
0 0.6033653846153846 0.3858173076923077 0.014423076923076924 0.021634615384615384
0 0.3161057692307692 0.49158653846153844 0.03125 0.04567307692307692
0 0.33413461538461536 0.49158653846153844 0.02403846153846154 0.04567307692307692