4 0.16105769230769232 0.5576923076923077 0.019230769230769232 0.08653846153846154
2 0.20432692307692307 0.5480769230769231 0.019230769230769232 0.07692307692307693
4 0.43509615384615385 0.4375 0.009615384615384616 0.038461538461538464
0 0.3161057692307692 0.49278846153846156 0.036057692307692304 0.052884615384615384
0 0.359375 0.47596153846153844 0.03125 0.04807692307692308
0 0.375 0.47115384615384615 0.02403846153846154 0.04326923076923077
2 0.3954326923076923 0.4543269230769231 0.016826923076923076 0.04807692307692308
0 0.4795673076923077 0.45913461538461536 0.026442307692307692 0.057692307692307696
0 0.43990384615384615 0.6177884615384616 0.07692307692307693 0.11057692307692307
0 0.5288461538461539 0.4110576923076923 0.014423076923076924 0.019230769230769232
0 0.5432692307692307 0.40024038461538464 0.019230769230769232 0.04567307692307692
0 0.5949519230769231 0.4026442307692308 0.01201923076923077 0.021634615384615384
0 0.5985576923076923 0.4483173076923077 0.02403846153846154 0.036057692307692304
0 0.6430288461538461 0.48677884615384615 0.04567307692307692 0.08413461538461539
0 0.33413461538461536 0.49278846153846156 0.02403846153846154 0.04807692307692308