4 0.59375 0.3894230769230769 0.004807692307692308 0.019230769230769232
0 0.5276442307692307 0.41225961538461536 0.01201923076923077 0.021634615384615384
0 0.5745192307692307 0.41346153846153844 0.014423076923076924 0.02403846153846154
0 0.5432692307692307 0.39903846153846156 0.019230769230769232 0.04807692307692308
0 0.14182692307692307 0.59375 0.028846153846153848 0.11057692307692307
2 0.4182692307692308 0.46875 0.014423076923076924 0.04326923076923077
4 0.42427884615384615 0.4411057692307692 0.007211538461538462 0.036057692307692304
0 0.31490384615384615 0.49278846153846156 0.03365384615384615 0.052884615384615384
2 0.3954326923076923 0.4543269230769231 0.016826923076923076 0.04807692307692308
0 0.33653846153846156 0.49158653846153844 0.02403846153846154 0.05048076923076923
0 0.359375 0.47475961538461536 0.026442307692307692 0.04567307692307692
0 0.375 0.47115384615384615 0.019230769230769232 0.04326923076923077
0 0.6418269230769231 0.48677884615384615 0.04807692307692308 0.0889423076923077
0 0.5288461538461539 0.47836538461538464 0.02403846153846154 0.052884615384615384
0 0.5060096153846154 0.5180288461538461 0.036057692307692304 0.06009615384615385
0 0.4735576923076923 0.5600961538461539 0.04807692307692308 0.07211538461538461
0 0.5432692307692307 0.5805288461538461 0.04807692307692308 0.07932692307692307
4 0.6009615384615384 0.3894230769230769 0.004807692307692308 0.019230769230769232