0 0.3762019230769231 0.6394230769230769 0.06971153846153846 0.12980769230769232
0 0.3161057692307692 0.4963942307692308 0.036057692307692304 0.055288461538461536
0 0.33653846153846156 0.4951923076923077 0.02403846153846154 0.052884615384615384
0 0.3605769230769231 0.4795673076923077 0.028846153846153848 0.05048076923076923
0 0.3786057692307692 0.4699519230769231 0.026442307692307692 0.055288461538461536
2 0.39663461538461536 0.4579326923076923 0.014423076923076924 0.04567307692307692
0 0.5192307692307693 0.44591346153846156 0.02403846153846154 0.040865384615384616
0 0.5276442307692307 0.41466346153846156 0.01201923076923077 0.021634615384615384
0 0.5432692307692307 0.4026442307692308 0.019230769230769232 0.04567307692307692
0 0.5901442307692307 0.3858173076923077 0.01201923076923077 0.016826923076923076
0 0.5769230769230769 0.4387019230769231 0.019230769230769232 0.03125
0 0.6057692307692307 0.4519230769230769 0.019230769230769232 0.03365384615384615
0 0.6418269230769231 0.48677884615384615 0.04326923076923077 0.0889423076923077
4 0.4206730769230769 0.4495192307692308 0.009615384615384616 0.02403846153846154
4 0.5685096153846154 0.3942307692307692 0.007211538461538462 0.02403846153846154
4 0.5733173076923077 0.3942307692307692 0.007211538461538462 0.02403846153846154