0 0.37740384615384615 0.6430288461538461 0.07211538461538461 0.13221153846153846
0 0.6442307692307693 0.4831730769230769 0.04807692307692308 0.10096153846153846
0 0.3173076923076923 0.4963942307692308 0.03365384615384615 0.05048076923076923
0 0.33413461538461536 0.4963942307692308 0.02403846153846154 0.05048076923076923
0 0.3581730769230769 0.4795673076923077 0.028846153846153848 0.05048076923076923
0 0.37740384615384615 0.4735576923076923 0.028846153846153848 0.052884615384615384
2 0.3954326923076923 0.4567307692307692 0.016826923076923076 0.04326923076923077
0 0.49158653846153844 0.4699519230769231 0.03125 0.055288461538461536
2 0.5 0.4254807692307692 0.009615384615384616 0.028846153846153848
0 0.6105769230769231 0.4423076923076923 0.019230769230769232 0.03365384615384615
0 0.5793269230769231 0.4338942307692308 0.019230769230769232 0.03125
0 0.5276442307692307 0.41586538461538464 0.01201923076923077 0.019230769230769232
0 0.5432692307692307 0.4014423076923077 0.019230769230769232 0.04807692307692308
0 0.5877403846153846 0.38822115384615385 0.01201923076923077 0.016826923076923076
0 0.5925480769230769 0.40024038461538464 0.016826923076923076 0.016826923076923076
4 0.4206730769230769 0.4495192307692308 0.009615384615384616 0.02403846153846154