0 0.31490384615384615 0.49158653846153844 0.03365384615384615 0.05048076923076923
0 0.33413461538461536 0.49278846153846156 0.028846153846153848 0.052884615384615384
0 0.4651442307692308 0.5480769230769231 0.040865384615384616 0.08173076923076923
0 0.359375 0.47475961538461536 0.026442307692307692 0.05048076923076923
0 0.3798076923076923 0.46875 0.028846153846153848 0.057692307692307696
2 0.39783653846153844 0.4543269230769231 0.016826923076923076 0.04326923076923077
4 0.421875 0.45072115384615385 0.01201923076923077 0.026442307692307692
0 0.6418269230769231 0.4831730769230769 0.04326923076923077 0.09134615384615384
0 0.5276442307692307 0.41225961538461536 0.01201923076923077 0.021634615384615384
0 0.5420673076923077 0.40024038461538464 0.021634615384615384 0.04567307692307692
0 0.5901442307692307 0.4254807692307692 0.016826923076923076 0.028846153846153848
0 0.5637019230769231 0.4098557692307692 0.01201923076923077 0.026442307692307692
0 0.5709134615384616 0.40384615384615385 0.01201923076923077 0.019230769230769232
0 0.59375 0.40024038461538464 0.009615384615384616 0.016826923076923076
0 0.5805288461538461 0.3942307692307692 0.01201923076923077 0.02403846153846154
0 0.6033653846153846 0.390625 0.009615384615384616 0.016826923076923076
5 0.4961057692307692 0.3413942307692308 0.03576923076923077 0.05439903846153846