0 0.5877403846153846 0.4074519230769231 0.01201923076923077 0.026442307692307692
0 0.5432692307692307 0.4026442307692308 0.019230769230769232 0.04567307692307692
2 0.3954326923076923 0.4543269230769231 0.016826923076923076 0.04326923076923077
0 0.5264423076923077 0.41346153846153844 0.014423076923076924 0.019230769230769232
0 0.38100961538461536 0.4723557692307692 0.026442307692307692 0.05048076923076923
0 0.3581730769230769 0.47475961538461536 0.028846153846153848 0.05048076923076923
0 0.640625 0.4807692307692308 0.04567307692307692 0.09615384615384616
0 0.23076923076923078 0.6370192307692307 0.20192307692307693 0.5673076923076923
0 0.32572115384615385 0.5432692307692307 0.06009615384615385 0.22596153846153846
4 0.6790865384615384 0.6766826923076923 0.05048076923076923 0.21875
0 0.5889423076923077 0.38341346153846156 0.014423076923076924 0.026442307692307692
0 0.5661057692307693 0.41225961538461536 0.01201923076923077 0.021634615384615384
0 0.5600961538461539 0.39903846153846156 0.019230769230769232 0.028846153846153848
0 0.6057692307692307 0.41346153846153844 0.02403846153846154 0.02403846153846154