0 0.5805288461538461 0.38341346153846156 0.016826923076923076 0.026442307692307692
2 0.4891826923076923 0.4411057692307692 0.01201923076923077 0.036057692307692304
0 0.5889423076923077 0.40625 0.014423076923076924 0.02403846153846154
4 0.39663461538461536 0.4567307692307692 0.019230769230769232 0.04807692307692308
0 0.33653846153846156 0.49158653846153844 0.02403846153846154 0.05048076923076923
0 0.3161057692307692 0.49278846153846156 0.03125 0.052884615384615384
0 0.3786057692307692 0.4699519230769231 0.03125 0.06009615384615385
0 0.3605769230769231 0.47716346153846156 0.028846153846153848 0.05048076923076923
0 0.5444711538461539 0.4014423076923077 0.021634615384615384 0.04807692307692308
0 0.6418269230769231 0.4807692307692308 0.04326923076923077 0.09615384615384616
0 0.4639423076923077 0.625 0.1201923076923077 0.23076923076923078
0 0.33533653846153844 0.47836538461538464 0.026442307692307692 0.04326923076923077
0 0.5793269230769231 0.39663461538461536 0.014423076923076924 0.019230769230769232
0 0.6057692307692307 0.38822115384615385 0.014423076923076924 0.016826923076923076
0 0.5745192307692307 0.4182692307692308 0.014423076923076924 0.02403846153846154
0 0.5300480769230769 0.41466346153846156 0.01201923076923077 0.021634615384615384
4 0.6838942307692307 0.6694711538461539 0.05048076923076923 0.19951923076923078