0 0.5456730769230769 0.4014423076923077 0.019230769230769232 0.04807692307692308
0 0.3173076923076923 0.49759615384615385 0.03365384615384615 0.057692307692307696
0 0.5925480769230769 0.4579326923076923 0.03125 0.06009615384615385
0 0.359375 0.47716346153846156 0.026442307692307692 0.05048076923076923
4 0.6670673076923077 0.6646634615384616 0.040865384615384616 0.1466346153846154
0 0.6418269230769231 0.48197115384615385 0.04326923076923077 0.09375
0 0.33653846153846156 0.4963942307692308 0.02403846153846154 0.05048076923076923
0 0.33533653846153844 0.47716346153846156 0.026442307692307692 0.04567307692307692
0 0.3798076923076923 0.4723557692307692 0.028846153846153848 0.06009615384615385
2 0.39663461538461536 0.4567307692307692 0.014423076923076924 0.04807692307692308
4 0.4206730769230769 0.45072115384615385 0.009615384615384616 0.021634615384615384
0 0.5192307692307693 0.41947115384615385 0.014423076923076924 0.026442307692307692
0 0.5300480769230769 0.41586538461538464 0.01201923076923077 0.019230769230769232
4 0.5228365384615384 0.42427884615384615 0.007211538461538462 0.03125
0 0.5685096153846154 0.41466346153846156 0.01201923076923077 0.026442307692307692
0 0.578125 0.41225961538461536 0.01201923076923077 0.026442307692307692
0 0.59375 0.4074519230769231 0.009615384615384616 0.021634615384615384
0 0.5817307692307693 0.39302884615384615 0.014423076923076924 0.03125