4 0.4206730769230769 0.45072115384615385 0.009615384615384616 0.026442307692307692
0 0.5432692307692307 0.40384615384615385 0.019230769230769232 0.04326923076923077
4 0.6959134615384616 0.6754807692307693 0.036057692307692304 0.12980769230769232
0 0.5120192307692307 0.421875 0.019230769230769232 0.026442307692307692
0 0.5276442307692307 0.41346153846153844 0.016826923076923076 0.02403846153846154
0 0.3173076923076923 0.49278846153846156 0.03365384615384615 0.052884615384615384
0 0.640625 0.4831730769230769 0.04567307692307692 0.09615384615384616
4 0.5997596153846154 0.5180288461538461 0.016826923076923076 0.055288461538461536
0 0.33533653846153844 0.4951923076923077 0.026442307692307692 0.052884615384615384
0 0.33774038461538464 0.47836538461538464 0.026442307692307692 0.04326923076923077
0 0.359375 0.47716346153846156 0.03125 0.05048076923076923
0 0.3798076923076923 0.47115384615384615 0.028846153846153848 0.057692307692307696
2 0.39783653846153844 0.4579326923076923 0.016826923076923076 0.05048076923076923
2 0.4831730769230769 0.4230769230769231 0.009615384615384616 0.028846153846153848
0 0.5480769230769231 0.4170673076923077 0.014423076923076924 0.026442307692307692
0 0.5745192307692307 0.4375 0.02403846153846154 0.04807692307692308
0 0.5877403846153846 0.41225961538461536 0.01201923076923077 0.036057692307692304
0 0.6045673076923077 0.38822115384615385 0.016826923076923076 0.016826923076923076
0 0.5757211538461539 0.40024038461538464 0.01201923076923077 0.03125