0 0.609375 0.3870192307692308 0.01201923076923077 0.019230769230769232
0 0.5625 0.4170673076923077 0.014423076923076924 0.03125
0 0.38100961538461536 0.47115384615384615 0.026442307692307692 0.052884615384615384
0 0.5276442307692307 0.4170673076923077 0.016826923076923076 0.026442307692307692
0 0.33653846153846156 0.4963942307692308 0.019230769230769232 0.055288461538461536
4 0.5564903846153846 0.5144230769230769 0.016826923076923076 0.0625
0 0.5096153846153846 0.42427884615384615 0.019230769230769232 0.026442307692307692
0 0.3137019230769231 0.49278846153846156 0.03125 0.052884615384615384
0 0.3581730769230769 0.4795673076923077 0.028846153846153848 0.05048076923076923
0 0.6418269230769231 0.4807692307692308 0.04326923076923077 0.09134615384615384
0 0.33533653846153844 0.47716346153846156 0.026442307692307692 0.040865384615384616
2 0.3954326923076923 0.45552884615384615 0.016826923076923076 0.04567307692307692
4 0.41947115384615385 0.45072115384615385 0.01201923076923077 0.026442307692307692
2 0.47836538461538464 0.4266826923076923 0.009615384615384616 0.026442307692307692
0 0.5432692307692307 0.4170673076923077 0.014423076923076924 0.021634615384615384
0 0.5757211538461539 0.4026442307692308 0.016826923076923076 0.03125
0 0.5841346153846154 0.4110576923076923 0.009615384615384616 0.02403846153846154
0 0.5949519230769231 0.40625 0.01201923076923077 0.02403846153846154
0 0.6105769230769231 0.4170673076923077 0.019230769230769232 0.021634615384615384
0 0.5432692307692307 0.39903846153846156 0.019230769230769232 0.04326923076923077