0 0.33653846153846156 0.4963942307692308 0.02403846153846154 0.05048076923076923
0 0.5600961538461539 0.4206730769230769 0.019230769230769232 0.028846153846153848
0 0.3161057692307692 0.49399038461538464 0.036057692307692304 0.05048076923076923
0 0.5276442307692307 0.4182692307692308 0.016826923076923076 0.02403846153846154
4 0.5192307692307693 0.5108173076923077 0.014423076923076924 0.055288461538461536
0 0.5084134615384616 0.4254807692307692 0.016826923076923076 0.028846153846153848
0 0.3581730769230769 0.4807692307692308 0.028846153846153848 0.052884615384615384
0 0.6430288461538461 0.4795673076923077 0.04567307692307692 0.10336538461538461
0 0.33413461538461536 0.47475961538461536 0.02403846153846154 0.036057692307692304
0 0.3786057692307692 0.4723557692307692 0.03125 0.06009615384615385
2 0.39663461538461536 0.4567307692307692 0.014423076923076924 0.04807692307692308
4 0.41947115384615385 0.453125 0.01201923076923077 0.026442307692307692
2 0.4723557692307692 0.42788461538461536 0.01201923076923077 0.028846153846153848
0 0.5384615384615384 0.41947115384615385 0.014423076923076924 0.03125
0 0.5432692307692307 0.4014423076923077 0.019230769230769232 0.04807692307692308
0 0.5721153846153846 0.4026442307692308 0.014423076923076924 0.036057692307692304
0 0.5745192307692307 0.4326923076923077 0.02403846153846154 0.04326923076923077
0 0.5925480769230769 0.39783653846153844 0.01201923076923077 0.021634615384615384
0 0.5949519230769231 0.4050480769230769 0.01201923076923077 0.021634615384615384