0 0.4723557692307692 0.4567307692307692 0.021634615384615384 0.038461538461538464
4 0.421875 0.4519230769230769 0.01201923076923077 0.028846153846153848
0 0.5288461538461539 0.4362980769230769 0.019230769230769232 0.036057692307692304
0 0.5420673076923077 0.4338942307692308 0.016826923076923076 0.036057692307692304
2 0.39663461538461536 0.46033653846153844 0.019230769230769232 0.05048076923076923
0 0.33413461538461536 0.49278846153846156 0.02403846153846154 0.04807692307692308
0 0.31490384615384615 0.49399038461538464 0.03365384615384615 0.055288461538461536
0 0.38100961538461536 0.4735576923076923 0.026442307692307692 0.057692307692307696
0 0.3605769230769231 0.47836538461538464 0.028846153846153848 0.052884615384615384
0 0.6430288461538461 0.47716346153846156 0.04567307692307692 0.10817307692307693
0 0.33533653846153844 0.4735576923076923 0.021634615384615384 0.03365384615384615
2 0.453125 0.44350961538461536 0.01201923076923077 0.036057692307692304
0 0.5372596153846154 0.4170673076923077 0.05048076923076923 0.040865384615384616
0 0.5432692307692307 0.39783653846153844 0.019230769230769232 0.036057692307692304
0 0.5721153846153846 0.40865384615384615 0.014423076923076924 0.038461538461538464
0 0.59375 0.4074519230769231 0.014423076923076924 0.026442307692307692
0 0.5625 0.4206730769230769 0.014423076923076924 0.028846153846153848
0 0.6033653846153846 0.38341346153846156 0.009615384615384616 0.016826923076923076