0 0.44591346153846156 0.4675480769230769 0.026442307692307692 0.04567307692307692
0 0.5444711538461539 0.40024038461538464 0.016826923076923076 0.04567307692307692
0 0.5552884615384616 0.4230769230769231 0.014423076923076924 0.028846153846153848
0 0.5216346153846154 0.44711538461538464 0.019230769230769232 0.03365384615384615
0 0.5048076923076923 0.44471153846153844 0.02403846153846154 0.04326923076923077
0 0.359375 0.47836538461538464 0.026442307692307692 0.052884615384615384
0 0.31490384615384615 0.49399038461538464 0.03365384615384615 0.055288461538461536
0 0.6418269230769231 0.4795673076923077 0.04326923076923077 0.0889423076923077
0 0.33413461538461536 0.49399038461538464 0.02403846153846154 0.05048076923076923
0 0.33533653846153844 0.4735576923076923 0.026442307692307692 0.03365384615384615
0 0.38100961538461536 0.4699519230769231 0.026442307692307692 0.06009615384615385
2 0.39663461538461536 0.4579326923076923 0.014423076923076924 0.05048076923076923
4 0.421875 0.453125 0.01201923076923077 0.026442307692307692
0 0.5288461538461539 0.41466346153846156 0.014423076923076924 0.021634615384615384
0 0.5697115384615384 0.4074519230769231 0.019230769230769232 0.040865384615384616
0 0.59375 0.4050480769230769 0.014423076923076924 0.021634615384615384