0 0.5552884615384616 0.421875 0.014423076923076924 0.03125
0 0.5444711538461539 0.4014423076923077 0.016826923076923076 0.04807692307692308
0 0.4254807692307692 0.48197115384615385 0.028846153846153848 0.05048076923076923
0 0.4795673076923077 0.453125 0.026442307692307692 0.04567307692307692
0 0.31490384615384615 0.4951923076923077 0.03365384615384615 0.057692307692307696
0 0.5084134615384616 0.46153846153846156 0.026442307692307692 0.04326923076923077
0 0.359375 0.47716346153846156 0.026442307692307692 0.05048076923076923
0 0.6430288461538461 0.4795673076923077 0.04567307692307692 0.0985576923076923
0 0.33533653846153844 0.4963942307692308 0.026442307692307692 0.05048076923076923
0 0.33413461538461536 0.4735576923076923 0.02403846153846154 0.03365384615384615
0 0.3786057692307692 0.4723557692307692 0.026442307692307692 0.055288461538461536
2 0.39663461538461536 0.4567307692307692 0.019230769230769232 0.04807692307692308
4 0.421875 0.453125 0.01201923076923077 0.026442307692307692
2 0.43509615384615385 0.4483173076923077 0.009615384615384616 0.03125
0 0.5288461538461539 0.41466346153846156 0.014423076923076924 0.021634615384615384
0 0.5576923076923077 0.40625 0.014423076923076924 0.03365384615384615
0 0.578125 0.4026442307692308 0.01201923076923077 0.026442307692307692
0 0.5973557692307693 0.38822115384615385 0.016826923076923076 0.021634615384615384
4 0.5853365384615384 0.390625 0.002403846153846154 0.016826923076923076
4 0.5889423076923077 0.390625 0.004807692307692308 0.016826923076923076
0 0.59375 0.4098557692307692 0.014423076923076924 0.021634615384615384
0 0.5769230769230769 0.41947115384615385 0.014423076923076924 0.021634615384615384