0 0.59375 0.40865384615384615 0.014423076923076924 0.02403846153846154
0 0.5997596153846154 0.390625 0.01201923076923077 0.021634615384615384
0 0.38100961538461536 0.4699519230769231 0.026442307692307692 0.055288461538461536
0 0.5564903846153846 0.4254807692307692 0.016826923076923076 0.028846153846153848
0 0.359375 0.47716346153846156 0.026442307692307692 0.05048076923076923
0 0.4098557692307692 0.4879807692307692 0.026442307692307692 0.04807692307692308
0 0.3161057692307692 0.49278846153846156 0.036057692307692304 0.052884615384615384
0 0.5420673076923077 0.40384615384615385 0.021634615384615384 0.052884615384615384
0 0.45552884615384615 0.46033653846153844 0.026442307692307692 0.05048076923076923
0 0.49759615384615385 0.4699519230769231 0.028846153846153848 0.05048076923076923
0 0.6442307692307693 0.4795673076923077 0.04326923076923077 0.0985576923076923
0 0.33413461538461536 0.4951923076923077 0.02403846153846154 0.04807692307692308
0 0.33653846153846156 0.47475961538461536 0.02403846153846154 0.036057692307692304
2 0.39663461538461536 0.45913461538461536 0.014423076923076924 0.052884615384615384
4 0.4206730769230769 0.4495192307692308 0.009615384615384616 0.02403846153846154
4 0.4206730769230769 0.45072115384615385 0.009615384615384616 0.021634615384615384
2 0.4338942307692308 0.4519230769230769 0.01201923076923077 0.038461538461538464
0 0.5288461538461539 0.41346153846153844 0.014423076923076924 0.019230769230769232
0 0.5697115384615384 0.4098557692307692 0.014423076923076924 0.026442307692307692
4 0.5829326923076923 0.390625 0.007211538461538462 0.021634615384615384
4 0.5877403846153846 0.3894230769230769 0.007211538461538462 0.019230769230769232
1 0.41473557692307694 0.6692067307692308 0.5843028846153846 0.1316826923076923