0 0.5564903846153846 0.4206730769230769 0.016826923076923076 0.028846153846153848
0 0.33413461538461536 0.4963942307692308 0.02403846153846154 0.055288461538461536
0 0.5408653846153846 0.4026442307692308 0.019230769230769232 0.04567307692307692
0 0.3605769230769231 0.4795673076923077 0.028846153846153848 0.05048076923076923
0 0.31490384615384615 0.49399038461538464 0.03365384615384615 0.055288461538461536
0 0.3894230769230769 0.5012019230769231 0.03365384615384615 0.05048076923076923
0 0.42788461538461536 0.47475961538461536 0.03365384615384615 0.055288461538461536
0 0.6418269230769231 0.4831730769230769 0.04326923076923077 0.09615384615384616
0 0.4795673076923077 0.484375 0.03125 0.055288461538461536
0 0.33653846153846156 0.4735576923076923 0.02403846153846154 0.03365384615384615
0 0.3786057692307692 0.4639423076923077 0.026442307692307692 0.04326923076923077
2 0.39783653846153844 0.45552884615384615 0.016826923076923076 0.04567307692307692
4 0.4230769230769231 0.45072115384615385 0.009615384615384616 0.021634615384615384
0 0.5300480769230769 0.41586538461538464 0.01201923076923077 0.019230769230769232
0 0.5673076923076923 0.4074519230769231 0.009615384615384616 0.026442307692307692
0 0.5769230769230769 0.4026442307692308 0.009615384615384616 0.026442307692307692
0 0.6057692307692307 0.43028846153846156 0.028846153846153848 0.028846153846153848
0 0.5985576923076923 0.38822115384615385 0.014423076923076924 0.021634615384615384
0 0.5925480769230769 0.40865384615384615 0.01201923076923077 0.02403846153846154