0 0.5552884615384616 0.421875 0.019230769230769232 0.03125
0 0.5384615384615384 0.42788461538461536 0.019230769230769232 0.028846153846153848
0 0.3798076923076923 0.47475961538461536 0.028846153846153848 0.055288461538461536
0 0.5252403846153846 0.43509615384615385 0.021634615384615384 0.03365384615384615
0 0.5420673076923077 0.4026442307692308 0.021634615384615384 0.04567307692307692
2 0.41346153846153844 0.46634615384615385 0.014423076923076924 0.04807692307692308
4 0.7319711538461539 0.7175480769230769 0.05048076923076923 0.10336538461538461
0 0.359375 0.47716346153846156 0.026442307692307692 0.05048076923076923
0 0.3317307692307692 0.5288461538461539 0.04326923076923077 0.0673076923076923
0 0.26322115384615385 0.5612980769230769 0.05048076923076923 0.07932692307692307
0 0.3870192307692308 0.5540865384615384 0.04326923076923077 0.06971153846153846
0 0.6442307692307693 0.4807692307692308 0.04326923076923077 0.10096153846153846
0 0.3161057692307692 0.4963942307692308 0.03125 0.05048076923076923
0 0.33413461538461536 0.49038461538461536 0.02403846153846154 0.038461538461538464
0 0.33533653846153844 0.47475961538461536 0.021634615384615384 0.036057692307692304
2 0.39663461538461536 0.45552884615384615 0.014423076923076924 0.04567307692307692
4 0.41947115384615385 0.4495192307692308 0.01201923076923077 0.028846153846153848
0 0.5288461538461539 0.4182692307692308 0.014423076923076924 0.019230769230769232
0 0.5757211538461539 0.40384615384615385 0.01201923076923077 0.028846153846153848
0 0.59375 0.4074519230769231 0.014423076923076924 0.021634615384615384
0 0.5985576923076923 0.3942307692307692 0.009615384615384616 0.019230769230769232