0 0.5564903846153846 0.42427884615384615 0.016826923076923076 0.03125
2 0.4098557692307692 0.46634615384615385 0.01201923076923077 0.04326923076923077
4 0.7355769230769231 0.71875 0.052884615384615384 0.11057692307692307
0 0.5432692307692307 0.4026442307692308 0.019230769230769232 0.04567307692307692
0 0.33774038461538464 0.4951923076923077 0.026442307692307692 0.052884615384615384
0 0.5300480769230769 0.4326923076923077 0.021634615384615384 0.03365384615384615
0 0.3161057692307692 0.49399038461538464 0.036057692307692304 0.055288461538461536
0 0.3605769230769231 0.47836538461538464 0.028846153846153848 0.052884615384615384
0 0.5084134615384616 0.43509615384615385 0.021634615384615384 0.03365384615384615
0 0.35096153846153844 0.5889423076923077 0.057692307692307696 0.10096153846153846
0 0.2848557692307692 0.5504807692307693 0.05048076923076923 0.08653846153846154
0 0.2127403846153846 0.5841346153846154 0.055288461538461536 0.08653846153846154
0 0.640625 0.4807692307692308 0.04567307692307692 0.09615384615384616
4 0.6069711538461539 0.46875 0.016826923076923076 0.057692307692307696
0 0.33653846153846156 0.47836538461538464 0.028846153846153848 0.038461538461538464
0 0.3798076923076923 0.4723557692307692 0.028846153846153848 0.06009615384615385
2 0.39663461538461536 0.4579326923076923 0.014423076923076924 0.04567307692307692
4 0.421875 0.45072115384615385 0.01201923076923077 0.026442307692307692
0 0.5276442307692307 0.41947115384615385 0.01201923076923077 0.021634615384615384
0 0.5745192307692307 0.4074519230769231 0.014423076923076924 0.026442307692307692
0 0.59375 0.40625 0.014423076923076924 0.02403846153846154
0 0.5997596153846154 0.3942307692307692 0.01201923076923077 0.019230769230769232