0 0.5288461538461539 0.4338942307692308 0.019230769230769232 0.036057692307692304
0 0.5564903846153846 0.42427884615384615 0.016826923076923076 0.03125
2 0.3954326923076923 0.45552884615384615 0.016826923076923076 0.055288461538461536
2 0.41346153846153844 0.4675480769230769 0.014423076923076924 0.04567307692307692
0 0.31850961538461536 0.4951923076923077 0.036057692307692304 0.052884615384615384
0 0.3605769230769231 0.47836538461538464 0.028846153846153848 0.052884615384615384
0 0.38100961538461536 0.4699519230769231 0.026442307692307692 0.055288461538461536
0 0.4963942307692308 0.4411057692307692 0.021634615384615384 0.036057692307692304
0 0.15985576923076922 0.6069711538461539 0.06490384615384616 0.0889423076923077
0 0.2439903846153846 0.5709134615384616 0.055288461538461536 0.09375
0 0.6442307692307693 0.484375 0.04326923076923077 0.0985576923076923
0 0.30408653846153844 0.6165865384615384 0.06009615384615385 0.0889423076923077
4 0.5901442307692307 0.47115384615384615 0.01201923076923077 0.04807692307692308
0 0.33653846153846156 0.4963942307692308 0.02403846153846154 0.05048076923076923
0 0.33653846153846156 0.47475961538461536 0.02403846153846154 0.036057692307692304
4 0.421875 0.453125 0.007211538461538462 0.021634615384615384
0 0.5288461538461539 0.41346153846153844 0.014423076923076924 0.019230769230769232
0 0.5456730769230769 0.4074519230769231 0.014423076923076924 0.036057692307692304
0 0.5757211538461539 0.4050480769230769 0.01201923076923077 0.021634615384615384
0 0.5817307692307693 0.39783653846153844 0.009615384615384616 0.021634615384615384
0 0.59375 0.40865384615384615 0.014423076923076924 0.019230769230769232
0 0.5997596153846154 0.3954326923076923 0.01201923076923077 0.016826923076923076