0 0.5552884615384616 0.4230769230769231 0.014423076923076924 0.028846153846153848
2 0.4098557692307692 0.47596153846153844 0.016826923076923076 0.04807692307692308
0 0.38100961538461536 0.47596153846153844 0.026442307692307692 0.052884615384615384
0 0.5060096153846154 0.41586538461538464 0.040865384615384616 0.038461538461538464
0 0.5288461538461539 0.43990384615384615 0.02403846153846154 0.038461538461538464
0 0.4831730769230769 0.44350961538461536 0.02403846153846154 0.036057692307692304
0 0.3605769230769231 0.47716346153846156 0.028846153846153848 0.05048076923076923
0 0.31490384615384615 0.4963942307692308 0.03365384615384615 0.055288461538461536
0 0.6394230769230769 0.48197115384615385 0.04326923076923077 0.0889423076923077
0 0.17908653846153846 0.6346153846153846 0.0889423076923077 0.1346153846153846
0 0.14903846153846154 0.6237980769230769 0.04326923076923077 0.0985576923076923
4 0.5588942307692307 0.46274038461538464 0.01201923076923077 0.04567307692307692
2 0.39783653846153844 0.4579326923076923 0.016826923076923076 0.05048076923076923
0 0.33533653846153844 0.49399038461538464 0.026442307692307692 0.05048076923076923
0 0.33533653846153844 0.4735576923076923 0.026442307692307692 0.038461538461538464
4 0.4206730769230769 0.45072115384615385 0.009615384615384616 0.026442307692307692
0 0.5288461538461539 0.41466346153846156 0.014423076923076924 0.021634615384615384
0 0.5504807692307693 0.40865384615384615 0.014423076923076924 0.038461538461538464
0 0.5745192307692307 0.4050480769230769 0.009615384615384616 0.026442307692307692
0 0.59375 0.40625 0.014423076923076924 0.019230769230769232
0 0.5997596153846154 0.39663461538461536 0.016826923076923076 0.02403846153846154