0 0.5288461538461539 0.41586538461538464 0.014423076923076924 0.02403846153846154
0 0.5552884615384616 0.421875 0.014423076923076924 0.026442307692307692
0 0.33533653846153844 0.4963942307692308 0.026442307692307692 0.055288461538461536
0 0.5084134615384616 0.45072115384615385 0.026442307692307692 0.04567307692307692
0 0.359375 0.47716346153846156 0.026442307692307692 0.05048076923076923
0 0.31490384615384615 0.4951923076923077 0.03365384615384615 0.057692307692307696
0 0.46274038461538464 0.4519230769230769 0.026442307692307692 0.04326923076923077
0 0.6430288461538461 0.48197115384615385 0.04567307692307692 0.09375
0 0.33533653846153844 0.47716346153846156 0.026442307692307692 0.036057692307692304
0 0.38100961538461536 0.4699519230769231 0.026442307692307692 0.06009615384615385
2 0.38221153846153844 0.48197115384615385 0.014423076923076924 0.040865384615384616
2 0.39663461538461536 0.45913461538461536 0.014423076923076924 0.04807692307692308
4 0.4230769230769231 0.4519230769230769 0.009615384615384616 0.02403846153846154
4 0.42427884615384615 0.5036057692307693 0.01201923076923077 0.055288461538461536
4 0.546875 0.4651442307692308 0.01201923076923077 0.055288461538461536
0 0.5516826923076923 0.40865384615384615 0.016826923076923076 0.038461538461538464
0 0.5444711538461539 0.4026442307692308 0.016826923076923076 0.04567307692307692
0 0.5733173076923077 0.40865384615384615 0.01201923076923077 0.019230769230769232
0 0.5949519230769231 0.41346153846153844 0.01201923076923077 0.02403846153846154
0 0.5925480769230769 0.4014423076923077 0.01201923076923077 0.019230769230769232