4 0.4206730769230769 0.4519230769230769 0.014423076923076924 0.03365384615384615
0 0.5288461538461539 0.41466346153846156 0.014423076923076924 0.021634615384615384
4 0.46274038461538464 0.5060096153846154 0.01201923076923077 0.06009615384615385
0 0.5564903846153846 0.4230769230769231 0.016826923076923076 0.028846153846153848
0 0.59375 0.41346153846153844 0.014423076923076924 0.02403846153846154
2 0.39783653846153844 0.4579326923076923 0.016826923076923076 0.05048076923076923
0 0.359375 0.4795673076923077 0.026442307692307692 0.055288461538461536
0 0.3161057692307692 0.49399038461538464 0.036057692307692304 0.055288461538461536
0 0.45072115384615385 0.46153846153846156 0.026442307692307692 0.04807692307692308
0 0.5024038461538461 0.45552884615384615 0.028846153846153848 0.04567307692307692
0 0.6442307692307693 0.484375 0.04326923076923077 0.09375
0 0.33653846153846156 0.49399038461538464 0.02403846153846154 0.05048076923076923
0 0.33533653846153844 0.47716346153846156 0.026442307692307692 0.040865384615384616
0 0.38100961538461536 0.4699519230769231 0.026442307692307692 0.05048076923076923
2 0.38100961538461536 0.4891826923076923 0.01201923076923077 0.05048076923076923
4 0.5408653846153846 0.4651442307692308 0.014423076923076924 0.055288461538461536
0 0.5913461538461539 0.4050480769230769 0.009615384615384616 0.016826923076923076
0 0.5757211538461539 0.41346153846153844 0.01201923076923077 0.02403846153846154