0 0.5564903846153846 0.42427884615384615 0.016826923076923076 0.026442307692307692
2 0.40024038461538464 0.4579326923076923 0.016826923076923076 0.05048076923076923
4 0.5060096153846154 0.5120192307692307 0.021634615384615384 0.0625
0 0.359375 0.47836538461538464 0.03125 0.052884615384615384
0 0.3173076923076923 0.4963942307692308 0.038461538461538464 0.055288461538461536
0 0.4411057692307692 0.46634615384615385 0.026442307692307692 0.04807692307692308
0 0.49399038461538464 0.4651442307692308 0.026442307692307692 0.055288461538461536
0 0.6418269230769231 0.48197115384615385 0.04326923076923077 0.09375
0 0.33653846153846156 0.4963942307692308 0.02403846153846154 0.055288461538461536
0 0.33533653846153844 0.47596153846153844 0.026442307692307692 0.038461538461538464
0 0.37740384615384615 0.4639423076923077 0.02403846153846154 0.04807692307692308
2 0.38341346153846156 0.49278846153846156 0.01201923076923077 0.04807692307692308
4 0.4206730769230769 0.4519230769230769 0.009615384615384616 0.028846153846153848
4 0.5240384615384616 0.4639423076923077 0.014423076923076924 0.052884615384615384
0 0.5300480769230769 0.41586538461538464 0.01201923076923077 0.02403846153846154
0 0.5492788461538461 0.4110576923076923 0.021634615384615384 0.04807692307692308
0 0.5420673076923077 0.39903846153846156 0.016826923076923076 0.04807692307692308
0 0.5697115384615384 0.4074519230769231 0.009615384615384616 0.021634615384615384
0 0.578125 0.41346153846153844 0.01201923076923077 0.02403846153846154
0 0.5925480769230769 0.4110576923076923 0.01201923076923077 0.02403846153846154
4 0.5973557692307693 0.39903846153846156 0.007211538461538462 0.02403846153846154