0 0.6394230769230769 0.48677884615384615 0.04326923076923077 0.08413461538461539
0 0.6418269230769231 0.48197115384615385 0.04326923076923077 0.08413461538461539
0 0.3786057692307692 0.4651442307692308 0.03125 0.055288461538461536
0 0.4831730769230769 0.4411057692307692 0.02403846153846154 0.04567307692307692
2 0.22355769230769232 0.5192307692307693 0.028846153846153848 0.07211538461538461
0 0.4855769230769231 0.47716346153846156 0.03365384615384615 0.05048076923076923
0 0.359375 0.47716346153846156 0.026442307692307692 0.055288461538461536
0 0.33653846153846156 0.4855769230769231 0.028846153846153848 0.052884615384615384
0 0.3161057692307692 0.4879807692307692 0.036057692307692304 0.052884615384615384
0 0.45552884615384615 0.4879807692307692 0.036057692307692304 0.052884615384615384
0 0.4230769230769231 0.6021634615384616 0.07211538461538461 0.13221153846153846
0 0.296875 0.5985576923076923 0.07451923076923077 0.11538461538461539
0 0.5408653846153846 0.4266826923076923 0.038461538461538464 0.0889423076923077
0 0.5432692307692307 0.6153846153846154 0.11057692307692307 0.21153846153846154
4 0.3557692307692308 0.4795673076923077 0.014423076923076924 0.055288461538461536
4 0.41947115384615385 0.44471153846153844 0.01201923076923077 0.02403846153846154
2 0.3942307692307692 0.4735576923076923 0.02403846153846154 0.052884615384615384
0 0.5120192307692307 0.41225961538461536 0.019230769230769232 0.03125
0 0.5805288461538461 0.5889423076923077 0.09375 0.1778846153846154
0 0.5949519230769231 0.3737980769230769 0.04567307692307692 0.04567307692307692