0 0.5420673076923077 0.4050480769230769 0.021634615384615384 0.04567307692307692
2 0.22235576923076922 0.515625 0.026442307692307692 0.07451923076923077
0 0.6394230769230769 0.48197115384615385 0.04326923076923077 0.09375
0 0.5072115384615384 0.5540865384615384 0.04326923076923077 0.06971153846153846
0 0.29927884615384615 0.5408653846153846 0.04567307692307692 0.07692307692307693
0 0.41225961538461536 0.6502403846153846 0.06971153846153846 0.09375
0 0.5673076923076923 0.5024038461538461 0.052884615384615384 0.1201923076923077
0 0.4699519230769231 0.6334134615384616 0.07932692307692307 0.17067307692307693
0 0.3581730769230769 0.5204326923076923 0.07692307692307693 0.18028846153846154
0 0.3137019230769231 0.49158653846153844 0.03125 0.05048076923076923
0 0.5889423076923077 0.49399038461538464 0.04326923076923077 0.10817307692307693
2 0.625 0.5805288461538461 0.019230769230769232 0.07932692307692307
4 0.640625 0.5709134615384616 0.021634615384615384 0.0889423076923077
2 0.46274038461538464 0.4266826923076923 0.01201923076923077 0.03125
0 0.5985576923076923 0.4110576923076923 0.014423076923076924 0.028846153846153848
0 0.49399038461538464 0.39783653846153844 0.08413461538461539 0.06490384615384616
3 0.5523798076923077 0.3382211538461538 0.030240384615384617 0.07870192307692309
3 0.4462259615384615 0.32961538461538464 0.018245192307692306 0.07348557692307692
5 0.49408653846153844 0.3352163461538461 0.03786057692307692 0.05264423076923076