0 0.5096153846153846 0.4110576923076923 0.014423076923076924 0.02403846153846154
2 0.22355769230769232 0.5204326923076923 0.028846153846153848 0.07451923076923077
0 0.4639423076923077 0.4519230769230769 0.02403846153846154 0.04807692307692308
0 0.33533653846153844 0.484375 0.026442307692307692 0.055288461538461536
0 0.3173076923076923 0.48677884615384615 0.03365384615384615 0.055288461538461536
0 0.44471153846153844 0.49399038461538464 0.03365384615384615 0.06009615384615385
0 0.47596153846153844 0.5372596153846154 0.052884615384615384 0.0985576923076923
0 0.3942307692307692 0.5348557692307693 0.04326923076923077 0.06971153846153846
0 0.5901442307692307 0.5817307692307693 0.08413461538461539 0.16346153846153846
4 0.35336538461538464 0.4807692307692308 0.014423076923076924 0.0625
0 0.359375 0.47475961538461536 0.03125 0.055288461538461536
0 0.38100961538461536 0.46634615384615385 0.03125 0.057692307692307696
4 0.421875 0.44591346153846156 0.01201923076923077 0.026442307692307692
4 0.4050480769230769 0.43990384615384615 0.01201923076923077 0.038461538461538464
4 0.6887019230769231 0.5649038461538461 0.016826923076923076 0.07692307692307693
0 0.6262019230769231 0.5516826923076923 0.06490384615384616 0.14182692307692307
0 0.6069711538461539 0.4387019230769231 0.05048076923076923 0.0985576923076923
0 0.5408653846153846 0.4050480769230769 0.028846153846153848 0.05048076923076923
0 0.5612980769230769 0.39302884615384615 0.021634615384615384 0.016826923076923076