0 0.5276442307692307 0.40865384615384615 0.016826923076923076 0.019230769230769232
4 0.421875 0.44350961538461536 0.01201923076923077 0.036057692307692304
0 0.4519230769230769 0.4543269230769231 0.02403846153846154 0.04807692307692308
0 0.5396634615384616 0.41466346153846156 0.016826923076923076 0.026442307692307692
4 0.6466346153846154 0.5697115384615384 0.019230769230769232 0.08173076923076923
2 0.5877403846153846 0.5721153846153846 0.021634615384615384 0.08173076923076923
0 0.5793269230769231 0.4170673076923077 0.028846153846153848 0.055288461538461536
0 0.38822115384615385 0.4675480769230769 0.03125 0.055288461538461536
2 0.22355769230769232 0.5180288461538461 0.028846153846153848 0.07932692307692307
0 0.6394230769230769 0.484375 0.04326923076923077 0.08413461538461539
0 0.5348557692307693 0.48197115384615385 0.03125 0.05048076923076923
0 0.5625 0.5348557692307693 0.04326923076923077 0.07451923076923077
0 0.31971153846153844 0.4879807692307692 0.02403846153846154 0.04807692307692308
0 0.33413461538461536 0.484375 0.028846153846153848 0.055288461538461536
0 0.36177884615384615 0.47115384615384615 0.03125 0.052884615384615384
4 0.3545673076923077 0.48197115384615385 0.007211538461538462 0.06009615384615385
4 0.3605769230769231 0.48197115384615385 0.009615384615384616 0.06009615384615385
0 0.29086538461538464 0.5036057692307693 0.07692307692307693 0.15144230769230768
0 0.6153846153846154 0.4182692307692308 0.028846153846153848 0.057692307692307696
0 0.5949519230769231 0.3942307692307692 0.01201923076923077 0.019230769230769232
0 0.5865384615384616 0.38100961538461536 0.009615384615384616 0.016826923076923076