0 0.5853365384615384 0.4050480769230769 0.021634615384615384 0.021634615384615384
0 0.5204326923076923 0.4110576923076923 0.016826923076923076 0.02403846153846154
0 0.3605769230769231 0.47115384615384615 0.028846153846153848 0.04807692307692308
0 0.5528846153846154 0.4170673076923077 0.019230769230769232 0.026442307692307692
0 0.5733173076923077 0.4387019230769231 0.021634615384615384 0.036057692307692304
0 0.6418269230769231 0.4831730769230769 0.04326923076923077 0.08173076923076923
0 0.3786057692307692 0.46634615384615385 0.026442307692307692 0.052884615384615384
0 0.31490384615384615 0.4891826923076923 0.03365384615384615 0.055288461538461536
0 0.609375 0.4375 0.036057692307692304 0.0673076923076923
2 0.2247596153846154 0.515625 0.026442307692307692 0.07932692307692307
0 0.33533653846153844 0.48677884615384615 0.03125 0.055288461538461536
0 0.5456730769230769 0.46033653846153844 0.028846153846153848 0.05048076923076923
4 0.6430288461538461 0.5673076923076923 0.021634615384615384 0.07692307692307693
0 0.3701923076923077 0.6502403846153846 0.07211538461538461 0.10817307692307693
0 0.49278846153846156 0.4963942307692308 0.057692307692307696 0.10817307692307693
0 0.5288461538461539 0.6466346153846154 0.07211538461538461 0.13942307692307693
4 0.35336538461538464 0.4795673076923077 0.014423076923076924 0.055288461538461536
4 0.41947115384615385 0.44471153846153844 0.01201923076923077 0.02403846153846154
2 0.4375 0.4375 0.009615384615384616 0.03365384615384615
0 0.4206730769230769 0.5949519230769231 0.1778846153846154 0.16105769230769232
0 0.49038461538461536 0.4230769230769231 0.038461538461538464 0.0625
2 0.6069711538461539 0.49278846153846156 0.01201923076923077 0.052884615384615384
2 0.5877403846153846 0.3858173076923077 0.007211538461538462 0.021634615384615384