0 0.5420673076923077 0.41466346153846156 0.016826923076923076 0.03125
0 0.46153846153846156 0.45072115384615385 0.02403846153846154 0.036057692307692304
0 0.5276442307692307 0.4098557692307692 0.016826923076923076 0.026442307692307692
0 0.578125 0.41947115384615385 0.026442307692307692 0.06009615384615385
4 0.41947115384615385 0.44350961538461536 0.016826923076923076 0.036057692307692304
4 0.6466346153846154 0.5697115384615384 0.019230769230769232 0.08173076923076923
2 0.59375 0.5793269230769231 0.02403846153846154 0.08173076923076923
2 0.2247596153846154 0.5216346153846154 0.026442307692307692 0.07692307692307693
0 0.5564903846153846 0.5456730769230769 0.040865384615384616 0.08653846153846154
0 0.640625 0.4831730769230769 0.04567307692307692 0.08653846153846154
0 0.5204326923076923 0.49158653846153844 0.036057692307692304 0.055288461538461536
0 0.33653846153846156 0.4855769230769231 0.028846153846153848 0.052884615384615384
0 0.3581730769230769 0.4699519230769231 0.028846153846153848 0.05048076923076923
0 0.3786057692307692 0.46634615384615385 0.03125 0.057692307692307696
0 0.31009615384615385 0.4963942307692308 0.07692307692307693 0.15625
0 0.6141826923076923 0.421875 0.026442307692307692 0.06009615384615385
0 0.5889423076923077 0.3786057692307692 0.009615384615384616 0.016826923076923076
0 0.5973557692307693 0.38341346153846156 0.01201923076923077 0.016826923076923076
0 0.5973557692307693 0.39302884615384615 0.01201923076923077 0.021634615384615384