0 0.5372596153846154 0.41586538461538464 0.016826923076923076 0.028846153846153848
0 0.5276442307692307 0.4098557692307692 0.016826923076923076 0.016826923076923076
0 0.31490384615384615 0.4879807692307692 0.03365384615384615 0.052884615384615384
0 0.5697115384615384 0.5168269230769231 0.038461538461538464 0.07692307692307693
0 0.6382211538461539 0.4795673076923077 0.04567307692307692 0.0889423076923077
0 0.4026442307692308 0.46634615384615385 0.03125 0.057692307692307696
0 0.5805288461538461 0.4182692307692308 0.026442307692307692 0.052884615384615384
0 0.546875 0.46153846153846156 0.026442307692307692 0.04807692307692308
0 0.44591346153846156 0.4651442307692308 0.03125 0.05048076923076923
0 0.25240384615384615 0.5216346153846154 0.09134615384615384 0.1778846153846154
0 0.33413461538461536 0.484375 0.02403846153846154 0.055288461538461536
4 0.35336538461538464 0.4831730769230769 0.009615384615384616 0.057692307692307696
4 0.3605769230769231 0.4807692307692308 0.009615384615384616 0.052884615384615384
0 0.359375 0.4699519230769231 0.026442307692307692 0.05048076923076923
0 0.3762019230769231 0.4675480769230769 0.021634615384615384 0.04567307692307692
4 0.41947115384615385 0.44471153846153844 0.01201923076923077 0.02403846153846154
2 0.6009615384615384 0.5492788461538461 0.014423076923076924 0.06971153846153846
4 0.6514423076923077 0.5685096153846154 0.02403846153846154 0.08413461538461539
0 0.6141826923076923 0.4206730769230769 0.021634615384615384 0.057692307692307696
2 0.5540865384615384 0.4050480769230769 0.007211538461538462 0.021634615384615384
0 0.59375 0.4014423076923077 0.014423076923076924 0.02403846153846154
0 0.5865384615384616 0.38100961538461536 0.009615384615384616 0.016826923076923076
0 0.5973557692307693 0.3870192307692308 0.01201923076923077 0.019230769230769232