4 0.6490384615384616 0.5661057692307693 0.019230769230769232 0.07932692307692307
0 0.5697115384615384 0.40625 0.02403846153846154 0.04326923076923077
0 0.5685096153846154 0.43990384615384615 0.021634615384615384 0.03365384615384615
2 0.6069711538461539 0.5180288461538461 0.016826923076923076 0.055288461538461536
0 0.421875 0.4855769230769231 0.036057692307692304 0.052884615384615384
0 0.31490384615384615 0.4855769230769231 0.03365384615384615 0.052884615384615384
0 0.6394230769230769 0.48197115384615385 0.04326923076923077 0.08413461538461539
0 0.33774038461538464 0.48677884615384615 0.026442307692307692 0.055288461538461536
2 0.2247596153846154 0.5180288461538461 0.026442307692307692 0.07451923076923077
0 0.5709134615384616 0.4879807692307692 0.03125 0.057692307692307696
0 0.15384615384615385 0.5336538461538461 0.057692307692307696 0.14423076923076922
0 0.16706730769230768 0.6490384615384616 0.08413461538461539 0.19230769230769232
0 0.3581730769230769 0.47115384615384615 0.028846153846153848 0.04807692307692308
0 0.3870192307692308 0.4699519230769231 0.03365384615384615 0.06009615384615385
4 0.35216346153846156 0.4807692307692308 0.01201923076923077 0.052884615384615384
4 0.3581730769230769 0.47836538461538464 0.009615384615384616 0.052884615384615384
4 0.41947115384615385 0.44591346153846156 0.01201923076923077 0.026442307692307692
0 0.5408653846153846 0.4074519230769231 0.04807692307692308 0.055288461538461536
0 0.6177884615384616 0.41466346153846156 0.02403846153846154 0.055288461538461536
0 0.5841346153846154 0.4266826923076923 0.014423076923076924 0.03125
0 0.5901442307692307 0.40625 0.01201923076923077 0.019230769230769232
0 0.5829326923076923 0.4098557692307692 0.01201923076923077 0.021634615384615384