0 0.5288461538461539 0.4098557692307692 0.019230769230769232 0.021634615384615384
0 0.5841346153846154 0.38461538461538464 0.014423076923076924 0.028846153846153848
0 0.6430288461538461 0.47716346153846156 0.04567307692307692 0.09375
4 0.6538461538461539 0.5673076923076923 0.02403846153846154 0.07692307692307693
2 0.2247596153846154 0.5144230769230769 0.026442307692307692 0.08173076923076923
0 0.5600961538461539 0.40625 0.02403846153846154 0.052884615384615384
0 0.3161057692307692 0.4879807692307692 0.036057692307692304 0.052884615384615384
0 0.33533653846153844 0.4831730769230769 0.026442307692307692 0.052884615384615384
0 0.4963942307692308 0.5300480769230769 0.04567307692307692 0.07932692307692307
0 0.5132211538461539 0.6105769230769231 0.05048076923076923 0.08173076923076923
0 0.4206730769230769 0.6141826923076923 0.0625 0.10817307692307693
0 0.5877403846153846 0.5216346153846154 0.06009615384615385 0.1201923076923077
0 0.3605769230769231 0.4723557692307692 0.028846153846153848 0.05048076923076923
0 0.3737980769230769 0.4675480769230769 0.026442307692307692 0.04567307692307692
4 0.421875 0.44591346153846156 0.01201923076923077 0.026442307692307692
2 0.3629807692307692 0.4879807692307692 0.019230769230769232 0.04807692307692308
0 0.5 0.5745192307692307 0.057692307692307696 0.08653846153846154
0 0.5973557692307693 0.390625 0.01201923076923077 0.021634615384615384
0 0.6117788461538461 0.37740384615384615 0.016826923076923076 0.019230769230769232
0 0.6009615384615384 0.4110576923076923 0.014423076923076924 0.02403846153846154