0 0.6430288461538461 0.47836538461538464 0.04567307692307692 0.09134615384615384
0 0.6033653846153846 0.41466346153846156 0.014423076923076924 0.021634615384615384
0 0.5276442307692307 0.4098557692307692 0.016826923076923076 0.026442307692307692
2 0.22355769230769232 0.515625 0.02403846153846154 0.07451923076923077
0 0.49038461538461536 0.5144230769230769 0.038461538461538464 0.057692307692307696
0 0.375 0.46634615384615385 0.02403846153846154 0.04807692307692308
4 0.6514423076923077 0.5673076923076923 0.02403846153846154 0.08653846153846154
0 0.3161057692307692 0.48677884615384615 0.036057692307692304 0.05048076923076923
0 0.33533653846153844 0.4855769230769231 0.026442307692307692 0.052884615384615384
0 0.5060096153846154 0.546875 0.04567307692307692 0.06971153846153846
0 0.5204326923076923 0.49038461538461536 0.03125 0.052884615384615384
0 0.5564903846153846 0.40384615384615385 0.026442307692307692 0.057692307692307696
0 0.4675480769230769 0.5540865384615384 0.04567307692307692 0.08413461538461539
0 0.5877403846153846 0.5048076923076923 0.055288461538461536 0.11538461538461539
0 0.359375 0.47115384615384615 0.03125 0.04807692307692308
2 0.3605769230769231 0.48197115384615385 0.019230769230769232 0.06009615384615385
4 0.4206730769230769 0.44591346153846156 0.009615384615384616 0.026442307692307692
0 0.5817307692307693 0.3870192307692308 0.014423076923076924 0.028846153846153848
0 0.5877403846153846 0.3942307692307692 0.01201923076923077 0.019230769230769232
0 0.5961538461538461 0.3942307692307692 0.009615384615384616 0.019230769230769232
0 0.6057692307692307 0.3798076923076923 0.009615384615384616 0.019230769230769232
0 0.6033653846153846 0.39903846153846156 0.014423076923076924 0.02403846153846154