4 0.4206730769230769 0.4483173076923077 0.009615384615384616 0.03125
4 0.734375 0.7235576923076923 0.04567307692307692 0.09615384615384616
0 0.640625 0.4891826923076923 0.036057692307692304 0.07932692307692307
0 0.6129807692307693 0.45552884615384615 0.038461538461538464 0.07451923076923077
2 0.22355769230769232 0.5204326923076923 0.028846153846153848 0.07932692307692307
0 0.53125 0.4098557692307692 0.014423076923076924 0.026442307692307692
0 0.5540865384615384 0.4050480769230769 0.026442307692307692 0.06009615384615385
4 0.6514423076923077 0.5721153846153846 0.019230769230769232 0.08653846153846154
2 0.5649038461538461 0.5685096153846154 0.04807692307692308 0.06971153846153846
0 0.3161057692307692 0.49399038461538464 0.036057692307692304 0.05048076923076923
0 0.33653846153846156 0.4891826923076923 0.028846153846153848 0.05048076923076923
4 0.35336538461538464 0.4831730769230769 0.014423076923076924 0.057692307692307696
0 0.32091346153846156 0.4495192307692308 0.15144230769230768 0.125
0 0.5721153846153846 0.44350961538461536 0.019230769230769232 0.036057692307692304
0 0.5853365384615384 0.4411057692307692 0.01201923076923077 0.03125
0 0.5877403846153846 0.4326923076923077 0.016826923076923076 0.028846153846153848
0 0.5793269230769231 0.39903846153846156 0.014423076923076924 0.03365384615384615
0 0.5889423076923077 0.4074519230769231 0.009615384615384616 0.026442307692307692
0 0.5973557692307693 0.3954326923076923 0.01201923076923077 0.016826923076923076
0 0.5685096153846154 0.4074519230769231 0.01201923076923077 0.021634615384615384