0 0.49399038461538464 0.4338942307692308 0.021634615384615384 0.040865384615384616
0 0.6418269230769231 0.4807692307692308 0.04326923076923077 0.09134615384615384
0 0.31850961538461536 0.4891826923076923 0.07451923076923077 0.17067307692307693
2 0.22235576923076922 0.5204326923076923 0.026442307692307692 0.06971153846153846
4 0.3545673076923077 0.484375 0.01201923076923077 0.06009615384615385
4 0.3918269230769231 0.47596153846153844 0.014423076923076924 0.057692307692307696
0 0.3605769230769231 0.4735576923076923 0.028846153846153848 0.04807692307692308
0 0.375 0.4723557692307692 0.02403846153846154 0.055288461538461536
4 0.41947115384615385 0.4483173076923077 0.01201923076923077 0.03125
2 0.6213942307692307 0.5709134615384616 0.040865384615384616 0.07451923076923077
4 0.6526442307692307 0.5733173076923077 0.021634615384615384 0.0889423076923077
0 0.5997596153846154 0.38100961538461536 0.016826923076923076 0.026442307692307692
0 0.5276442307692307 0.4110576923076923 0.01201923076923077 0.019230769230769232
0 0.5372596153846154 0.4170673076923077 0.016826923076923076 0.026442307692307692
0 0.5528846153846154 0.41225961538461536 0.014423076923076924 0.026442307692307692
0 0.5564903846153846 0.4014423076923077 0.016826923076923076 0.03365384615384615
0 0.5853365384615384 0.4170673076923077 0.06971153846153846 0.05048076923076923
0 0.6129807692307693 0.4338942307692308 0.028846153846153848 0.06009615384615385