2 0.22596153846153846 0.5204326923076923 0.02403846153846154 0.07932692307692307
2 0.6442307692307693 0.5697115384615384 0.02403846153846154 0.08653846153846154
0 0.5673076923076923 0.4206730769230769 0.014423076923076924 0.028846153846153848
0 0.5408653846153846 0.4170673076923077 0.019230769230769232 0.026442307692307692
0 0.5036057692307693 0.4579326923076923 0.026442307692307692 0.04567307692307692
0 0.6442307692307693 0.47596153846153844 0.04326923076923077 0.09615384615384616
0 0.3161057692307692 0.49278846153846156 0.03125 0.04807692307692308
0 0.33413461538461536 0.49038461538461536 0.028846153846153848 0.052884615384615384
4 0.3557692307692308 0.484375 0.014423076923076924 0.06009615384615385
4 0.4074519230769231 0.47115384615384615 0.01201923076923077 0.052884615384615384
0 0.3605769230769231 0.47596153846153844 0.028846153846153848 0.04807692307692308
0 0.375 0.4723557692307692 0.02403846153846154 0.04567307692307692
4 0.41947115384615385 0.4483173076923077 0.01201923076923077 0.026442307692307692
0 0.4519230769230769 0.46274038461538464 0.028846153846153848 0.05048076923076923
4 0.6550480769230769 0.5721153846153846 0.016826923076923076 0.07692307692307693
0 0.5288461538461539 0.41466346153846156 0.014423076923076924 0.021634615384615384
0 0.5504807692307693 0.40625 0.019230769230769232 0.038461538461538464
0 0.6045673076923077 0.38822115384615385 0.01201923076923077 0.021634615384615384
0 0.578125 0.38461538461538464 0.01201923076923077 0.028846153846153848
0 0.5829326923076923 0.4098557692307692 0.01201923076923077 0.021634615384615384
0 0.6057692307692307 0.4170673076923077 0.014423076923076924 0.026442307692307692