0 0.640625 0.49158653846153844 0.040865384615384616 0.07451923076923077
4 0.7307692307692307 0.7223557692307693 0.04807692307692308 0.0889423076923077
0 0.6430288461538461 0.4891826923076923 0.04567307692307692 0.07451923076923077
0 0.5540865384615384 0.40865384615384615 0.026442307692307692 0.0625
2 0.2247596153846154 0.5192307692307693 0.026442307692307692 0.07692307692307693
0 0.6141826923076923 0.4483173076923077 0.036057692307692304 0.07451923076923077
0 0.31850961538461536 0.4891826923076923 0.036057692307692304 0.055288461538461536
0 0.40024038461538464 0.4567307692307692 0.06971153846153846 0.125
0 0.24278846153846154 0.6213942307692307 0.125 0.11298076923076923
0 0.3329326923076923 0.49158653846153844 0.026442307692307692 0.055288461538461536
4 0.35336538461538464 0.484375 0.009615384615384616 0.06009615384615385
2 0.6225961538461539 0.5721153846153846 0.038461538461538464 0.07211538461538461
4 0.6538461538461539 0.5709134615384616 0.019230769230769232 0.08413461538461539
0 0.5288461538461539 0.4098557692307692 0.014423076923076924 0.021634615384615384
0 0.5384615384615384 0.4110576923076923 0.014423076923076924 0.019230769230769232
0 0.5721153846153846 0.40024038461538464 0.014423076923076924 0.03125
0 0.5685096153846154 0.4110576923076923 0.01201923076923077 0.02403846153846154
0 0.5805288461538461 0.4362980769230769 0.016826923076923076 0.03125
0 0.5877403846153846 0.4074519230769231 0.01201923076923077 0.026442307692307692
0 0.59375 0.40024038461538464 0.009615384615384616 0.021634615384615384
0 0.5901442307692307 0.4326923076923077 0.01201923076923077 0.028846153846153848