2 0.2247596153846154 0.5204326923076923 0.026442307692307692 0.07451923076923077
0 0.5288461538461539 0.4110576923076923 0.014423076923076924 0.02403846153846154
0 0.6105769230769231 0.44350961538461536 0.03365384615384615 0.06490384615384616
0 0.5096153846153846 0.4230769230769231 0.019230769230769232 0.028846153846153848
0 0.31971153846153844 0.4891826923076923 0.038461538461538464 0.055288461538461536
0 0.640625 0.4879807692307692 0.040865384615384616 0.08173076923076923
0 0.3786057692307692 0.4675480769230769 0.06009615384615385 0.13701923076923078
2 0.4362980769230769 0.6490384615384616 0.10817307692307693 0.10576923076923077
2 0.6213942307692307 0.5721153846153846 0.040865384615384616 0.07211538461538461
4 0.6550480769230769 0.5733173076923077 0.021634615384615384 0.08413461538461539
0 0.33774038461538464 0.4891826923076923 0.026442307692307692 0.05048076923076923
0 0.5408653846153846 0.4110576923076923 0.009615384615384616 0.019230769230769232
0 0.5925480769230769 0.40625 0.01201923076923077 0.019230769230769232
0 0.5528846153846154 0.40865384615384615 0.02403846153846154 0.057692307692307696
0 0.5685096153846154 0.4014423076923077 0.016826923076923076 0.03365384615384615
0 0.5769230769230769 0.41225961538461536 0.014423076923076924 0.021634615384615384
0 0.5853365384615384 0.42788461538461536 0.016826923076923076 0.03365384615384615