0 0.5288461538461539 0.4110576923076923 0.014423076923076924 0.02403846153846154
2 0.22355769230769232 0.5180288461538461 0.028846153846153848 0.07932692307692307
0 0.6117788461538461 0.4387019230769231 0.03125 0.06009615384615385
0 0.5072115384615384 0.42788461538461536 0.019230769230769232 0.028846153846153848
0 0.5564903846153846 0.4098557692307692 0.026442307692307692 0.06009615384615385
0 0.31490384615384615 0.49158653846153844 0.03365384615384615 0.055288461538461536
0 0.6418269230769231 0.48677884615384615 0.04326923076923077 0.0889423076923077
0 0.3557692307692308 0.47596153846153844 0.0625 0.14903846153846154
4 0.41947115384615385 0.44711538461538464 0.016826923076923076 0.028846153846153848
2 0.6213942307692307 0.5733173076923077 0.040865384615384616 0.07451923076923077
4 0.6526442307692307 0.5721153846153846 0.021634615384615384 0.08653846153846154
0 0.5745192307692307 0.4170673076923077 0.014423076923076924 0.03125
0 0.5889423076923077 0.42427884615384615 0.019230769230769232 0.03125
0 0.5889423076923077 0.40865384615384615 0.014423076923076924 0.019230769230769232