0 0.5961538461538461 0.421875 0.019230769230769232 0.03125
0 0.5588942307692307 0.421875 0.016826923076923076 0.026442307692307692
0 0.5949519230769231 0.3786057692307692 0.016826923076923076 0.026442307692307692
4 0.7307692307692307 0.7199519230769231 0.04326923076923077 0.0985576923076923
0 0.6141826923076923 0.4266826923076923 0.026442307692307692 0.055288461538461536
0 0.5456730769230769 0.40625 0.019230769230769232 0.038461538461538464
0 0.5276442307692307 0.41586538461538464 0.016826923076923076 0.028846153846153848
0 0.4831730769230769 0.4387019230769231 0.019230769230769232 0.040865384615384616
0 0.6418269230769231 0.48197115384615385 0.04326923076923077 0.09375
0 0.27403846153846156 0.5072115384615384 0.07692307692307693 0.1875
2 0.22235576923076922 0.5204326923076923 0.03125 0.07451923076923077
0 0.3173076923076923 0.4951923076923077 0.028846153846153848 0.052884615384615384
0 0.3329326923076923 0.49038461538461536 0.03125 0.052884615384615384
4 0.3545673076923077 0.484375 0.01201923076923077 0.06009615384615385
0 0.3605769230769231 0.47475961538461536 0.028846153846153848 0.05048076923076923
0 0.3737980769230769 0.4723557692307692 0.026442307692307692 0.04567307692307692
4 0.390625 0.4723557692307692 0.01201923076923077 0.055288461538461536
4 0.421875 0.4483173076923077 0.01201923076923077 0.026442307692307692
2 0.6213942307692307 0.5709134615384616 0.036057692307692304 0.06971153846153846
4 0.6514423076923077 0.5685096153846154 0.014423076923076924 0.08413461538461539
0 0.5817307692307693 0.41466346153846156 0.014423076923076924 0.026442307692307692
0 0.5625 0.39783653846153844 0.014423076923076924 0.016826923076923076
0 0.5709134615384616 0.3954326923076923 0.01201923076923077 0.021634615384615384