0 0.5865384615384616 0.38100961538461536 0.014423076923076924 0.03125
0 0.5300480769230769 0.41346153846153844 0.01201923076923077 0.019230769230769232
0 0.33653846153846156 0.49038461538461536 0.028846153846153848 0.052884615384615384
0 0.4579326923076923 0.45552884615384615 0.026442307692307692 0.04567307692307692
0 0.5012019230769231 0.44591346153846156 0.026442307692307692 0.040865384615384616
0 0.6442307692307693 0.4807692307692308 0.04807692307692308 0.09615384615384616
2 0.22355769230769232 0.5228365384615384 0.028846153846153848 0.07451923076923077
2 0.6286057692307693 0.5745192307692307 0.03125 0.07692307692307693
4 0.6526442307692307 0.5685096153846154 0.016826923076923076 0.08413461538461539
0 0.3161057692307692 0.4951923076923077 0.036057692307692304 0.04807692307692308
4 0.3545673076923077 0.4831730769230769 0.01201923076923077 0.057692307692307696
0 0.36177884615384615 0.47475961538461536 0.026442307692307692 0.04567307692307692
0 0.375 0.47115384615384615 0.019230769230769232 0.04326923076923077
4 0.4026442307692308 0.4699519230769231 0.01201923076923077 0.05048076923076923
4 0.41947115384615385 0.44711538461538464 0.01201923076923077 0.02403846153846154
0 0.6045673076923077 0.41586538461538464 0.01201923076923077 0.02403846153846154
0 0.5444711538461539 0.41586538461538464 0.01201923076923077 0.02403846153846154
0 0.546875 0.40865384615384615 0.016826923076923076 0.038461538461538464
0 0.5877403846153846 0.4098557692307692 0.01201923076923077 0.021634615384615384
0 0.6045673076923077 0.3858173076923077 0.01201923076923077 0.021634615384615384
0 0.5721153846153846 0.4170673076923077 0.014423076923076924 0.026442307692307692