0 0.5300480769230769 0.41346153846153844 0.01201923076923077 0.02403846153846154
0 0.453125 0.45913461538461536 0.026442307692307692 0.052884615384615384
0 0.5697115384615384 0.41586538461538464 0.014423076923076924 0.02403846153846154
0 0.33533653846153844 0.49158653846153844 0.026442307692307692 0.05048076923076923
0 0.5036057692307693 0.4495192307692308 0.026442307692307692 0.04807692307692308
0 0.6442307692307693 0.47836538461538464 0.04326923076923077 0.09615384615384616
2 0.22596153846153846 0.5216346153846154 0.028846153846153848 0.07211538461538461
2 0.6418269230769231 0.5709134615384616 0.019230769230769232 0.07451923076923077
4 0.6550480769230769 0.5721153846153846 0.016826923076923076 0.07692307692307693
0 0.31490384615384615 0.49278846153846156 0.03365384615384615 0.04807692307692308
4 0.3545673076923077 0.484375 0.01201923076923077 0.055288461538461536
0 0.3581730769230769 0.47475961538461536 0.028846153846153848 0.05048076923076923
0 0.375 0.4723557692307692 0.02403846153846154 0.04567307692307692
4 0.40384615384615385 0.4723557692307692 0.014423076923076924 0.055288461538461536
4 0.41947115384615385 0.44711538461538464 0.01201923076923077 0.02403846153846154
0 0.5865384615384616 0.4098557692307692 0.014423076923076924 0.026442307692307692
0 0.6057692307692307 0.4182692307692308 0.014423076923076924 0.02403846153846154
0 0.5817307692307693 0.38341346153846156 0.014423076923076924 0.026442307692307692
0 0.5420673076923077 0.4182692307692308 0.01201923076923077 0.02403846153846154
0 0.5492788461538461 0.40625 0.016826923076923076 0.038461538461538464
0 0.6045673076923077 0.38461538461538464 0.01201923076923077 0.02403846153846154