0 0.5865384615384616 0.390625 0.014423076923076924 0.03125
2 0.2247596153846154 0.5204326923076923 0.026442307692307692 0.07451923076923077
0 0.5420673076923077 0.4074519230769231 0.021634615384615384 0.040865384615384616
4 0.6538461538461539 0.5733173076923077 0.019230769230769232 0.0889423076923077
0 0.6442307692307693 0.4795673076923077 0.04807692307692308 0.09375
0 0.3942307692307692 0.5408653846153846 0.04807692307692308 0.07692307692307693
2 0.5997596153846154 0.5336538461538461 0.021634615384615384 0.057692307692307696
0 0.31490384615384615 0.49278846153846156 0.038461538461538464 0.04807692307692308
0 0.33774038461538464 0.4891826923076923 0.03125 0.05048076923076923
0 0.3605769230769231 0.47596153846153844 0.028846153846153848 0.04807692307692308
0 0.3762019230769231 0.4723557692307692 0.021634615384615384 0.040865384615384616
0 0.39903846153846156 0.4855769230769231 0.03365384615384615 0.057692307692307696
4 0.41947115384615385 0.4495192307692308 0.01201923076923077 0.028846153846153848
0 0.5300480769230769 0.4206730769230769 0.016826923076923076 0.028846153846153848
0 0.5588942307692307 0.4206730769230769 0.016826923076923076 0.028846153846153848
0 0.5973557692307693 0.39783653846153844 0.01201923076923077 0.026442307692307692
0 0.6081730769230769 0.41466346153846156 0.014423076923076924 0.03125
0 0.5625 0.39903846153846156 0.019230769230769232 0.019230769230769232