0 0.5288461538461539 0.4206730769230769 0.014423076923076924 0.02403846153846154
0 0.5588942307692307 0.4206730769230769 0.016826923076923076 0.028846153846153848
2 0.2247596153846154 0.5204326923076923 0.026442307692307692 0.07451923076923077
0 0.5408653846153846 0.40865384615384615 0.019230769230769232 0.04326923076923077
2 0.6021634615384616 0.5276442307692307 0.016826923076923076 0.055288461538461536
0 0.359375 0.47596153846153844 0.03125 0.052884615384615384
4 0.6538461538461539 0.5697115384615384 0.02403846153846154 0.08653846153846154
0 0.31850961538461536 0.49158653846153844 0.040865384615384616 0.055288461538461536
0 0.33653846153846156 0.4891826923076923 0.028846153846153848 0.055288461538461536
0 0.640625 0.47475961538461536 0.040865384615384616 0.10336538461538461
0 0.3557692307692308 0.5721153846153846 0.057692307692307696 0.09134615384615384
0 0.37259615384615385 0.46875 0.02403846153846154 0.038461538461538464
0 0.390625 0.49158653846153844 0.03125 0.06490384615384616
4 0.41947115384615385 0.4495192307692308 0.01201923076923077 0.02403846153846154
0 0.5649038461538461 0.40024038461538464 0.019230769230769232 0.016826923076923076
0 0.5877403846153846 0.3918269230769231 0.016826923076923076 0.028846153846153848
0 0.5949519230769231 0.39903846153846156 0.01201923076923077 0.02403846153846154
0 0.6105769230769231 0.41586538461538464 0.014423076923076924 0.028846153846153848