0 0.5769230769230769 0.39302884615384615 0.014423076923076924 0.03125
4 0.390625 0.45552884615384615 0.01201923076923077 0.04567307692307692
0 0.5252403846153846 0.4182692307692308 0.016826923076923076 0.02403846153846154
0 0.5576923076923077 0.4170673076923077 0.014423076923076924 0.026442307692307692
0 0.33653846153846156 0.5168269230769231 0.03365384615384615 0.07211538461538461
2 0.2247596153846154 0.515625 0.026442307692307692 0.07932692307692307
0 0.5336538461538461 0.40625 0.02403846153846154 0.04807692307692308
0 0.31490384615384615 0.4891826923076923 0.028846153846153848 0.04567307692307692
4 0.6502403846153846 0.5661057692307693 0.021634615384615384 0.0889423076923077
4 0.14423076923076922 0.5228365384615384 0.019230769230769232 0.0889423076923077
4 0.4206730769230769 0.44591346153846156 0.009615384615384616 0.026442307692307692
4 0.30408653846153844 0.46153846153846156 0.01201923076923077 0.03365384615384615
0 0.3329326923076923 0.47836538461538464 0.03125 0.038461538461538464
0 0.3605769230769231 0.4723557692307692 0.028846153846153848 0.05048076923076923
0 0.375 0.46634615384615385 0.019230769230769232 0.04326923076923077
2 0.6286057692307693 0.5108173076923077 0.016826923076923076 0.06009615384615385
0 0.6430288461538461 0.47596153846153844 0.04567307692307692 0.09134615384615384
0 0.6033653846153846 0.38461538461538464 0.009615384615384616 0.019230769230769232
0 0.5913461538461539 0.4026442307692308 0.014423076923076924 0.026442307692307692
0 0.6129807692307693 0.4098557692307692 0.014423076923076924 0.026442307692307692
5 0.4948798076923077 0.33701923076923074 0.03947115384615385 0.052235576923076926
3 0.45283653846153843 0.33360576923076923 0.027451923076923075 0.08149038461538462
3 0.5515865384615385 0.34002403846153845 0.028629807692307694 0.07829326923076924