0 0.6550480769230769 0.5673076923076923 0.021634615384615384 0.07692307692307693
2 0.2247596153846154 0.5180288461538461 0.026442307692307692 0.07932692307692307
0 0.6346153846153846 0.47716346153846156 0.04326923076923077 0.0889423076923077
4 0.6538461538461539 0.5661057692307693 0.02403846153846154 0.07932692307692307
2 0.5805288461538461 0.5084134615384616 0.016826923076923076 0.055288461538461536
2 0.17548076923076922 0.5745192307692307 0.019230769230769232 0.09134615384615384
0 0.375 0.46875 0.019230769230769232 0.04326923076923077
0 0.3161057692307692 0.4855769230769231 0.036057692307692304 0.052884615384615384
0 0.33533653846153844 0.484375 0.026442307692307692 0.055288461538461536
0 0.5625 0.4254807692307692 0.038461538461538464 0.08653846153846154
0 0.36177884615384615 0.4735576923076923 0.03125 0.052884615384615384
0 0.5264423076923077 0.47716346153846156 0.04326923076923077 0.07451923076923077
4 0.1466346153846154 0.53125 0.019230769230769232 0.08173076923076923
4 0.6262019230769231 0.5084134615384616 0.016826923076923076 0.055288461538461536
0 0.6045673076923077 0.38221153846153844 0.007211538461538462 0.014423076923076924
0 0.5216346153846154 0.4170673076923077 0.014423076923076924 0.026442307692307692
0 0.5372596153846154 0.41466346153846156 0.01201923076923077 0.026442307692307692
0 0.59375 0.39663461538461536 0.009615384615384616 0.019230769230769232
0 0.6021634615384616 0.40625 0.01201923076923077 0.019230769230769232