4 0.6550480769230769 0.5697115384615384 0.021634615384615384 0.09134615384615384
4 0.14423076923076922 0.5288461538461539 0.019230769230769232 0.08653846153846154
0 0.359375 0.4735576923076923 0.026442307692307692 0.04807692307692308
4 0.4026442307692308 0.453125 0.016826923076923076 0.05048076923076923
0 0.375 0.4699519230769231 0.02403846153846154 0.04567307692307692
2 0.22355769230769232 0.5192307692307693 0.02403846153846154 0.07211538461538461
0 0.6370192307692307 0.4879807692307692 0.04807692307692308 0.09134615384615384
0 0.31490384615384615 0.49158653846153844 0.03365384615384615 0.05048076923076923
0 0.49158653846153844 0.4362980769230769 0.021634615384615384 0.036057692307692304
0 0.33774038461538464 0.48677884615384615 0.026442307692307692 0.055288461538461536
0 0.3737980769230769 0.6514423076923077 0.06971153846153846 0.10576923076923077
0 0.515625 0.41586538461538464 0.016826923076923076 0.028846153846153848
0 0.5288461538461539 0.4182692307692308 0.019230769230769232 0.028846153846153848
0 0.5360576923076923 0.4098557692307692 0.014423076923076924 0.021634615384615384
0 0.5492788461538461 0.4074519230769231 0.01201923076923077 0.016826923076923076
0 0.5456730769230769 0.4266826923076923 0.019230769230769232 0.03125
0 0.5649038461538461 0.4110576923076923 0.014423076923076924 0.02403846153846154
0 0.5745192307692307 0.42908653846153844 0.028846153846153848 0.04567307692307692
0 0.5853365384615384 0.41586538461538464 0.026442307692307692 0.052884615384615384