0 0.47836538461538464 0.44350961538461536 0.019230769230769232 0.03125
4 0.39903846153846156 0.453125 0.014423076923076924 0.05048076923076923
2 0.22235576923076922 0.5192307692307693 0.026442307692307692 0.07692307692307693
0 0.37740384615384615 0.4699519230769231 0.02403846153846154 0.04567307692307692
0 0.6346153846153846 0.4891826923076923 0.04807692307692308 0.09375
0 0.359375 0.4723557692307692 0.026442307692307692 0.05048076923076923
0 0.33774038461538464 0.4855769230769231 0.026442307692307692 0.052884615384615384
0 0.3161057692307692 0.4891826923076923 0.03125 0.05048076923076923
0 0.3737980769230769 0.6490384615384616 0.06971153846153846 0.10576923076923077
4 0.14423076923076922 0.5300480769230769 0.019230769230769232 0.09375
4 0.6574519230769231 0.5733173076923077 0.021634615384615384 0.07451923076923077
0 0.6021634615384616 0.38100961538461536 0.01201923076923077 0.016826923076923076
0 0.5420673076923077 0.43149038461538464 0.016826923076923076 0.026442307692307692
0 0.5805288461538461 0.4254807692307692 0.021634615384615384 0.04326923076923077
0 0.5588942307692307 0.40625 0.06490384615384616 0.052884615384615384