4 0.14423076923076922 0.5324519230769231 0.019230769230769232 0.0889423076923077
0 0.4423076923076923 0.46153846153846156 0.028846153846153848 0.04807692307692308
0 0.3737980769230769 0.46875 0.021634615384615384 0.04326923076923077
4 0.40024038461538464 0.453125 0.01201923076923077 0.05048076923076923
2 0.22355769230769232 0.5204326923076923 0.028846153846153848 0.07451923076923077
0 0.5372596153846154 0.4387019230769231 0.021634615384615384 0.03125
0 0.33774038461538464 0.484375 0.026442307692307692 0.055288461538461536
0 0.359375 0.4723557692307692 0.026442307692307692 0.05048076923076923
0 0.31490384615384615 0.4891826923076923 0.03365384615384615 0.05048076923076923
0 0.6382211538461539 0.48197115384615385 0.05048076923076923 0.0889423076923077
0 0.3737980769230769 0.6490384615384616 0.06971153846153846 0.10576923076923077
4 0.6550480769230769 0.5709134615384616 0.021634615384615384 0.08413461538461539
0 0.5288461538461539 0.4110576923076923 0.014423076923076924 0.019230769230769232
0 0.5360576923076923 0.40865384615384615 0.014423076923076924 0.019230769230769232
0 0.5757211538461539 0.4110576923076923 0.01201923076923077 0.02403846153846154
0 0.5889423076923077 0.4182692307692308 0.019230769230769232 0.038461538461538464