4 0.6634615384615384 0.5745192307692307 0.019230769230769232 0.07692307692307693
0 0.5540865384615384 0.41947115384615385 0.016826923076923076 0.026442307692307692
0 0.37740384615384615 0.4699519230769231 0.02403846153846154 0.04567307692307692
0 0.5228365384615384 0.4182692307692308 0.016826923076923076 0.028846153846153848
0 0.3605769230769231 0.47475961538461536 0.028846153846153848 0.05048076923076923
4 0.1466346153846154 0.5348557692307693 0.019230769230769232 0.0889423076923077
2 0.22355769230769232 0.5192307692307693 0.02403846153846154 0.0673076923076923
4 0.390625 0.46033653846153844 0.01201923076923077 0.05048076923076923
0 0.6382211538461539 0.47716346153846156 0.05048076923076923 0.10817307692307693
0 0.3389423076923077 0.4855769230769231 0.028846153846153848 0.052884615384615384
0 0.3173076923076923 0.4891826923076923 0.03365384615384615 0.055288461538461536
0 0.46153846153846156 0.4891826923076923 0.03365384615384615 0.05048076923076923
0 0.21153846153846154 0.5865384615384616 0.0625 0.09615384615384616
0 0.40384615384615385 0.6526442307692307 0.13942307692307693 0.21394230769230768
0 0.5372596153846154 0.4098557692307692 0.01201923076923077 0.021634615384615384
0 0.5733173076923077 0.40024038461538464 0.01201923076923077 0.021634615384615384
0 0.5913461538461539 0.40384615384615385 0.009615384615384616 0.019230769230769232