0 0.6887019230769231 0.5204326923076923 0.07932692307692307 0.10817307692307693
4 0.8137019230769231 0.5084134615384616 0.016826923076923076 0.055288461538461536
0 0.29086538461538464 0.5096153846153846 0.038461538461538464 0.04326923076923077
0 0.5180288461538461 0.5144230769230769 0.026442307692307692 0.03365384615384615
0 0.24759615384615385 0.5324519230769231 0.07692307692307693 0.07932692307692307
0 0.3605769230769231 0.5072115384615384 0.04807692307692308 0.0673076923076923
0 0.04927884615384615 0.5733173076923077 0.0985576923076923 0.12740384615384615
0 0.4254807692307692 0.5180288461538461 0.057692307692307696 0.06009615384615385
0 0.5540865384615384 0.5216346153846154 0.06009615384615385 0.0673076923076923
0 0.22115384615384615 0.5168269230769231 0.04326923076923077 0.052884615384615384
0 0.6189903846153846 0.5252403846153846 0.021634615384615384 0.016826923076923076
0 0.6081730769230769 0.5240384615384616 0.014423076923076924 0.014423076923076924