4 0.39783653846153844 0.5216346153846154 0.021634615384615384 0.0625
0 0.09615384615384616 0.5348557692307693 0.08173076923076923 0.05048076923076923
0 0.18629807692307693 0.5228365384615384 0.05048076923076923 0.055288461538461536
0 0.49399038461538464 0.5336538461538461 0.026442307692307692 0.028846153846153848
0 0.640625 0.5216346153846154 0.07451923076923077 0.09615384615384616
0 0.06370192307692307 0.6875 0.12740384615384615 0.2932692307692308
0 0.5348557692307693 0.5264423076923077 0.06009615384615385 0.0673076923076923
2 0.6911057692307693 0.5192307692307693 0.026442307692307692 0.08173076923076923
4 0.38341346153846156 0.5420673076923077 0.01201923076923077 0.026442307692307692
0 0.5961538461538461 0.5384615384615384 0.02403846153846154 0.028846153846153848
4 0.9278846153846154 0.5264423076923077 0.028846153846153848 0.07211538461538461