4 0.39783653846153844 0.4723557692307692 0.01201923076923077 0.05048076923076923
0 0.3762019230769231 0.4699519230769231 0.026442307692307692 0.05048076923076923
0 0.3641826923076923 0.4723557692307692 0.03125 0.05048076923076923
0 0.6346153846153846 0.4795673076923077 0.04807692307692308 0.10817307692307693
0 0.33774038461538464 0.48677884615384615 0.026442307692307692 0.05048076923076923
0 0.3161057692307692 0.49158653846153844 0.03125 0.05048076923076923
0 0.5528846153846154 0.4675480769230769 0.028846153846153848 0.05048076923076923
0 0.27524038461538464 0.6225961538461539 0.10817307692307693 0.20673076923076922
0 0.5120192307692307 0.48197115384615385 0.052884615384615384 0.15144230769230768
4 0.17427884615384615 0.5384615384615384 0.01201923076923077 0.07211538461538461
2 0.22355769230769232 0.5216346153846154 0.02403846153846154 0.0625
4 0.6730769230769231 0.5697115384615384 0.014423076923076924 0.07211538461538461
0 0.5288461538461539 0.41225961538461536 0.014423076923076924 0.021634615384615384
0 0.5600961538461539 0.4110576923076923 0.019230769230769232 0.02403846153846154
0 0.59375 0.4014423076923077 0.009615384615384616 0.014423076923076924
0 0.5805288461538461 0.38341346153846156 0.01201923076923077 0.016826923076923076
0 0.6033653846153846 0.41346153846153844 0.028846153846153848 0.02403846153846154