0 0.5925480769230769 0.40384615384615385 0.01201923076923077 0.014423076923076924
0 0.6334134615384616 0.48677884615384615 0.040865384615384616 0.08413461538461539
0 0.5769230769230769 0.4326923076923077 0.019230769230769232 0.028846153846153848
4 0.17307692307692307 0.5360576923076923 0.019230769230769232 0.07692307692307693
0 0.375 0.4735576923076923 0.014423076923076924 0.04326923076923077
0 0.3870192307692308 0.5204326923076923 0.04326923076923077 0.06490384615384616
0 0.33774038461538464 0.4855769230769231 0.026442307692307692 0.052884615384615384
0 0.36177884615384615 0.47115384615384615 0.026442307692307692 0.052884615384615384
0 0.3173076923076923 0.49158653846153844 0.03365384615384615 0.05048076923076923
0 0.5649038461538461 0.6298076923076923 0.10096153846153846 0.08653846153846154
0 0.24519230769230768 0.6033653846153846 0.10576923076923077 0.21634615384615385
4 0.6574519230769231 0.5661057692307693 0.016826923076923076 0.06971153846153846
0 0.7175480769230769 0.65625 0.08413461538461539 0.09615384615384616
2 0.44350961538461536 0.4362980769230769 0.007211538461538462 0.03125
0 0.4807692307692308 0.4110576923076923 0.04326923076923077 0.028846153846153848
4 0.38822115384615385 0.46875 0.007211538461538462 0.038461538461538464
2 0.4723557692307692 0.43990384615384615 0.01201923076923077 0.028846153846153848
0 0.5384615384615384 0.41466346153846156 0.014423076923076924 0.021634615384615384
0 0.5685096153846154 0.41466346153846156 0.01201923076923077 0.016826923076923076
0 0.5805288461538461 0.38341346153846156 0.007211538461538462 0.01201923076923077
0 0.5276442307692307 0.41225961538461536 0.007211538461538462 0.01201923076923077