0 0.2932692307692308 0.6045673076923077 0.09615384615384616 0.22355769230769232
0 0.5649038461538461 0.41586538461538464 0.014423076923076924 0.019230769230769232
0 0.32572115384615385 0.5396634615384616 0.04567307692307692 0.06971153846153846
0 0.5793269230769231 0.42788461538461536 0.019230769230769232 0.028846153846153848
0 0.5336538461538461 0.41586538461538464 0.014423076923076924 0.02403846153846154
0 0.3173076923076923 0.49158653846153844 0.03365384615384615 0.055288461538461536
0 0.33774038461538464 0.4879807692307692 0.026442307692307692 0.052884615384615384
0 0.3786057692307692 0.4723557692307692 0.01201923076923077 0.040865384615384616
0 0.6322115384615384 0.4831730769230769 0.04326923076923077 0.08653846153846154
0 0.3605769230769231 0.4735576923076923 0.028846153846153848 0.04326923076923077
0 0.5276442307692307 0.5985576923076923 0.055288461538461536 0.08173076923076923
0 0.1814903846153846 0.5661057692307693 0.11298076923076923 0.39663461538461536
0 0.3004807692307692 0.6069711538461539 0.09615384615384616 0.18509615384615385
2 0.44591346153846156 0.4326923076923077 0.007211538461538462 0.028846153846153848
4 0.6598557692307693 0.5649038461538461 0.01201923076923077 0.0673076923076923
0 0.5925480769230769 0.4050480769230769 0.007211538461538462 0.016826923076923076
4 0.3894230769230769 0.4699519230769231 0.009615384615384616 0.04567307692307692
2 0.5492788461538461 0.40625 0.007211538461538462 0.014423076923076924
2 0.4639423076923077 0.4411057692307692 0.009615384615384616 0.03125
2 0.4723557692307692 0.43509615384615385 0.007211538461538462 0.028846153846153848
0 0.5829326923076923 0.38341346153846156 0.007211538461538462 0.01201923076923077