0 0.5925480769230769 0.40384615384615385 0.01201923076923077 0.014423076923076924
0 0.5817307692307693 0.38341346153846156 0.009615384615384616 0.01201923076923077
0 0.5637019230769231 0.4182692307692308 0.01201923076923077 0.019230769230769232
0 0.5793269230769231 0.42908653846153844 0.014423076923076924 0.026442307692307692
0 0.5288461538461539 0.4170673076923077 0.014423076923076924 0.026442307692307692
0 0.359375 0.47716346153846156 0.021634615384615384 0.040865384615384616
0 0.3173076923076923 0.49278846153846156 0.03365384615384615 0.04807692307692308
0 0.33413461538461536 0.4891826923076923 0.02403846153846154 0.04567307692307692
0 0.6346153846153846 0.484375 0.04326923076923077 0.0889423076923077
0 0.515625 0.5769230769230769 0.055288461538461536 0.08173076923076923
0 0.32572115384615385 0.609375 0.0889423076923077 0.20432692307692307
0 0.22596153846153846 0.5805288461538461 0.1346153846153846 0.3245192307692308
4 0.390625 0.4699519230769231 0.007211538461538462 0.040865384615384616
4 0.6574519230769231 0.5673076923076923 0.016826923076923076 0.07211538461538461
0 0.3762019230769231 0.4699519230769231 0.016826923076923076 0.040865384615384616
2 0.4411057692307692 0.4338942307692308 0.007211538461538462 0.036057692307692304
2 0.46274038461538464 0.4411057692307692 0.01201923076923077 0.03125
2 0.4723557692307692 0.4375 0.007211538461538462 0.028846153846153848
2 0.5480769230769231 0.40625 0.009615384615384616 0.014423076923076924