0 0.5012019230769231 0.4110576923076923 0.03125 0.028846153846153848
0 0.3737980769230769 0.4651442307692308 0.021634615384615384 0.036057692307692304
0 0.5612980769230769 0.45552884615384615 0.026442307692307692 0.040865384615384616
0 0.3605769230769231 0.4735576923076923 0.028846153846153848 0.052884615384615384
0 0.6382211538461539 0.47596153846153844 0.05048076923076923 0.10576923076923077
0 0.2776442307692308 0.6298076923076923 0.07451923076923077 0.11057692307692307
0 0.15985576923076922 0.5709134615384616 0.06971153846153846 0.18028846153846154
0 0.31850961538461536 0.5600961538461539 0.08413461538461539 0.16826923076923078
0 0.4483173076923077 0.5949519230769231 0.03125 0.08413461538461539
4 0.6622596153846154 0.5492788461538461 0.01201923076923077 0.06490384615384616
0 0.5877403846153846 0.3894230769230769 0.007211538461538462 0.014423076923076924
4 0.21153846153846154 0.5228365384615384 0.009615384615384616 0.06009615384615385
2 0.22596153846153846 0.5168269230769231 0.02403846153846154 0.0625
2 0.4230769230769231 0.7103365384615384 0.09615384615384616 0.3293269230769231
2 0.5240384615384616 0.4110576923076923 0.009615384615384616 0.019230769230769232
0 0.5757211538461539 0.3798076923076923 0.01201923076923077 0.02403846153846154
0 0.5733173076923077 0.39663461538461536 0.01201923076923077 0.019230769230769232
0 0.6069711538461539 0.37740384615384615 0.007211538461538462 0.014423076923076924
2 0.5480769230769231 0.40384615384615385 0.009615384615384616 0.014423076923076924