0 0.6370192307692307 0.48197115384615385 0.04326923076923077 0.0889423076923077
0 0.37259615384615385 0.4675480769230769 0.02403846153846154 0.05048076923076923
0 0.359375 0.4723557692307692 0.03125 0.055288461538461536
0 0.5649038461538461 0.4543269230769231 0.02403846153846154 0.038461538461538464
0 0.25600961538461536 0.6310096153846154 0.07932692307692307 0.11298076923076923
0 0.16466346153846154 0.6586538461538461 0.07932692307692307 0.1875
0 0.15384615384615385 0.5324519230769231 0.052884615384615384 0.06490384615384616
4 0.6634615384615384 0.5504807692307693 0.014423076923076924 0.0673076923076923
0 0.5168269230769231 0.4098557692307692 0.019230769230769232 0.021634615384615384
0 0.53125 0.4050480769230769 0.009615384615384616 0.016826923076923076
0 0.5745192307692307 0.39663461538461536 0.009615384615384616 0.019230769230769232
0 0.5745192307692307 0.38221153846153844 0.009615384615384616 0.02403846153846154
0 0.33052884615384615 0.5625 0.0985576923076923 0.18269230769230768
2 0.44711538461538464 0.6935096153846154 0.07692307692307693 0.24759615384615385
0 0.4411057692307692 0.5721153846153846 0.05048076923076923 0.057692307692307696
2 0.2247596153846154 0.5168269230769231 0.021634615384615384 0.0625
2 0.3701923076923077 0.4699519230769231 0.009615384615384616 0.040865384615384616
2 0.5492788461538461 0.4014423076923077 0.007211538461538462 0.014423076923076924
0 0.5853365384615384 0.3894230769230769 0.007211538461538462 0.014423076923076924
0 0.6069711538461539 0.37740384615384615 0.007211538461538462 0.014423076923076924
4 0.2091346153846154 0.5228365384615384 0.009615384615384616 0.06490384615384616