4 0.15625 0.5360576923076923 0.014423076923076924 0.0673076923076923
0 0.5733173076923077 0.4375 0.021634615384615384 0.03365384615384615
0 0.53125 0.40625 0.014423076923076924 0.019230769230769232
0 0.6394230769230769 0.47115384615384615 0.04807692307692308 0.11057692307692307
0 0.3641826923076923 0.46875 0.036057692307692304 0.04326923076923077
0 0.3161057692307692 0.4879807692307692 0.03125 0.052884615384615384
0 0.33653846153846156 0.484375 0.028846153846153848 0.05048076923076923
0 0.4855769230769231 0.5240384615384616 0.04326923076923077 0.07211538461538461
0 0.37740384615384615 0.6418269230769231 0.07211538461538461 0.11057692307692307
2 0.5372596153846154 0.6502403846153846 0.040865384615384616 0.13221153846153846
4 0.2127403846153846 0.5228365384615384 0.01201923076923077 0.06490384615384616
2 0.22596153846153846 0.5144230769230769 0.019230769230769232 0.057692307692307696
2 0.3701923076923077 0.4735576923076923 0.019230769230769232 0.04326923076923077
0 0.5769230769230769 0.3786057692307692 0.014423076923076924 0.021634615384615384
0 0.5733173076923077 0.39663461538461536 0.01201923076923077 0.019230769230769232
0 0.6009615384615384 0.3786057692307692 0.009615384615384616 0.016826923076923076
4 0.6694711538461539 0.5540865384615384 0.01201923076923077 0.06490384615384616
2 0.5492788461538461 0.4014423076923077 0.007211538461538462 0.014423076923076924