0 0.5288461538461539 0.4074519230769231 0.014423076923076924 0.016826923076923076
0 0.36658653846153844 0.46634615384615385 0.036057692307692304 0.038461538461538464
0 0.3161057692307692 0.4891826923076923 0.03125 0.05048076923076923
0 0.6394230769230769 0.4723557692307692 0.04807692307692308 0.10817307692307693
0 0.33653846153846156 0.484375 0.028846153846153848 0.04567307692307692
0 0.45552884615384615 0.5733173076923077 0.04567307692307692 0.07932692307692307
0 0.5204326923076923 0.4831730769230769 0.03125 0.04807692307692308
4 0.15384615384615385 0.5348557692307693 0.014423076923076924 0.06971153846153846
4 0.21394230769230768 0.5240384615384616 0.009615384615384616 0.057692307692307696
2 0.22596153846153846 0.5144230769230769 0.02403846153846154 0.0625
2 0.5564903846153846 0.6322115384615384 0.026442307692307692 0.08653846153846154
4 0.6706730769230769 0.5528846153846154 0.014423076923076924 0.0625
2 0.36899038461538464 0.4735576923076923 0.016826923076923076 0.038461538461538464
0 0.5805288461538461 0.42908653846153844 0.016826923076923076 0.026442307692307692
0 0.5721153846153846 0.3954326923076923 0.009615384615384616 0.016826923076923076
0 0.578125 0.3786057692307692 0.01201923076923077 0.021634615384615384
0 0.6009615384615384 0.38221153846153844 0.009615384615384616 0.014423076923076924