0 0.3581730769230769 0.7139423076923077 0.10096153846153846 0.15384615384615385
0 0.25 0.7355769230769231 0.08173076923076923 0.1201923076923077
4 0.1622596153846154 0.6706730769230769 0.01201923076923077 0.057692307692307696
0 0.5540865384615384 0.5612980769230769 0.040865384615384616 0.055288461538461536
0 0.5084134615384616 0.5084134615384616 0.01201923076923077 0.021634615384615384
4 0.2848557692307692 0.6021634615384616 0.007211538461538462 0.040865384615384616
0 0.30528846153846156 0.6009615384615384 0.028846153846153848 0.04326923076923077
0 0.33413461538461536 0.5853365384615384 0.02403846153846154 0.036057692307692304
2 0.40024038461538464 0.5420673076923077 0.007211538461538462 0.026442307692307692
0 0.4543269230769231 0.5096153846153846 0.009615384615384616 0.019230769230769232
0 0.5024038461538461 0.48197115384615385 0.009615384615384616 0.021634615384615384
0 0.46875 0.5024038461538461 0.009615384615384616 0.014423076923076924
2 0.43028846153846156 0.5216346153846154 0.004807692307692308 0.019230769230769232