0 0.018028846153846152 0.5084134615384616 0.036057692307692304 0.040865384615384616
0 0.5805288461538461 0.4987980769230769 0.040865384615384616 0.05048076923076923
0 0.203125 0.42788461538461536 0.03125 0.057692307692307696
2 0.6225961538461539 0.5901442307692307 0.03365384615384615 0.0889423076923077
0 0.5036057692307693 0.328125 0.01201923076923077 0.021634615384615384
0 0.5132211538461539 0.3485576923076923 0.01201923076923077 0.019230769230769232
0 0.4891826923076923 0.36899038461538464 0.01201923076923077 0.016826923076923076
0 0.5 0.3798076923076923 0.009615384615384616 0.019230769230769232
0 0.5216346153846154 0.38822115384615385 0.009615384615384616 0.01201923076923077
0 0.15745192307692307 0.4206730769230769 0.055288461538461536 0.08653846153846154
2 0.5637019230769231 0.4326923076923077 0.021634615384615384 0.038461538461538464