4 0.3329326923076923 0.6237980769230769 0.016826923076923076 0.05048076923076923
0 0.3954326923076923 0.6911057692307693 0.04567307692307692 0.07451923076923077
0 0.46875 0.6862980769230769 0.052884615384615384 0.0889423076923077
0 0.33413461538461536 0.7163461538461539 0.057692307692307696 0.09134615384615384
4 0.15985576923076922 0.6706730769230769 0.01201923076923077 0.052884615384615384
4 0.2800480769230769 0.6009615384615384 0.007211538461538462 0.04326923076923077
4 0.2608173076923077 0.6045673076923077 0.007211538461538462 0.040865384615384616
4 0.28966346153846156 0.5961538461538461 0.007211538461538462 0.04326923076923077
0 0.30649038461538464 0.5997596153846154 0.026442307692307692 0.040865384615384616
0 0.33413461538461536 0.5829326923076923 0.02403846153846154 0.036057692307692304
0 0.5564903846153846 0.5673076923076923 0.04567307692307692 0.04807692307692308
2 0.40865384615384615 0.5384615384615384 0.004807692307692308 0.02403846153846154
2 0.4206730769230769 0.53125 0.004807692307692308 0.02403846153846154
0 0.453125 0.5096153846153846 0.007211538461538462 0.019230769230769232
0 0.5144230769230769 0.5012019230769231 0.009615384615384616 0.016826923076923076
0 0.49759615384615385 0.5024038461538461 0.009615384615384616 0.019230769230769232
0 0.4675480769230769 0.5036057692307693 0.007211538461538462 0.016826923076923076
2 0.44591346153846156 0.5276442307692307 0.007211538461538462 0.016826923076923076