4 0.15985576923076922 0.671875 0.01201923076923077 0.055288461538461536
0 0.5528846153846154 0.5661057692307693 0.038461538461538464 0.04567307692307692
0 0.44471153846153844 0.6033653846153846 0.028846153846153848 0.04326923076923077
0 0.44471153846153844 0.5793269230769231 0.02403846153846154 0.014423076923076924
0 0.4567307692307692 0.578125 0.019230769230769232 0.036057692307692304
4 0.2848557692307692 0.6021634615384616 0.007211538461538462 0.040865384615384616
0 0.30649038461538464 0.6009615384615384 0.026442307692307692 0.04326923076923077
0 0.33413461538461536 0.5841346153846154 0.02403846153846154 0.038461538461538464
2 0.3762019230769231 0.5612980769230769 0.007211538461538462 0.03125
2 0.3954326923076923 0.5492788461538461 0.007211538461538462 0.026442307692307692
0 0.484375 0.5084134615384616 0.01201923076923077 0.016826923076923076
0 0.5204326923076923 0.46634615384615385 0.01201923076923077 0.014423076923076924
0 0.5012019230769231 0.5 0.01201923076923077 0.014423076923076924
2 0.4579326923076923 0.5192307692307693 0.007211538461538462 0.019230769230769232