0 0.49278846153846156 0.5348557692307693 0.014423076923076924 0.03125
0 0.4795673076923077 0.5552884615384616 0.026442307692307692 0.038461538461538464
4 0.15985576923076922 0.6682692307692307 0.01201923076923077 0.0625
4 0.28125 0.6009615384615384 0.009615384615384616 0.04326923076923077
4 0.28966346153846156 0.5985576923076923 0.007211538461538462 0.04326923076923077
0 0.3076923076923077 0.6009615384615384 0.02403846153846154 0.038461538461538464
0 0.3317307692307692 0.5829326923076923 0.019230769230769232 0.040865384615384616
2 0.34375 0.5901442307692307 0.009615384615384616 0.036057692307692304
2 0.36899038461538464 0.5685096153846154 0.007211538461538462 0.036057692307692304
2 0.4170673076923077 0.5324519230769231 0.007211538461538462 0.026442307692307692
0 0.5540865384615384 0.5661057692307693 0.040865384615384616 0.05048076923076923
0 0.484375 0.5084134615384616 0.01201923076923077 0.016826923076923076
0 0.46033653846153844 0.5084134615384616 0.01201923076923077 0.021634615384615384
0 0.5036057692307693 0.49038461538461536 0.007211538461538462 0.014423076923076924