4 0.20793269230769232 0.6706730769230769 0.01201923076923077 0.0625
0 0.4411057692307692 0.6454326923076923 0.040865384615384616 0.06971153846153846
4 0.15985576923076922 0.6670673076923077 0.01201923076923077 0.055288461538461536
4 0.17908653846153846 0.6430288461538461 0.007211538461538462 0.05048076923076923
4 0.28966346153846156 0.5889423076923077 0.007211538461538462 0.028846153846153848
0 0.3076923076923077 0.5997596153846154 0.028846153846153848 0.040865384615384616
0 0.33653846153846156 0.5805288461538461 0.028846153846153848 0.040865384615384616
4 0.35697115384615385 0.5769230769230769 0.007211538461538462 0.038461538461538464
0 0.5564903846153846 0.5649038461538461 0.040865384615384616 0.04807692307692308
0 0.46033653846153844 0.515625 0.01201923076923077 0.026442307692307692
0 0.47716346153846156 0.5144230769230769 0.01201923076923077 0.02403846153846154
0 0.5132211538461539 0.5048076923076923 0.01201923076923077 0.019230769230769232
0 0.49158653846153844 0.5 0.01201923076923077 0.019230769230769232
2 0.39302884615384615 0.5480769230769231 0.007211538461538462 0.028846153846153848