0 0.453125 0.5360576923076923 0.016826923076923076 0.028846153846153848
0 0.43028846153846156 0.5504807692307693 0.02403846153846154 0.038461538461538464
0 0.47836538461538464 0.5625 0.02403846153846154 0.04326923076923077
0 0.5552884615384616 0.5661057692307693 0.04326923076923077 0.05048076923076923
4 0.15985576923076922 0.6694711538461539 0.01201923076923077 0.06009615384615385
4 0.28725961538461536 0.5877403846153846 0.007211538461538462 0.040865384615384616
4 0.28966346153846156 0.5961538461538461 0.007211538461538462 0.038461538461538464
0 0.30649038461538464 0.5997596153846154 0.026442307692307692 0.040865384615384616
0 0.33774038461538464 0.5817307692307693 0.03125 0.038461538461538464
2 0.3762019230769231 0.5625 0.007211538461538462 0.028846153846153848
0 0.47475961538461536 0.5072115384615384 0.01201923076923077 0.019230769230769232
0 0.49158653846153844 0.5048076923076923 0.01201923076923077 0.019230769230769232
0 0.5012019230769231 0.49759615384615385 0.007211538461538462 0.014423076923076924
0 0.5120192307692307 0.4735576923076923 0.009615384615384616 0.019230769230769232