0 0.30528846153846156 0.6009615384615384 0.028846153846153848 0.04326923076923077
0 0.42788461538461536 0.5625 0.02403846153846154 0.038461538461538464
4 0.13341346153846154 0.6706730769230769 0.007211538461538462 0.057692307692307696
4 0.15985576923076922 0.6694711538461539 0.01201923076923077 0.055288461538461536
0 0.3557692307692308 0.6850961538461539 0.07692307692307693 0.07692307692307693
4 0.5444711538461539 0.5865384615384616 0.01201923076923077 0.04326923076923077
0 0.5564903846153846 0.5625 0.04567307692307692 0.04807692307692308
0 0.35216346153846156 0.6346153846153846 0.03125 0.03365384615384615
4 0.2956730769230769 0.5793269230769231 0.004807692307692308 0.02403846153846154
0 0.3449519230769231 0.6033653846153846 0.026442307692307692 0.03365384615384615
2 0.3605769230769231 0.5853365384615384 0.009615384615384616 0.03125
0 0.4495192307692308 0.5108173076923077 0.009615384615384616 0.016826923076923076
0 0.46274038461538464 0.5108173076923077 0.01201923076923077 0.021634615384615384
0 0.4831730769230769 0.5084134615384616 0.014423076923076924 0.021634615384615384
0 0.5060096153846154 0.5144230769230769 0.01201923076923077 0.02403846153846154
0 0.5144230769230769 0.49038461538461536 0.009615384615384616 0.014423076923076924
0 0.5024038461538461 0.4735576923076923 0.009615384615384616 0.019230769230769232
0 0.33533653846153844 0.5793269230769231 0.026442307692307692 0.03365384615384615