0 0.4230769230769231 0.5444711538461539 0.019230769230769232 0.03125
0 0.24639423076923078 0.7463942307692307 0.0985576923076923 0.15625
4 0.15985576923076922 0.6694711538461539 0.01201923076923077 0.055288461538461536
2 0.4423076923076923 0.6694711538461539 0.02403846153846154 0.055288461538461536
4 0.28966346153846156 0.609375 0.007211538461538462 0.040865384615384616
0 0.4387019230769231 0.5324519230769231 0.01201923076923077 0.021634615384615384
0 0.45552884615384615 0.5348557692307693 0.016826923076923076 0.026442307692307692
0 0.44471153846153844 0.5228365384615384 0.009615384615384616 0.016826923076923076
0 0.4699519230769231 0.5228365384615384 0.01201923076923077 0.021634615384615384
0 0.46033653846153844 0.5084134615384616 0.007211538461538462 0.016826923076923076
0 0.48677884615384615 0.5060096153846154 0.01201923076923077 0.021634615384615384
0 0.5024038461538461 0.5180288461538461 0.014423076923076924 0.026442307692307692
0 0.49399038461538464 0.4879807692307692 0.01201923076923077 0.014423076923076924
0 0.5132211538461539 0.5012019230769231 0.01201923076923077 0.021634615384615384
0 0.5540865384615384 0.5673076923076923 0.040865384615384616 0.04807692307692308
0 0.30649038461538464 0.6033653846153846 0.026442307692307692 0.038461538461538464
2 0.3449519230769231 0.5841346153846154 0.016826923076923076 0.028846153846153848
0 0.3317307692307692 0.5829326923076923 0.019230769230769232 0.036057692307692304