0 0.4074519230769231 0.5600961538461539 0.016826923076923076 0.03365384615384615
0 0.34134615384615385 0.6105769230769231 0.028846153846153848 0.04807692307692308
0 0.3918269230769231 0.5985576923076923 0.02403846153846154 0.04326923076923077
0 0.3762019230769231 0.5853365384615384 0.021634615384615384 0.036057692307692304
0 0.44591346153846156 0.6887019230769231 0.055288461538461536 0.0985576923076923
0 0.43990384615384615 0.5504807692307693 0.02403846153846154 0.038461538461538464
0 0.35336538461538464 0.7235576923076923 0.057692307692307696 0.07692307692307693
0 0.5552884615384616 0.5697115384615384 0.038461538461538464 0.04807692307692308
4 0.15865384615384615 0.6694711538461539 0.009615384615384616 0.06009615384615385
4 0.2536057692307692 0.6225961538461539 0.007211538461538462 0.04326923076923077
4 0.2824519230769231 0.6165865384615384 0.007211538461538462 0.04567307692307692
4 0.2848557692307692 0.6009615384615384 0.007211538461538462 0.04326923076923077
4 0.29086538461538464 0.59375 0.004807692307692308 0.038461538461538464
0 0.30649038461538464 0.6009615384615384 0.026442307692307692 0.038461538461538464
0 0.5132211538461539 0.5036057692307693 0.01201923076923077 0.021634615384615384
0 0.4951923076923077 0.5024038461538461 0.009615384615384616 0.019230769230769232
0 0.4807692307692308 0.5096153846153846 0.009615384615384616 0.019230769230769232
0 0.484375 0.49278846153846156 0.01201923076923077 0.019230769230769232
0 0.3389423076923077 0.5769230769230769 0.028846153846153848 0.028846153846153848
4 0.38341346153846156 0.5600961538461539 0.007211538461538462 0.02403846153846154
0 0.4723557692307692 0.5024038461538461 0.01201923076923077 0.03365384615384615