0 0.30528846153846156 0.6454326923076923 0.028846153846153848 0.06009615384615385
0 0.4230769230769231 0.5745192307692307 0.028846153846153848 0.04326923076923077
0 0.33533653846153844 0.6538461538461539 0.036057692307692304 0.0625
0 0.2800480769230769 0.6550480769230769 0.036057692307692304 0.06009615384615385
0 0.3557692307692308 0.7223557692307693 0.057692307692307696 0.07451923076923077
4 0.15985576923076922 0.6694711538461539 0.01201923076923077 0.055288461538461536
4 0.2848557692307692 0.6021634615384616 0.007211538461538462 0.04567307692307692
2 0.26802884615384615 0.6165865384615384 0.007211538461538462 0.03125
0 0.30528846153846156 0.5985576923076923 0.028846153846153848 0.03365384615384615
2 0.3449519230769231 0.5829326923076923 0.016826923076923076 0.036057692307692304
0 0.33052884615384615 0.5829326923076923 0.016826923076923076 0.036057692307692304
0 0.37259615384615385 0.5961538461538461 0.028846153846153848 0.038461538461538464
0 0.4651442307692308 0.5096153846153846 0.021634615384615384 0.019230769230769232
0 0.5168269230769231 0.4987980769230769 0.009615384615384616 0.016826923076923076
0 0.47596153846153844 0.4963942307692308 0.014423076923076924 0.026442307692307692
0 0.5528846153846154 0.5661057692307693 0.038461538461538464 0.05048076923076923