0 0.3401442307692308 0.5865384615384616 0.03125 0.052884615384615384
0 0.30528846153846156 0.6033653846153846 0.028846153846153848 0.04807692307692308
0 0.36538461538461536 0.5865384615384616 0.028846153846153848 0.052884615384615384
0 0.21514423076923078 0.7055288461538461 0.05048076923076923 0.07932692307692307
0 0.27283653846153844 0.7271634615384616 0.07932692307692307 0.12259615384615384
0 0.3641826923076923 0.7199519230769231 0.055288461538461536 0.06971153846153846
4 0.15865384615384615 0.6682692307692307 0.009615384615384616 0.052884615384615384
4 0.2668269230769231 0.6033653846153846 0.009615384615384616 0.04807692307692308
4 0.45072115384615385 0.5925480769230769 0.007211538461538462 0.04567307692307692
0 0.31971153846153844 0.6730769230769231 0.03365384615384615 0.0625
0 0.4579326923076923 0.5108173076923077 0.01201923076923077 0.021634615384615384
0 0.47836538461538464 0.5012019230769231 0.014423076923076924 0.03125
4 0.4891826923076923 0.5060096153846154 0.002403846153846154 0.021634615384615384
0 0.5540865384615384 0.5649038461538461 0.040865384615384616 0.052884615384615384