0 0.46033653846153844 0.5060096153846154 0.016826923076923076 0.036057692307692304
4 0.30528846153846156 0.6045673076923077 0.02403846153846154 0.05048076923076923
0 0.4495192307692308 0.5901442307692307 0.028846153846153848 0.05048076923076923
0 0.30528846153846156 0.6045673076923077 0.02403846153846154 0.05048076923076923
0 0.46634615384615385 0.7019230769230769 0.057692307692307696 0.07692307692307693
0 0.44350961538461536 0.6189903846153846 0.03125 0.06490384615384616
0 0.3293269230769231 0.6586538461538461 0.04326923076923077 0.08173076923076923
0 0.35216346153846156 0.7199519230769231 0.055288461538461536 0.07451923076923077
4 0.1622596153846154 0.6826923076923077 0.01201923076923077 0.038461538461538464
0 0.5528846153846154 0.5552884615384616 0.038461538461538464 0.0673076923076923
0 0.33052884615384615 0.5841346153846154 0.016826923076923076 0.03365384615384615
2 0.3473557692307692 0.5817307692307693 0.01201923076923077 0.028846153846153848
0 0.46033653846153844 0.5084134615384616 0.01201923076923077 0.016826923076923076
2 0.4879807692307692 0.5084134615384616 0.004807692307692308 0.021634615384615384