0 0.47836538461538464 0.5492788461538461 0.019230769230769232 0.040865384615384616
0 0.43028846153846156 0.5408653846153846 0.019230769230769232 0.03365384615384615
0 0.49399038461538464 0.5348557692307693 0.016826923076923076 0.036057692307692304
0 0.453125 0.5024038461538461 0.021634615384615384 0.038461538461538464
0 0.49038461538461536 0.5685096153846154 0.02403846153846154 0.036057692307692304
0 0.14302884615384615 0.7319711538461539 0.036057692307692304 0.14182692307692307
4 0.1622596153846154 0.6826923076923077 0.01201923076923077 0.03365384615384615
0 0.30408653846153844 0.6009615384615384 0.026442307692307692 0.04326923076923077
0 0.3317307692307692 0.5853365384615384 0.019230769230769232 0.036057692307692304
0 0.34615384615384615 0.5793269230769231 0.014423076923076924 0.038461538461538464
0 0.5516826923076923 0.5649038461538461 0.036057692307692304 0.04807692307692308
0 0.4423076923076923 0.5240384615384616 0.019230769230769232 0.038461538461538464
0 0.47716346153846156 0.5036057692307693 0.016826923076923076 0.016826923076923076
0 0.5024038461538461 0.49759615384615385 0.009615384615384616 0.019230769230769232