0 0.33052884615384615 0.5841346153846154 0.016826923076923076 0.038461538461538464
0 0.47836538461538464 0.5204326923076923 0.014423076923076924 0.026442307692307692
0 0.30649038461538464 0.6033653846153846 0.026442307692307692 0.04326923076923077
0 0.390625 0.6021634615384616 0.03125 0.05048076923076923
0 0.23197115384615385 0.6826923076923077 0.06009615384615385 0.10576923076923077
0 0.36778846153846156 0.5673076923076923 0.038461538461538464 0.07211538461538461
0 0.30528846153846156 0.7043269230769231 0.0673076923076923 0.13942307692307693
0 0.2247596153846154 0.6947115384615384 0.04567307692307692 0.0673076923076923
4 0.15865384615384615 0.6706730769230769 0.009615384615384616 0.057692307692307696
2 0.5060096153846154 0.6850961538461539 0.040865384615384616 0.07211538461538461
0 0.46153846153846156 0.5288461538461539 0.014423076923076924 0.02403846153846154
0 0.45913461538461536 0.5108173076923077 0.009615384615384616 0.016826923076923076
0 0.5108173076923077 0.5120192307692307 0.01201923076923077 0.019230769230769232
4 0.2776442307692308 0.6009615384615384 0.007211538461538462 0.04326923076923077
0 0.3713942307692308 0.7079326923076923 0.055288461538461536 0.0889423076923077
0 0.5564903846153846 0.5661057692307693 0.04567307692307692 0.05048076923076923
0 0.484375 0.5060096153846154 0.01201923076923077 0.021634615384615384
0 0.5072115384615384 0.4723557692307692 0.009615384615384616 0.016826923076923076
4 0.23918269230769232 0.6045673076923077 0.007211538461538462 0.040865384615384616