0 0.3317307692307692 0.703125 0.0625 0.13221153846153846
0 0.45913461538461536 0.5144230769230769 0.014423076923076924 0.02403846153846154
0 0.45913461538461536 0.5336538461538461 0.019230769230769232 0.028846153846153848
0 0.30528846153846156 0.6045673076923077 0.02403846153846154 0.040865384615384616
0 0.37740384615384615 0.7139423076923077 0.038461538461538464 0.09134615384615384
0 0.4423076923076923 0.5504807692307693 0.019230769230769232 0.028846153846153848
0 0.22115384615384615 0.6971153846153846 0.04807692307692308 0.07211538461538461
4 0.15985576923076922 0.6706730769230769 0.007211538461538462 0.057692307692307696
4 0.13221153846153846 0.6730769230769231 0.009615384615384616 0.057692307692307696
4 0.2620192307692308 0.6033653846153846 0.009615384615384616 0.04807692307692308
0 0.33413461538461536 0.5901442307692307 0.04326923076923077 0.06971153846153846
0 0.5528846153846154 0.5637019230769231 0.038461538461538464 0.06009615384615385
4 0.28966346153846156 0.5985576923076923 0.007211538461538462 0.04807692307692308
0 0.5108173076923077 0.5084134615384616 0.01201923076923077 0.021634615384615384
0 0.4855769230769231 0.5072115384615384 0.019230769230769232 0.02403846153846154
0 0.23557692307692307 0.671875 0.04807692307692308 0.0889423076923077
0 0.5072115384615384 0.47716346153846156 0.009615384615384616 0.021634615384615384