0 0.5408653846153846 0.5949519230769231 0.052884615384615384 0.10817307692307693
4 0.21514423076923078 0.6550480769230769 0.01201923076923077 0.06009615384615385
0 0.45552884615384615 0.5108173076923077 0.026442307692307692 0.021634615384615384
0 0.4831730769230769 0.5372596153846154 0.02403846153846154 0.055288461538461536
0 0.45072115384615385 0.5949519230769231 0.03125 0.04567307692307692
0 0.4182692307692308 0.6478365384615384 0.04326923076923077 0.06971153846153846
4 0.15985576923076922 0.6706730769230769 0.01201923076923077 0.0625
0 0.328125 0.6394230769230769 0.06009615384615385 0.11538461538461539
0 0.5 0.5192307692307693 0.014423076923076924 0.03365384615384615
0 0.34975961538461536 0.5769230769230769 0.026442307692307692 0.03365384615384615
0 0.46875 0.4963942307692308 0.014423076923076924 0.021634615384615384