0 0.46153846153846156 0.5276442307692307 0.019230769230769232 0.026442307692307692
0 0.3389423076923077 0.5889423076923077 0.02403846153846154 0.04326923076923077
0 0.47475961538461536 0.5240384615384616 0.016826923076923076 0.038461538461538464
0 0.49038461538461536 0.5348557692307693 0.019230769230769232 0.03125
0 0.359375 0.5949519230769231 0.021634615384615384 0.04567307692307692
0 0.16466346153846154 0.7463942307692307 0.055288461538461536 0.07932692307692307
0 0.42788461538461536 0.6274038461538461 0.08173076923076923 0.15384615384615385
0 0.30528846153846156 0.6670673076923077 0.0625 0.12259615384615384
0 0.4375 0.5192307692307693 0.019230769230769232 0.04326923076923077
0 0.5240384615384616 0.5144230769230769 0.019230769230769232 0.052884615384615384
0 0.5552884615384616 0.5576923076923077 0.038461538461538464 0.0673076923076923
2 0.41586538461538464 0.5348557692307693 0.009615384615384616 0.026442307692307692
2 0.28966346153846156 0.5865384615384616 0.007211538461538462 0.02403846153846154
0 0.30649038461538464 0.5925480769230769 0.021634615384615384 0.021634615384615384