0 0.5012019230769231 0.5240384615384616 0.01201923076923077 0.03365384615384615
0 0.38341346153846156 0.5625 0.055288461538461536 0.10576923076923077
0 0.43990384615384615 0.5853365384615384 0.0625 0.13221153846153846
0 0.30528846153846156 0.6658653846153846 0.0625 0.125
0 0.5552884615384616 0.5564903846153846 0.038461538461538464 0.06490384615384616
0 0.5264423076923077 0.5060096153846154 0.019230769230769232 0.04567307692307692
4 0.15625 0.6694711538461539 0.009615384615384616 0.06009615384615385
4 0.26322115384615385 0.6033653846153846 0.007211538461538462 0.04326923076923077
0 0.33533653846153844 0.5865384615384616 0.016826923076923076 0.03365384615384615
0 0.3449519230769231 0.578125 0.016826923076923076 0.036057692307692304
0 0.5024038461538461 0.4987980769230769 0.009615384615384616 0.016826923076923076
0 0.4723557692307692 0.5024038461538461 0.01201923076923077 0.014423076923076924
0 0.48197115384615385 0.5048076923076923 0.01201923076923077 0.014423076923076924