0 0.48677884615384615 0.5084134615384616 0.016826923076923076 0.021634615384615384
0 0.4375 0.5528846153846154 0.019230769230769232 0.03365384615384615
0 0.30649038461538464 0.6009615384615384 0.026442307692307692 0.04326923076923077
0 0.4110576923076923 0.5721153846153846 0.019230769230769232 0.04326923076923077
0 0.3485576923076923 0.6382211538461539 0.03365384615384615 0.06490384615384616
0 0.23798076923076922 0.6899038461538461 0.04326923076923077 0.0625
2 0.14302884615384615 0.7163461538461539 0.03125 0.0625
4 0.15625 0.6742788461538461 0.009615384615384616 0.06009615384615385
0 0.5516826923076923 0.5588942307692307 0.036057692307692304 0.06490384615384616
4 0.26322115384615385 0.6021634615384616 0.007211538461538462 0.05048076923076923
0 0.5 0.5012019230769231 0.019230769230769232 0.036057692307692304
0 0.4723557692307692 0.5084134615384616 0.01201923076923077 0.021634615384615384
0 0.33533653846153844 0.5841346153846154 0.016826923076923076 0.028846153846153848
0 0.34615384615384615 0.578125 0.019230769230769232 0.036057692307692304
4 0.2764423076923077 0.6045673076923077 0.004807692307692308 0.036057692307692304
2 0.42788461538461536 0.5168269230769231 0.004807692307692308 0.019230769230769232
2 0.4423076923076923 0.5144230769230769 0.004807692307692308 0.019230769230769232
0 0.46153846153846156 0.5132211538461539 0.009615384615384616 0.016826923076923076