0 0.421875 0.4543269230769231 0.09375 0.125
0 0.5673076923076923 0.45072115384615385 0.07692307692307693 0.06971153846153846
0 0.5360576923076923 0.43028846153846156 0.04807692307692308 0.052884615384615384
0 0.47475961538461536 0.41346153846153844 0.036057692307692304 0.04326923076923077
0 0.45072115384615385 0.390625 0.026442307692307692 0.03125
0 0.33653846153846156 0.4375 0.0673076923076923 0.0625
0 0.23798076923076922 0.4182692307692308 0.057692307692307696 0.052884615384615384
0 0.34975961538461536 0.390625 0.03125 0.03125
0 0.30408653846153844 0.3858173076923077 0.03125 0.036057692307692304
0 0.7836538461538461 0.5108173076923077 0.1971153846153846 0.17548076923076922
0 0.06850961538461539 0.39903846153846156 0.05048076923076923 0.03365384615384615