0 0.43028846153846156 0.5336538461538461 0.019230769230769232 0.028846153846153848
0 0.30649038461538464 0.6009615384615384 0.026442307692307692 0.04326923076923077
0 0.36899038461538464 0.6622596153846154 0.07451923076923077 0.17067307692307693
4 0.15985576923076922 0.6706730769230769 0.01201923076923077 0.057692307692307696
0 0.5252403846153846 0.6117788461538461 0.06490384615384616 0.10817307692307693
0 0.4675480769230769 0.5276442307692307 0.01201923076923077 0.026442307692307692
0 0.44711538461538464 0.5252403846153846 0.009615384615384616 0.021634615384615384
0 0.4567307692307692 0.5276442307692307 0.009615384615384616 0.021634615384615384
0 0.4891826923076923 0.5036057692307693 0.01201923076923077 0.021634615384615384
0 0.5108173076923077 0.4891826923076923 0.01201923076923077 0.026442307692307692
4 0.28725961538461536 0.5913461538461539 0.007211538461538462 0.038461538461538464
4 0.5877403846153846 0.5985576923076923 0.007211538461538462 0.052884615384615384
4 0.5949519230769231 0.6009615384615384 0.007211538461538462 0.04807692307692308
0 0.5528846153846154 0.5540865384615384 0.03365384615384615 0.06490384615384616