0 0.30649038461538464 0.6033653846153846 0.026442307692307692 0.04326923076923077
0 0.4182692307692308 0.6117788461538461 0.057692307692307696 0.15144230769230768
4 0.15865384615384615 0.671875 0.009615384615384616 0.055288461538461536
0 0.5408653846153846 0.5961538461538461 0.052884615384615384 0.10096153846153846
0 0.33653846153846156 0.5853365384615384 0.019230769230769232 0.036057692307692304
0 0.34615384615384615 0.578125 0.014423076923076924 0.036057692307692304
4 0.2848557692307692 0.5913461538461539 0.007211538461538462 0.038461538461538464
0 0.45072115384615385 0.5432692307692307 0.01201923076923077 0.028846153846153848
0 0.4567307692307692 0.5288461538461539 0.014423076923076924 0.028846153846153848
0 0.4699519230769231 0.5216346153846154 0.01201923076923077 0.02403846153846154
0 0.48677884615384615 0.5060096153846154 0.01201923076923077 0.026442307692307692
0 0.5108173076923077 0.49038461538461536 0.01201923076923077 0.028846153846153848
4 0.5745192307692307 0.609375 0.004807692307692308 0.05048076923076923