0 0.6129807692307693 0.3798076923076923 0.0625 0.04326923076923077
0 0.19110576923076922 0.39783653846153844 0.06971153846153846 0.040865384615384616
0 0.41947115384615385 0.3701923076923077 0.01201923076923077 0.014423076923076924
0 0.38100961538461536 0.36778846153846156 0.01201923076923077 0.014423076923076924
0 0.31850961538461536 0.37259615384615385 0.01201923076923077 0.014423076923076924
0 0.31850961538461536 0.38461538461538464 0.016826923076923076 0.019230769230769232
0 0.33774038461538464 0.37740384615384615 0.016826923076923076 0.019230769230769232
0 0.2932692307692308 0.39903846153846156 0.04326923076923077 0.02403846153846154
0 0.33052884615384615 0.41346153846153844 0.026442307692307692 0.03365384615384615
0 0.30649038461538464 0.4266826923076923 0.04567307692307692 0.05048076923076923
0 0.36778846153846156 0.40024038461538464 0.038461538461538464 0.036057692307692304
0 0.42427884615384615 0.3942307692307692 0.036057692307692304 0.028846153846153848
0 0.45072115384615385 0.39783653846153844 0.05048076923076923 0.03125
0 0.5817307692307693 0.3918269230769231 0.04326923076923077 0.02403846153846154