0 0.5985576923076923 0.38461538461538464 0.0673076923076923 0.04807692307692308
0 0.21394230769230768 0.39903846153846156 0.07692307692307693 0.04326923076923077
0 0.5697115384615384 0.39783653846153844 0.057692307692307696 0.026442307692307692
0 0.43028846153846156 0.3737980769230769 0.014423076923076924 0.01201923076923077
0 0.38100961538461536 0.37259615384615385 0.01201923076923077 0.014423076923076924
0 0.33774038461538464 0.38341346153846156 0.016826923076923076 0.016826923076923076
0 0.31850961538461536 0.390625 0.016826923076923076 0.021634615384615384
0 0.37740384615384615 0.39903846153846156 0.052884615384615384 0.02403846153846154
0 0.4254807692307692 0.40384615384615385 0.052884615384615384 0.028846153846153848
0 0.3293269230769231 0.42427884615384615 0.028846153846153848 0.036057692307692304
0 0.2980769230769231 0.4326923076923077 0.052884615384615384 0.057692307692307696
0 0.328125 0.37740384615384615 0.01201923076923077 0.014423076923076924