4 0.3425480769230769 0.5817307692307693 0.021634615384615384 0.04807692307692308
4 0.34975961538461536 0.5805288461538461 0.016826923076923076 0.04567307692307692
0 0.30408653846153844 0.6009615384615384 0.03125 0.04807692307692308
0 0.43028846153846156 0.5408653846153846 0.019230769230769232 0.03365384615384615
0 0.5036057692307693 0.5733173076923077 0.03125 0.05048076923076923
4 0.15504807692307693 0.671875 0.007211538461538462 0.05048076923076923
4 0.1622596153846154 0.6694711538461539 0.007211538461538462 0.05048076923076923
0 0.5540865384615384 0.5588942307692307 0.040865384615384616 0.07451923076923077
0 0.515625 0.49278846153846156 0.016826923076923076 0.04807692307692308
0 0.49038461538461536 0.5048076923076923 0.009615384615384616 0.014423076923076924
4 0.26322115384615385 0.6057692307692307 0.007211538461538462 0.038461538461538464
4 0.12860576923076922 0.6754807692307693 0.007211538461538462 0.052884615384615384
0 0.46875 0.5024038461538461 0.009615384615384616 0.019230769230769232