0 0.45913461538461536 0.5108173076923077 0.014423076923076924 0.021634615384615384
0 0.30528846153846156 0.6021634615384616 0.028846153846153848 0.04567307692307692
0 0.44711538461538464 0.546875 0.019230769230769232 0.03125
0 0.43990384615384615 0.6923076923076923 0.0625 0.10576923076923077
0 0.4014423076923077 0.5817307692307693 0.02403846153846154 0.038461538461538464
0 0.5552884615384616 0.5649038461538461 0.04326923076923077 0.0625
4 0.15504807692307693 0.671875 0.007211538461538462 0.055288461538461536
4 0.16105769230769232 0.6658653846153846 0.009615384615384616 0.057692307692307696
4 0.1310096153846154 0.6802884615384616 0.007211538461538462 0.0625
4 0.27524038461538464 0.6009615384615384 0.007211538461538462 0.04326923076923077
0 0.33413461538461536 0.5841346153846154 0.019230769230769232 0.03365384615384615
0 0.34375 0.5793269230769231 0.019230769230769232 0.03365384615384615
0 0.48197115384615385 0.5048076923076923 0.01201923076923077 0.019230769230769232
0 0.515625 0.4891826923076923 0.03125 0.036057692307692304