0 0.46153846153846156 0.5132211538461539 0.019230769230769232 0.026442307692307692
0 0.33413461538461536 0.5841346153846154 0.019230769230769232 0.028846153846153848
0 0.3076923076923077 0.6021634615384616 0.028846153846153848 0.05048076923076923
0 0.2932692307692308 0.6454326923076923 0.03365384615384615 0.06009615384615385
0 0.33653846153846156 0.6538461538461539 0.038461538461538464 0.0625
2 0.5132211538461539 0.7115384615384616 0.05048076923076923 0.14423076923076922
0 0.5552884615384616 0.5661057692307693 0.04326923076923077 0.055288461538461536
4 0.1622596153846154 0.6682692307692307 0.01201923076923077 0.0625
4 0.27524038461538464 0.6021634615384616 0.007211538461538462 0.040865384615384616
0 0.34375 0.5793269230769231 0.019230769230769232 0.03365384615384615
0 0.5060096153846154 0.4723557692307692 0.007211538461538462 0.016826923076923076