0 0.45913461538461536 0.5108173076923077 0.014423076923076924 0.026442307692307692
0 0.2247596153846154 0.7331730769230769 0.06009615384615385 0.09615384615384616
4 0.15985576923076922 0.6754807692307693 0.007211538461538462 0.052884615384615384
4 0.16466346153846154 0.671875 0.01201923076923077 0.06009615384615385
2 0.5396634615384616 0.6875 0.03125 0.09134615384615384
0 0.5528846153846154 0.5661057692307693 0.038461538461538464 0.05048076923076923
0 0.21153846153846154 0.7007211538461539 0.038461538461538464 0.06490384615384616
0 0.30649038461538464 0.6838942307692307 0.040865384615384616 0.06971153846153846
4 0.2764423076923077 0.6021634615384616 0.009615384615384616 0.040865384615384616
0 0.29086538461538464 0.59375 0.004807692307692308 0.03365384615384615
0 0.30649038461538464 0.6033653846153846 0.026442307692307692 0.04326923076923077
0 0.33413461538461536 0.5841346153846154 0.019230769230769232 0.03365384615384615
0 0.34615384615384615 0.578125 0.019230769230769232 0.036057692307692304
0 0.515625 0.49158653846153844 0.007211538461538462 0.016826923076923076
0 0.5060096153846154 0.4735576923076923 0.007211538461538462 0.014423076923076924