0 0.30528846153846156 0.6021634615384616 0.028846153846153848 0.05048076923076923
0 0.3004807692307692 0.6875 0.04326923076923077 0.07211538461538461
0 0.20793269230769232 0.7019230769230769 0.04567307692307692 0.07211538461538461
2 0.5853365384615384 0.6887019230769231 0.026442307692307692 0.06971153846153846
4 0.15865384615384615 0.6730769230769231 0.009615384615384616 0.052884615384615384
4 0.16466346153846154 0.6694711538461539 0.007211538461538462 0.055288461538461536
0 0.5552884615384616 0.5673076923076923 0.038461538461538464 0.052884615384615384
4 0.2848557692307692 0.5985576923076923 0.007211538461538462 0.038461538461538464
4 0.2644230769230769 0.6129807692307693 0.004807692307692308 0.028846153846153848
0 0.33533653846153844 0.5865384615384616 0.021634615384615384 0.03365384615384615
0 0.34375 0.578125 0.019230769230769232 0.036057692307692304
0 0.45072115384615385 0.5204326923076923 0.01201923076923077 0.021634615384615384
0 0.4675480769230769 0.5048076923076923 0.01201923076923077 0.019230769230769232
0 0.5024038461538461 0.49759615384615385 0.009615384615384616 0.014423076923076924
0 0.515625 0.49278846153846156 0.007211538461538462 0.014423076923076924
0 0.5060096153846154 0.4735576923076923 0.007211538461538462 0.014423076923076924