0 0.41346153846153844 0.5480769230769231 0.019230769230769232 0.03365384615384615
0 0.4567307692307692 0.53125 0.019230769230769232 0.03365384615384615
0 0.14543269230769232 0.7680288461538461 0.040865384615384616 0.19471153846153846
2 0.4963942307692308 0.7019230769230769 0.040865384615384616 0.11057692307692307
2 0.5492788461538461 0.6598557692307693 0.026442307692307692 0.06009615384615385
4 0.15865384615384615 0.6730769230769231 0.004807692307692308 0.052884615384615384
4 0.16466346153846154 0.6670673076923077 0.01201923076923077 0.055288461538461536
0 0.5528846153846154 0.5697115384615384 0.038461538461538464 0.04326923076923077
4 0.27524038461538464 0.5997596153846154 0.007211538461538462 0.040865384615384616
4 0.29086538461538464 0.5985576923076923 0.004807692307692308 0.04807692307692308
0 0.3076923076923077 0.5997596153846154 0.028846153846153848 0.040865384615384616
0 0.33413461538461536 0.5853365384615384 0.019230769230769232 0.03125
0 0.34375 0.5793269230769231 0.019230769230769232 0.038461538461538464
0 0.4675480769230769 0.5048076923076923 0.01201923076923077 0.019230769230769232
0 0.5 0.5 0.009615384615384616 0.019230769230769232
0 0.5060096153846154 0.49759615384615385 0.007211538461538462 0.014423076923076924
2 0.48677884615384615 0.5048076923076923 0.007211538461538462 0.014423076923076924