0 0.33653846153846156 0.6081730769230769 0.028846153846153848 0.057692307692307696
0 0.30408653846153844 0.6033653846153846 0.026442307692307692 0.04807692307692308
0 0.4014423076923077 0.671875 0.04326923076923077 0.07451923076923077
0 0.3161057692307692 0.7103365384615384 0.06490384615384616 0.12740384615384615
2 0.5456730769230769 0.6550480769230769 0.019230769230769232 0.05048076923076923
2 0.5264423076923077 0.5973557692307693 0.019230769230769232 0.04567307692307692
0 0.5552884615384616 0.5673076923076923 0.038461538461538464 0.04807692307692308
4 0.15985576923076922 0.671875 0.007211538461538462 0.05048076923076923
4 0.1658653846153846 0.6682692307692307 0.009615384615384616 0.057692307692307696
0 0.3425480769230769 0.578125 0.021634615384615384 0.036057692307692304
0 0.43028846153846156 0.5625 0.02403846153846154 0.03365384615384615
0 0.43990384615384615 0.5276442307692307 0.014423076923076924 0.026442307692307692
0 0.484375 0.5108173076923077 0.01201923076923077 0.016826923076923076
0 0.49759615384615385 0.5036057692307693 0.009615384615384616 0.016826923076923076
0 0.515625 0.49038461538461536 0.007211538461538462 0.014423076923076924
0 0.5180288461538461 0.4675480769230769 0.007211538461538462 0.016826923076923076
0 0.4675480769230769 0.5036057692307693 0.007211538461538462 0.016826923076923076
1 0.4782451923076923 0.7044471153846155 0.2489903846153846 0.035528846153846154
1 0.21627403846153845 0.7300961538461539 0.13524038461538462 0.04514423076923077