0 0.41947115384615385 0.5420673076923077 0.016826923076923076 0.03125
0 0.4074519230769231 0.5865384615384616 0.03125 0.04326923076923077
0 0.41346153846153844 0.6466346153846154 0.038461538461538464 0.0673076923076923
0 0.44350961538461536 0.6081730769230769 0.03125 0.04807692307692308
0 0.2536057692307692 0.6694711538461539 0.040865384615384616 0.07451923076923077
0 0.3076923076923077 0.6021634615384616 0.028846153846153848 0.040865384615384616
4 0.15985576923076922 0.6754807692307693 0.007211538461538462 0.052884615384615384
4 0.16706730769230768 0.6694711538461539 0.01201923076923077 0.06009615384615385
2 0.5096153846153846 0.5793269230769231 0.014423076923076924 0.038461538461538464
2 0.5372596153846154 0.6081730769230769 0.021634615384615384 0.04807692307692308
0 0.5528846153846154 0.5625 0.038461538461538464 0.057692307692307696
0 0.33413461538461536 0.5853365384615384 0.019230769230769232 0.03125
0 0.34375 0.578125 0.019230769230769232 0.036057692307692304
0 0.484375 0.5120192307692307 0.01201923076923077 0.019230769230769232
0 0.4951923076923077 0.5060096153846154 0.009615384615384616 0.016826923076923076
2 0.4651442307692308 0.5132211538461539 0.007211538461538462 0.021634615384615384
0 0.5168269230769231 0.49278846153846156 0.009615384615384616 0.019230769230769232
0 0.5084134615384616 0.47596153846153844 0.007211538461538462 0.014423076923076924
0 0.5204326923076923 0.46875 0.007211538461538462 0.014423076923076924