0 0.09975961538461539 0.5084134615384616 0.19951923076923078 0.25240384615384615
0 0.22115384615384615 0.41947115384615385 0.04326923076923077 0.040865384615384616
0 0.2512019230769231 0.4074519230769231 0.026442307692307692 0.026442307692307692
0 0.27403846153846156 0.4206730769230769 0.03365384615384615 0.03365384615384615
0 0.421875 0.6478365384615384 0.4639423076923077 0.49278846153846156
0 0.8509615384615384 0.546875 0.2980769230769231 0.24759615384615385
0 0.7151442307692307 0.49399038461538464 0.1658653846153846 0.18028846153846154
0 0.6790865384615384 0.421875 0.0985576923076923 0.06490384615384616
0 0.8401442307692307 0.4230769230769231 0.055288461538461536 0.028846153846153848
0 0.9254807692307693 0.42908653846153844 0.14903846153846154 0.19951923076923078
0 0.6033653846153846 0.4206730769230769 0.04326923076923077 0.028846153846153848