0 0.5120192307692307 0.5420673076923077 0.019230769230769232 0.036057692307692304
0 0.30528846153846156 0.6009615384615384 0.02403846153846154 0.04326923076923077
0 0.4831730769230769 0.546875 0.019230769230769232 0.036057692307692304
0 0.3245192307692308 0.6610576923076923 0.04326923076923077 0.07211538461538461
0 0.5540865384615384 0.5649038461538461 0.040865384615384616 0.052884615384615384
4 0.15985576923076922 0.6730769230769231 0.007211538461538462 0.04807692307692308
4 0.16706730769230768 0.6694711538461539 0.007211538461538462 0.055288461538461536
0 0.33052884615384615 0.5853365384615384 0.036057692307692304 0.036057692307692304
0 0.46634615384615385 0.5048076923076923 0.009615384615384616 0.019230769230769232
0 0.4855769230769231 0.5096153846153846 0.014423076923076924 0.019230769230769232
0 0.5144230769230769 0.49038461538461536 0.009615384615384616 0.014423076923076924
0 0.5060096153846154 0.47596153846153844 0.007211538461538462 0.019230769230769232
2 0.48677884615384615 0.49278846153846156 0.002403846153846154 0.014423076923076924