0 0.49399038461538464 0.5288461538461539 0.016826923076923076 0.028846153846153848
0 0.30528846153846156 0.6021634615384616 0.028846153846153848 0.04567307692307692
0 0.3004807692307692 0.6814903846153846 0.04807692307692308 0.08413461538461539
0 0.4182692307692308 0.640625 0.08653846153846154 0.11298076923076923
0 0.5552884615384616 0.5649038461538461 0.04326923076923077 0.057692307692307696
4 0.15985576923076922 0.6742788461538461 0.007211538461538462 0.06009615384615385
4 0.16947115384615385 0.6694711538461539 0.007211538461538462 0.055288461538461536
0 0.33413461538461536 0.5853365384615384 0.019230769230769232 0.03125
0 0.34375 0.578125 0.019230769230769232 0.036057692307692304
0 0.484375 0.5096153846153846 0.01201923076923077 0.019230769230769232
0 0.4675480769230769 0.5048076923076923 0.01201923076923077 0.019230769230769232
0 0.5072115384615384 0.4795673076923077 0.009615384615384616 0.016826923076923076