0 0.3016826923076923 0.6838942307692307 0.05048076923076923 0.07451923076923077
0 0.30649038461538464 0.6033653846153846 0.03125 0.04326923076923077
0 0.43990384615384615 0.5841346153846154 0.04326923076923077 0.08653846153846154
4 0.15985576923076922 0.671875 0.01201923076923077 0.06009615384615385
4 0.16947115384615385 0.6682692307692307 0.007211538461538462 0.057692307692307696
2 0.5396634615384616 0.7692307692307693 0.17548076923076922 0.46153846153846156
0 0.33653846153846156 0.5853365384615384 0.019230769230769232 0.03125
0 0.3449519230769231 0.5805288461538461 0.021634615384615384 0.036057692307692304
2 0.45072115384615385 0.5132211538461539 0.007211538461538462 0.021634615384615384
0 0.47115384615384615 0.5228365384615384 0.014423076923076924 0.021634615384615384
0 0.48197115384615385 0.5144230769230769 0.01201923076923077 0.019230769230769232
0 0.49759615384615385 0.4879807692307692 0.009615384615384616 0.019230769230769232
0 0.515625 0.5060096153846154 0.01201923076923077 0.021634615384615384
0 0.5528846153846154 0.5564903846153846 0.038461538461538464 0.06009615384615385
0 0.5180288461538461 0.4831730769230769 0.007211538461538462 0.009615384615384616
0 0.5180288461538461 0.47475961538461536 0.007211538461538462 0.01201923076923077