0 0.43509615384615385 0.5576923076923077 0.019230769230769232 0.028846153846153848
0 0.5024038461538461 0.5348557692307693 0.0625 0.07932692307692307
0 0.30528846153846156 0.6021634615384616 0.028846153846153848 0.04567307692307692
0 0.3016826923076923 0.6838942307692307 0.05048076923076923 0.08413461538461539
0 0.5576923076923077 0.5576923076923077 0.04326923076923077 0.0625
4 0.15985576923076922 0.6706730769230769 0.01201923076923077 0.057692307692307696
4 0.16706730769230768 0.6658653846153846 0.01201923076923077 0.0625
2 0.5817307692307693 0.71875 0.057692307692307696 0.22115384615384615
0 0.33413461538461536 0.5841346153846154 0.019230769230769232 0.028846153846153848
0 0.34375 0.578125 0.019230769230769232 0.036057692307692304
2 0.43149038461538464 0.5300480769230769 0.007211538461538462 0.026442307692307692
2 0.43990384615384615 0.5252403846153846 0.004807692307692308 0.016826923076923076
0 0.46875 0.5552884615384616 0.03365384615384615 0.07211538461538461
0 0.4651442307692308 0.5072115384615384 0.007211538461538462 0.014423076923076924
0 0.49158653846153844 0.4891826923076923 0.01201923076923077 0.016826923076923076