0 0.14903846153846154 0.49278846153846156 0.18269230769230768 0.16826923076923078
0 0.3713942307692308 0.45072115384615385 0.06490384615384616 0.06490384615384616
0 0.46033653846153844 0.44591346153846156 0.04567307692307692 0.055288461538461536
0 0.5396634615384616 0.4375 0.11298076923076923 0.13942307692307693
4 0.8221153846153846 0.4326923076923077 0.019230769230769232 0.0673076923076923
4 0.8401442307692307 0.43990384615384615 0.021634615384615384 0.0625
4 0.8545673076923077 0.43990384615384615 0.021634615384615384 0.057692307692307696
4 0.9086538461538461 0.4206730769230769 0.019230769230769232 0.03365384615384615
4 0.953125 0.42788461538461536 0.021634615384615384 0.03365384615384615
0 0.9242788461538461 0.4651442307692308 0.11778846153846154 0.05048076923076923
0 0.9002403846153846 0.5228365384615384 0.19951923076923078 0.15625
0 0.3918269230769231 0.43028846153846156 0.038461538461538464 0.04807692307692308
0 0.359375 0.40865384615384615 0.036057692307692304 0.04326923076923077