4 0.03365384615384615 0.4182692307692308 0.014423076923076924 0.02403846153846154
4 0.06370192307692307 0.4182692307692308 0.01201923076923077 0.03365384615384615
4 0.09495192307692307 0.4206730769230769 0.01201923076923077 0.03365384615384615
0 0.29086538461538464 0.4639423076923077 0.125 0.1201923076923077
0 0.4182692307692308 0.43990384615384615 0.057692307692307696 0.057692307692307696
0 0.4651442307692308 0.4338942307692308 0.040865384615384616 0.05048076923076923
0 0.5564903846153846 0.4266826923076923 0.09375 0.11778846153846154
0 0.6911057692307693 0.4495192307692308 0.07451923076923077 0.0673076923076923
4 0.6971153846153846 0.40625 0.009615384615384616 0.028846153846153848
4 0.6862980769230769 0.4074519230769231 0.01201923076923077 0.021634615384615384
4 0.7079326923076923 0.41225961538461536 0.01201923076923077 0.021634615384615384
0 0.7716346153846154 0.45552884615384615 0.17307692307692307 0.06971153846153846
0 0.4026442307692308 0.4230769230769231 0.040865384615384616 0.04807692307692308