4 0.025240384615384616 0.4266826923076923 0.016826923076923076 0.06009615384615385
4 0.008413461538461538 0.4362980769230769 0.01201923076923077 0.04567307692307692
0 0.23798076923076922 0.47716346153846156 0.14903846153846154 0.14182692307692307
0 0.39302884615384615 0.44471153846153844 0.06490384615384616 0.057692307692307696
0 0.46153846153846156 0.43990384615384615 0.04326923076923077 0.04807692307692308
0 0.5528846153846154 0.4326923076923077 0.10096153846153846 0.1346153846153846
4 0.7439903846153846 0.4170673076923077 0.016826923076923076 0.05048076923076923
4 0.7572115384615384 0.41466346153846156 0.019230769230769232 0.026442307692307692
4 0.7728365384615384 0.40865384615384615 0.01201923076923077 0.028846153846153848
4 0.8233173076923077 0.4230769230769231 0.016826923076923076 0.052884615384615384
0 0.7680288461538461 0.46634615384615385 0.09375 0.08173076923076923
0 0.8581730769230769 0.47836538461538464 0.25 0.09615384615384616
0 0.40024038461538464 0.4254807692307692 0.040865384615384616 0.04807692307692308
0 0.36658653846153844 0.4026442307692308 0.036057692307692304 0.03125