0 0.052884615384615384 0.46634615384615385 0.10576923076923077 0.10096153846153846
0 0.15865384615384615 0.45913461538461536 0.0673076923076923 0.0625
0 0.13221153846153846 0.45072115384615385 0.052884615384615384 0.055288461538461536
0 0.2704326923076923 0.45913461538461536 0.08413461538461539 0.08653846153846154
0 0.2512019230769231 0.40865384615384615 0.10817307692307693 0.12980769230769232
0 0.32211538461538464 0.41346153846153844 0.04807692307692308 0.11057692307692307
0 0.4723557692307692 0.46274038461538464 0.08413461538461539 0.07932692307692307
0 0.43509615384615385 0.4423076923076923 0.052884615384615384 0.0673076923076923
0 0.7223557692307693 0.45552884615384615 0.19471153846153846 0.24278846153846154
0 0.5949519230769231 0.47115384615384615 0.07932692307692307 0.08173076923076923
0 0.5384615384615384 0.45072115384615385 0.0625 0.06490384615384616
0 0.5985576923076923 0.4387019230769231 0.057692307692307696 0.05048076923076923
1 0.5022115384615384 0.8557692307692307 0.9956009615384616 0.28846153846153844