0 0.15264423076923078 0.43990384615384615 0.040865384615384616 0.04807692307692308
0 0.19110576923076922 0.44711538461538464 0.06971153846153846 0.057692307692307696
0 0.4807692307692308 0.4675480769230769 0.08653846153846154 0.08413461538461539
0 0.5480769230769231 0.43990384615384615 0.0625 0.057692307692307696
0 0.6165865384615384 0.47115384615384615 0.11298076923076923 0.10576923076923077
0 0.7199519230769231 0.4387019230769231 0.11298076923076923 0.13221153846153846
0 0.018028846153846152 0.453125 0.036057692307692304 0.06971153846153846
0 0.25721153846153844 0.4326923076923077 0.028846153846153848 0.03365384615384615
0 0.2920673076923077 0.43509615384615385 0.036057692307692304 0.038461538461538464
0 0.4495192307692308 0.4266826923076923 0.038461538461538464 0.055288461538461536
0 0.5180288461538461 0.4326923076923077 0.03125 0.038461538461538464