0 0.12860576923076922 0.45072115384615385 0.0889423076923077 0.07932692307692307
0 0.21634615384615385 0.42908653846153844 0.04326923076923077 0.040865384615384616
0 0.4963942307692308 0.48197115384615385 0.13701923076923078 0.12259615384615384
0 0.4579326923076923 0.41346153846153844 0.05048076923076923 0.057692307692307696
0 0.5901442307692307 0.44471153846153844 0.06971153846153846 0.07211538461538461
0 0.7283653846153846 0.49158653846153844 0.18269230769230768 0.17548076923076922
0 0.7800480769230769 0.4326923076923077 0.12259615384615384 0.16346153846153846
0 0.2692307692307692 0.43028846153846156 0.04326923076923077 0.03365384615384615
0 0.3425480769230769 0.4206730769230769 0.03125 0.028846153846153848
0 0.6370192307692307 0.4362980769230769 0.04807692307692308 0.055288461538461536
0 0.4567307692307692 0.43990384615384615 0.052884615384615384 0.0625
0 0.5841346153846154 0.40024038461538464 0.038461538461538464 0.04567307692307692