0 0.49158653846153844 0.6418269230769231 0.036057692307692304 0.0625
0 0.3161057692307692 0.6814903846153846 0.040865384615384616 0.06490384615384616
0 0.41466346153846156 0.6105769230769231 0.05048076923076923 0.13942307692307693
4 0.1622596153846154 0.6694711538461539 0.007211538461538462 0.06009615384615385
4 0.16706730769230768 0.6670673076923077 0.01201923076923077 0.06009615384615385
0 0.48197115384615385 0.5901442307692307 0.026442307692307692 0.05048076923076923
0 0.5528846153846154 0.5625 0.038461538461538464 0.052884615384615384
2 0.5805288461538461 0.6790865384615384 0.026442307692307692 0.0985576923076923
4 0.27524038461538464 0.5985576923076923 0.007211538461538462 0.038461538461538464
4 0.29447115384615385 0.609375 0.007211538461538462 0.026442307692307692
4 0.29927884615384615 0.6057692307692307 0.007211538461538462 0.038461538461538464
4 0.2644230769230769 0.6129807692307693 0.004807692307692308 0.028846153846153848
0 0.30649038461538464 0.6009615384615384 0.026442307692307692 0.038461538461538464
2 0.35096153846153844 0.5961538461538461 0.019230769230769232 0.038461538461538464
2 0.3786057692307692 0.5612980769230769 0.007211538461538462 0.026442307692307692
0 0.49278846153846156 0.5180288461538461 0.02403846153846154 0.04567307692307692
0 0.46634615384615385 0.5048076923076923 0.009615384615384616 0.019230769230769232
0 0.47836538461538464 0.515625 0.009615384615384616 0.021634615384615384
0 0.4807692307692308 0.49278846153846156 0.014423076923076924 0.019230769230769232
0 0.5144230769230769 0.49158653846153844 0.009615384615384616 0.021634615384615384