0 0.038461538461538464 0.4579326923076923 0.07692307692307693 0.06971153846153846
0 0.0733173076923077 0.44711538461538464 0.055288461538461536 0.0673076923076923
0 0.16346153846153846 0.4519230769230769 0.07692307692307693 0.057692307692307696
0 0.22716346153846154 0.44591346153846156 0.05048076923076923 0.04567307692307692
0 0.265625 0.4423076923076923 0.036057692307692304 0.038461538461538464
0 0.5709134615384616 0.6382211538461539 0.43028846153846156 0.4110576923076923
0 0.44591346153846156 0.4495192307692308 0.09375 0.11057692307692307
0 0.8449519230769231 0.47716346153846156 0.13221153846153846 0.12259615384615384
0 0.6850961538461539 0.4891826923076923 0.11538461538461539 0.13221153846153846
0 0.5985576923076923 0.4326923076923077 0.04326923076923077 0.057692307692307696
0 0.5865384615384616 0.4423076923076923 0.04807692307692308 0.038461538461538464