0 0.11057692307692307 0.4519230769230769 0.0673076923076923 0.052884615384615384
0 0.08413461538461539 0.45072115384615385 0.04326923076923077 0.04567307692307692
2 0.19110576923076922 0.43509615384615385 0.040865384615384616 0.04326923076923077
0 0.24158653846153846 0.4375 0.040865384615384616 0.038461538461538464
0 0.2776442307692308 0.43149038461538464 0.03125 0.03125
0 0.3076923076923077 0.44591346153846156 0.038461538461538464 0.05048076923076923
0 0.49759615384615385 0.4963942307692308 0.1201923076923077 0.12740384615384615
0 0.4483173076923077 0.4543269230769231 0.04567307692307692 0.057692307692307696
0 0.5564903846153846 0.4651442307692308 0.06490384615384616 0.07451923076923077
0 0.6454326923076923 0.4579326923076923 0.06971153846153846 0.055288461538461536
0 0.78125 0.4855769230769231 0.14423076923076922 0.10576923076923077
0 0.3317307692307692 0.4387019230769231 0.03365384615384615 0.04567307692307692
0 0.7367788461538461 0.41466346153846156 0.25721153846153844 0.10336538461538461