0 0.4411057692307692 0.515625 0.021634615384615384 0.040865384615384616
0 0.4735576923076923 0.5504807692307693 0.019230769230769232 0.03365384615384615
0 0.30649038461538464 0.6033653846153846 0.026442307692307692 0.04807692307692308
0 0.4543269230769231 0.5348557692307693 0.019230769230769232 0.03125
0 0.33774038461538464 0.5913461538461539 0.036057692307692304 0.08653846153846154
0 0.3269230769230769 0.7355769230769231 0.1201923076923077 0.19230769230769232
0 0.5540865384615384 0.5661057692307693 0.036057692307692304 0.05048076923076923
2 0.5673076923076923 0.6129807692307693 0.014423076923076924 0.052884615384615384
4 0.15625 0.671875 0.004807692307692308 0.05048076923076923
4 0.1622596153846154 0.6682692307692307 0.007211538461538462 0.057692307692307696
4 0.16947115384615385 0.6682692307692307 0.007211538461538462 0.052884615384615384
2 0.22716346153846154 0.6646634615384616 0.016826923076923076 0.04567307692307692
0 0.5048076923076923 0.49759615384615385 0.019230769230769232 0.057692307692307696
0 0.46875 0.5060096153846154 0.009615384615384616 0.016826923076923076
0 0.4891826923076923 0.5012019230769231 0.007211538461538462 0.016826923076923076