0 0.9639423076923077 0.6490384615384616 0.07211538461538461 0.28846153846153844
0 0.8377403846153846 0.49278846153846156 0.15625 0.1201923076923077
0 0.6838942307692307 0.49278846153846156 0.1466346153846154 0.12980769230769232
0 0.609375 0.4579326923076923 0.04567307692307692 0.06009615384615385
0 0.5432692307692307 0.46634615384615385 0.052884615384615384 0.08173076923076923
0 0.4723557692307692 0.48197115384615385 0.12740384615384615 0.13701923076923078
0 0.31009615384615385 0.4519230769230769 0.04326923076923077 0.038461538461538464
0 0.25721153846153844 0.44471153846153844 0.038461538461538464 0.04807692307692308
0 0.19951923076923078 0.5072115384615384 0.15865384615384615 0.15865384615384615
0 0.09495192307692307 0.4723557692307692 0.10336538461538461 0.07451923076923077
0 0.042067307692307696 0.47475961538461536 0.04567307692307692 0.06490384615384616