0 0.9326923076923077 0.5949519230769231 0.12980769230769232 0.33413461538461536
0 0.8605769230769231 0.49759615384615385 0.1778846153846154 0.12980769230769232
0 0.6814903846153846 0.4951923076923077 0.15625 0.14423076923076922
0 0.6117788461538461 0.4519230769230769 0.05048076923076923 0.052884615384615384
0 0.5516826923076923 0.46153846153846156 0.06971153846153846 0.08173076923076923
0 0.4699519230769231 0.48197115384615385 0.12259615384615384 0.13701923076923078
0 0.3137019230769231 0.46634615384615385 0.0889423076923077 0.08653846153846154
0 0.2439903846153846 0.45072115384615385 0.05048076923076923 0.05048076923076923
0 0.171875 0.4495192307692308 0.06490384615384616 0.04807692307692308
0 0.06971153846153846 0.4543269230769231 0.052884615384615384 0.057692307692307696
0 0.03125 0.46153846153846156 0.0625 0.0673076923076923