0 0.4362980769230769 0.5588942307692307 0.021634615384615384 0.036057692307692304
0 0.3004807692307692 0.6141826923076923 0.038461538461538464 0.0985576923076923
0 0.44350961538461536 0.6947115384615384 0.06009615384615385 0.10096153846153846
0 0.30408653846153844 0.6935096153846154 0.04567307692307692 0.06490384615384616
2 0.15625 0.703125 0.019230769230769232 0.05048076923076923
4 0.15625 0.6670673076923077 0.004807692307692308 0.040865384615384616
4 0.1622596153846154 0.6694711538461539 0.007211538461538462 0.04567307692307692
4 0.16826923076923078 0.6658653846153846 0.004807692307692308 0.052884615384615384
4 0.2776442307692308 0.6021634615384616 0.007211538461538462 0.04567307692307692
4 0.2644230769230769 0.6129807692307693 0.004807692307692308 0.03365384615384615
0 0.33653846153846156 0.5829326923076923 0.019230769230769232 0.03125
0 0.34375 0.578125 0.019230769230769232 0.036057692307692304
2 0.5649038461538461 0.5985576923076923 0.014423076923076924 0.04326923076923077
0 0.5528846153846154 0.5661057692307693 0.038461538461538464 0.05048076923076923
0 0.4254807692307692 0.5288461538461539 0.02403846153846154 0.04807692307692308
0 0.47596153846153844 0.5072115384615384 0.009615384615384616 0.014423076923076924
0 0.5012019230769231 0.5252403846153846 0.016826923076923076 0.026442307692307692
0 0.5120192307692307 0.49158653846153844 0.019230769230769232 0.04567307692307692
0 0.5 0.5024038461538461 0.009615384615384616 0.014423076923076924
2 0.44711538461538464 0.5120192307692307 0.004807692307692308 0.014423076923076924
0 0.484375 0.5048076923076923 0.007211538461538462 0.014423076923076924