4 0.1622596153846154 0.44711538461538464 0.01201923076923077 0.038461538461538464
0 0.46033653846153844 0.4675480769230769 0.09375 0.10817307692307693
0 0.5096153846153846 0.4362980769230769 0.02403846153846154 0.026442307692307692
0 0.5288461538461539 0.4423076923076923 0.02403846153846154 0.038461538461538464
0 0.5456730769230769 0.44471153846153844 0.04326923076923077 0.04326923076923077
0 0.5793269230769231 0.45552884615384615 0.0625 0.06490384615384616
0 0.6153846153846154 0.44471153846153844 0.028846153846153848 0.038461538461538464
0 0.6682692307692307 0.47716346153846156 0.125 0.12740384615384615
0 0.7247596153846154 0.43990384615384615 0.03125 0.028846153846153848
0 0.7644230769230769 0.47596153846153844 0.09615384615384616 0.09134615384615384
0 0.8509615384615384 0.44350961538461536 0.08173076923076923 0.040865384615384616