0 0.2247596153846154 0.4411057692307692 0.05048076923076923 0.036057692307692304
0 0.26802884615384615 0.43509615384615385 0.036057692307692304 0.03365384615384615
0 0.4387019230769231 0.46634615384615385 0.0985576923076923 0.10576923076923077
0 0.4891826923076923 0.4495192307692308 0.036057692307692304 0.057692307692307696
0 0.5024038461538461 0.4338942307692308 0.019230769230769232 0.026442307692307692
0 0.5288461538461539 0.44591346153846156 0.04807692307692308 0.05048076923076923
0 0.5540865384615384 0.4362980769230769 0.021634615384615384 0.026442307692307692
0 0.6213942307692307 0.46875 0.10336538461538461 0.10576923076923077
0 0.6766826923076923 0.4543269230769231 0.040865384615384616 0.057692307692307696
0 0.8954326923076923 0.5216346153846154 0.2091346153846154 0.17307692307692307
4 0.9903846153846154 0.44591346153846156 0.019230769230769232 0.07451923076923077