0 0.5012019230769231 0.5060096153846154 0.03125 0.03125
0 0.49278846153846156 0.5096153846153846 0.02403846153846154 0.028846153846153848
0 0.33413461538461536 0.5841346153846154 0.019230769230769232 0.03365384615384615
0 0.3942307692307692 0.5901442307692307 0.028846153846153848 0.040865384615384616
0 0.38822115384615385 0.671875 0.04567307692307692 0.11298076923076923
0 0.30528846153846156 0.6021634615384616 0.028846153846153848 0.04567307692307692
0 0.4579326923076923 0.5564903846153846 0.040865384615384616 0.0889423076923077
0 0.296875 0.7079326923076923 0.04567307692307692 0.06490384615384616
0 0.5036057692307693 0.5709134615384616 0.04567307692307692 0.11778846153846154
4 0.16105769230769232 0.6694711538461539 0.009615384615384616 0.055288461538461536
4 0.17427884615384615 0.6754807692307693 0.01201923076923077 0.052884615384615384
0 0.21995192307692307 0.6418269230769231 0.06490384615384616 0.10576923076923077
4 0.2644230769230769 0.6021634615384616 0.009615384615384616 0.04567307692307692
0 0.31009615384615385 0.6802884615384616 0.038461538461538464 0.0625
0 0.5552884615384616 0.5685096153846154 0.038461538461538464 0.04567307692307692
0 0.34375 0.5793269230769231 0.019230769230769232 0.03365384615384615
0 0.46033653846153844 0.5084134615384616 0.01201923076923077 0.01201923076923077
0 0.484375 0.5108173076923077 0.01201923076923077 0.016826923076923076
0 0.4963942307692308 0.5048076923076923 0.01201923076923077 0.014423076923076924
0 0.5108173076923077 0.4807692307692308 0.007211538461538462 0.009615384615384616