0 0.30649038461538464 0.6009615384615384 0.026442307692307692 0.04326923076923077
0 0.17427884615384615 0.7367788461538461 0.07451923076923077 0.10336538461538461
0 0.47475961538461536 0.6658653846153846 0.06971153846153846 0.13942307692307693
0 0.22355769230769232 0.6526442307692307 0.052884615384615384 0.10817307692307693
4 0.16466346153846154 0.6658653846153846 0.01201923076923077 0.04807692307692308
4 0.2620192307692308 0.6009615384615384 0.004807692307692308 0.04326923076923077
0 0.33653846153846156 0.5841346153846154 0.019230769230769232 0.028846153846153848
0 0.3449519230769231 0.5793269230769231 0.016826923076923076 0.03365384615384615
0 0.4483173076923077 0.5685096153846154 0.026442307692307692 0.05048076923076923
0 0.5120192307692307 0.546875 0.04807692307692308 0.0889423076923077
0 0.5552884615384616 0.5673076923076923 0.038461538461538464 0.04807692307692308
2 0.41466346153846156 0.5204326923076923 0.007211538461538462 0.021634615384615384
0 0.453125 0.5144230769230769 0.01201923076923077 0.014423076923076924
0 0.45913461538461536 0.5072115384615384 0.009615384615384616 0.014423076923076924
0 0.4879807692307692 0.5180288461538461 0.019230769230769232 0.06009615384615385
0 0.4699519230769231 0.5036057692307693 0.01201923076923077 0.016826923076923076