0 0.44471153846153844 0.5252403846153846 0.014423076923076924 0.021634615384615384
0 0.30528846153846156 0.6021634615384616 0.028846153846153848 0.04567307692307692
0 0.17307692307692307 0.6887019230769231 0.08173076923076923 0.12740384615384615
0 0.4951923076923077 0.6129807692307693 0.052884615384615384 0.11057692307692307
0 0.5540865384615384 0.5673076923076923 0.040865384615384616 0.052884615384615384
0 0.33533653846153844 0.5841346153846154 0.016826923076923076 0.028846153846153848
0 0.34375 0.5793269230769231 0.019230769230769232 0.03365384615384615
4 0.2620192307692308 0.5985576923076923 0.004807692307692308 0.038461538461538464
2 0.42788461538461536 0.5216346153846154 0.004807692307692308 0.02403846153846154
0 0.47115384615384615 0.5504807692307693 0.02403846153846154 0.052884615384615384
0 0.4987980769230769 0.5072115384615384 0.021634615384615384 0.052884615384615384
0 0.4543269230769231 0.5180288461538461 0.009615384615384616 0.021634615384615384
0 0.47716346153846156 0.5192307692307693 0.01201923076923077 0.019230769230769232
0 0.4699519230769231 0.5036057692307693 0.01201923076923077 0.016826923076923076