0 0.38341346153846156 0.5901442307692307 0.026442307692307692 0.04567307692307692
0 0.36778846153846156 0.6153846153846154 0.028846153846153848 0.052884615384615384
0 0.296875 0.6935096153846154 0.03125 0.07932692307692307
0 0.33052884615384615 0.6189903846153846 0.03125 0.05048076923076923
0 0.30408653846153844 0.6045673076923077 0.026442307692307692 0.05048076923076923
0 0.32572115384615385 0.7067307692307693 0.05048076923076923 0.10576923076923077
4 0.16466346153846154 0.6802884615384616 0.021634615384615384 0.028846153846153848
0 0.5576923076923077 0.5697115384615384 0.04326923076923077 0.052884615384615384
0 0.4891826923076923 0.5072115384615384 0.01201923076923077 0.019230769230769232
0 0.515625 0.5060096153846154 0.01201923076923077 0.021634615384615384
0 0.33653846153846156 0.5829326923076923 0.019230769230769232 0.026442307692307692
0 0.34375 0.5769230769230769 0.019230769230769232 0.03365384615384615
0 0.47115384615384615 0.5204326923076923 0.014423076923076924 0.021634615384615384
0 0.5288461538461539 0.5204326923076923 0.019230769230769232 0.04567307692307692
2 0.4519230769230769 0.5132211538461539 0.004807692307692308 0.016826923076923076
0 0.46634615384615385 0.5120192307692307 0.009615384615384616 0.019230769230769232
0 0.4987980769230769 0.4891826923076923 0.01201923076923077 0.021634615384615384
2 0.4014423076923077 0.5432692307692307 0.004807692307692308 0.02403846153846154
4 0.26322115384615385 0.6021634615384616 0.007211538461538462 0.040865384615384616