4 0.3485576923076923 0.5805288461538461 0.019230769230769232 0.040865384615384616
0 0.25 0.6814903846153846 0.0673076923076923 0.08413461538461539
4 0.3401442307692308 0.5817307692307693 0.021634615384615384 0.04326923076923077
0 0.33774038461538464 0.5841346153846154 0.021634615384615384 0.04326923076923077
0 0.42788461538461536 0.5492788461538461 0.02403846153846154 0.04567307692307692
0 0.30408653846153844 0.6045673076923077 0.03125 0.05048076923076923
0 0.30408653846153844 0.6838942307692307 0.05048076923076923 0.09375
0 0.3425480769230769 0.7067307692307693 0.05048076923076923 0.11057692307692307
0 0.2644230769230769 0.6670673076923077 0.04326923076923077 0.08413461538461539
0 0.22716346153846154 0.6911057692307693 0.04567307692307692 0.07451923076923077
4 0.4963942307692308 0.5637019230769231 0.016826923076923076 0.040865384615384616
0 0.5576923076923077 0.5588942307692307 0.04326923076923077 0.06971153846153846
4 0.16346153846153846 0.6742788461538461 0.014423076923076924 0.03125
4 0.390625 0.5480769230769231 0.01201923076923077 0.028846153846153848
0 0.48197115384615385 0.5096153846153846 0.016826923076923076 0.019230769230769232
0 0.5168269230769231 0.5 0.019230769230769232 0.02403846153846154