0 0.21995192307692307 0.4495192307692308 0.07932692307692307 0.09134615384615384
0 0.31971153846153844 0.4387019230769231 0.03365384615384615 0.036057692307692304
0 0.29086538461538464 0.43028846153846156 0.02403846153846154 0.028846153846153848
0 0.3629807692307692 0.43149038461538464 0.02403846153846154 0.026442307692307692
0 0.34134615384615385 0.4326923076923077 0.019230769230769232 0.02403846153846154
0 0.3942307692307692 0.4338942307692308 0.02403846153846154 0.026442307692307692
0 0.45072115384615385 0.4423076923076923 0.04567307692307692 0.052884615384615384
0 0.4254807692307692 0.4423076923076923 0.014423076923076924 0.038461538461538464
0 0.4879807692307692 0.4362980769230769 0.028846153846153848 0.040865384615384616
0 0.5228365384615384 0.43990384615384615 0.04567307692307692 0.057692307692307696
0 0.7572115384615384 0.5180288461538461 0.22596153846153846 0.21875