0 0.7379807692307693 0.5120192307692307 0.21153846153846154 0.20673076923076922
0 0.5084134615384616 0.4411057692307692 0.04567307692307692 0.055288461538461536
0 0.4735576923076923 0.4387019230769231 0.028846153846153848 0.036057692307692304
0 0.44471153846153844 0.4483173076923077 0.04807692307692308 0.05048076923076923
0 0.4182692307692308 0.44591346153846156 0.02403846153846154 0.040865384615384616
0 0.39663461538461536 0.4326923076923077 0.02403846153846154 0.038461538461538464
0 0.28846153846153844 0.44711538461538464 0.04807692307692308 0.04326923076923077
0 0.3112980769230769 0.4423076923076923 0.01201923076923077 0.03365384615384615
0 0.35096153846153844 0.43509615384615385 0.028846153846153848 0.028846153846153848
0 0.3701923076923077 0.43509615384615385 0.019230769230769232 0.028846153846153848
0 0.025240384615384616 0.47475961538461536 0.05048076923076923 0.17548076923076922