0 0.2620192307692308 0.7307692307692307 0.052884615384615384 0.0673076923076923
0 0.4639423076923077 0.5288461538461539 0.019230769230769232 0.038461538461538464
0 0.33774038461538464 0.5841346153846154 0.026442307692307692 0.04807692307692308
0 0.31009615384615385 0.6754807692307693 0.04807692307692308 0.10096153846153846
0 0.30408653846153844 0.6033653846153846 0.03125 0.057692307692307696
0 0.14423076923076922 0.7475961538461539 0.03365384615384615 0.08653846153846154
0 0.39663461538461536 0.6526442307692307 0.04326923076923077 0.0889423076923077
0 0.2091346153846154 0.6959134615384616 0.04807692307692308 0.0889423076923077
4 0.37259615384615385 0.5637019230769231 0.014423076923076924 0.036057692307692304
4 0.421875 0.53125 0.01201923076923077 0.03365384615384615
0 0.5564903846153846 0.5540865384615384 0.055288461538461536 0.0889423076923077
0 0.28125 0.7115384615384616 0.038461538461538464 0.0625