0 0.7295673076923077 0.5108173076923077 0.20432692307692307 0.19951923076923078
0 0.4411057692307692 0.44350961538461536 0.04567307692307692 0.05048076923076923
0 0.41947115384615385 0.4375 0.036057692307692304 0.04807692307692308
0 0.35697115384615385 0.4423076923076923 0.040865384615384616 0.04326923076923077
0 0.35096153846153844 0.4266826923076923 0.04326923076923077 0.03125
0 0.3088942307692308 0.44471153846153844 0.05048076923076923 0.04807692307692308
0 0.28846153846153844 0.4230769230769231 0.02403846153846154 0.02403846153846154
0 0.2620192307692308 0.4338942307692308 0.03365384615384615 0.040865384615384616
0 0.2403846153846154 0.4483173076923077 0.04807692307692308 0.04567307692307692
0 0.20192307692307693 0.4423076923076923 0.03365384615384615 0.04326923076923077
0 0.171875 0.42788461538461536 0.021634615384615384 0.028846153846153848
0 0.02403846153846154 0.4807692307692308 0.04807692307692308 0.15865384615384615