0 0.30528846153846156 0.6045673076923077 0.028846153846153848 0.04567307692307692
0 0.49399038461538464 0.6826923076923077 0.10817307692307693 0.07211538461538461
4 0.1622596153846154 0.6826923076923077 0.01201923076923077 0.028846153846153848
0 0.32091346153846156 0.5853365384615384 0.021634615384615384 0.040865384615384616
2 0.33774038461538464 0.5901442307692307 0.007211538461538462 0.036057692307692304
2 0.3737980769230769 0.5733173076923077 0.007211538461538462 0.040865384615384616
0 0.34375 0.578125 0.019230769230769232 0.036057692307692304
4 0.28966346153846156 0.5985576923076923 0.007211538461538462 0.04807692307692308
0 0.5528846153846154 0.5673076923076923 0.038461538461538464 0.04807692307692308
4 0.4987980769230769 0.5637019230769231 0.007211538461538462 0.040865384615384616
0 0.4795673076923077 0.5084134615384616 0.01201923076923077 0.021634615384615384
0 0.4735576923076923 0.5012019230769231 0.014423076923076924 0.03125
0 0.5 0.49038461538461536 0.009615384615384616 0.014423076923076924
0 0.5024038461538461 0.4735576923076923 0.009615384615384616 0.014423076923076924
0 0.515625 0.4795673076923077 0.007211538461538462 0.01201923076923077