0 0.47596153846153844 0.5072115384615384 0.014423076923076924 0.02403846153846154
0 0.4098557692307692 0.6466346153846154 0.036057692307692304 0.0673076923076923
0 0.4543269230769231 0.5060096153846154 0.019230769230769232 0.040865384615384616
0 0.3425480769230769 0.71875 0.055288461538461536 0.07692307692307693
0 0.15865384615384615 0.7331730769230769 0.0673076923076923 0.1778846153846154
2 0.20192307692307693 0.671875 0.009615384615384616 0.055288461538461536
0 0.5540865384615384 0.5685096153846154 0.040865384615384616 0.04567307692307692
2 0.2620192307692308 0.6358173076923077 0.009615384615384616 0.04567307692307692
4 0.265625 0.5997596153846154 0.007211538461538462 0.04567307692307692
4 0.2764423076923077 0.6009615384615384 0.004807692307692308 0.038461538461538464
0 0.30528846153846156 0.6033653846153846 0.028846153846153848 0.038461538461538464
0 0.32211538461538464 0.5877403846153846 0.019230769230769232 0.040865384615384616
0 0.33653846153846156 0.5841346153846154 0.014423076923076924 0.028846153846153848
0 0.34615384615384615 0.5793269230769231 0.019230769230769232 0.03365384615384615
0 0.3798076923076923 0.5576923076923077 0.028846153846153848 0.02403846153846154
2 0.4230769230769231 0.5144230769230769 0.004807692307692308 0.019230769230769232
0 0.4963942307692308 0.4963942307692308 0.007211538461538462 0.016826923076923076
0 0.5120192307692307 0.49278846153846156 0.009615384615384616 0.014423076923076924