0 0.051682692307692304 0.46153846153846156 0.09375 0.09615384615384616
0 0.140625 0.4675480769230769 0.10817307692307693 0.09375
0 0.21514423076923078 0.44471153846153844 0.08413461538461539 0.09615384615384616
0 0.29447115384615385 0.44591346153846156 0.06009615384615385 0.055288461538461536
0 0.33533653846153844 0.4423076923076923 0.040865384615384616 0.04326923076923077
0 0.3762019230769231 0.43509615384615385 0.036057692307692304 0.03365384615384615
0 0.42427884615384615 0.43509615384615385 0.03125 0.028846153846153848
0 0.4699519230769231 0.46033653846153844 0.06490384615384616 0.07451923076923077
0 0.59375 0.4362980769230769 0.0625 0.03125
0 0.6995192307692307 0.42908653846153844 0.14903846153846154 0.04567307692307692
0 0.7379807692307693 0.4495192307692308 0.17307692307692307 0.0673076923076923