0 0.5024038461538461 0.5180288461538461 0.014423076923076924 0.021634615384615384
0 0.4567307692307692 0.5120192307692307 0.014423076923076924 0.02403846153846154
0 0.32091346153846156 0.5865384615384616 0.021634615384615384 0.04326923076923077
0 0.4807692307692308 0.5420673076923077 0.014423076923076924 0.040865384615384616
0 0.30528846153846156 0.6021634615384616 0.028846153846153848 0.040865384615384616
0 0.21875 0.6442307692307693 0.057692307692307696 0.11057692307692307
0 0.42908653846153844 0.5709134615384616 0.05048076923076923 0.036057692307692304
0 0.5576923076923077 0.5649038461538461 0.04807692307692308 0.057692307692307696
0 0.484375 0.5060096153846154 0.01201923076923077 0.021634615384615384
4 0.18389423076923078 0.6706730769230769 0.007211538461538462 0.057692307692307696
0 0.3425480769230769 0.5805288461538461 0.021634615384615384 0.036057692307692304
4 0.41586538461538464 0.515625 0.004807692307692308 0.021634615384615384