0 0.30528846153846156 0.5985576923076923 0.02403846153846154 0.03365384615384615
0 0.3762019230769231 0.6117788461538461 0.03125 0.04567307692307692
0 0.49278846153846156 0.5300480769230769 0.019230769230769232 0.03125
0 0.3004807692307692 0.6382211538461539 0.03365384615384615 0.055288461538461536
0 0.37259615384615385 0.6947115384615384 0.052884615384615384 0.1201923076923077
0 0.3425480769230769 0.7091346153846154 0.055288461538461536 0.11057692307692307
0 0.3942307692307692 0.5588942307692307 0.04326923076923077 0.09375
2 0.5817307692307693 0.6850961538461539 0.028846153846153848 0.08653846153846154
0 0.5576923076923077 0.5685096153846154 0.04326923076923077 0.06490384615384616
0 0.2091346153846154 0.6694711538461539 0.07211538461538461 0.13221153846153846
0 0.32211538461538464 0.5865384615384616 0.02403846153846154 0.04326923076923077
0 0.33653846153846156 0.5841346153846154 0.014423076923076924 0.028846153846153848
0 0.34375 0.5793269230769231 0.019230769230769232 0.03365384615384615
2 0.44471153846153844 0.5204326923076923 0.004807692307692308 0.026442307692307692
4 0.41586538461538464 0.515625 0.004807692307692308 0.016826923076923076
0 0.515625 0.49038461538461536 0.007211538461538462 0.014423076923076924
0 0.5180288461538461 0.47716346153846156 0.007211538461538462 0.01201923076923077
0 0.4879807692307692 0.5036057692307693 0.009615384615384616 0.021634615384615384
0 0.46875 0.5048076923076923 0.009615384615384616 0.019230769230769232
4 0.27524038461538464 0.6009615384615384 0.007211538461538462 0.038461538461538464
2 0.28966346153846156 0.5901442307692307 0.007211538461538462 0.03125