0 0.46274038461538464 0.5697115384615384 0.03125 0.0625
0 0.32211538461538464 0.5865384615384616 0.019230769230769232 0.04326923076923077
0 0.43990384615384615 0.5120192307692307 0.02403846153846154 0.052884615384615384
0 0.4338942307692308 0.6129807692307693 0.03125 0.052884615384615384
0 0.30649038461538464 0.6021634615384616 0.026442307692307692 0.040865384615384616
0 0.234375 0.6814903846153846 0.09375 0.19951923076923078
2 0.5552884615384616 0.6141826923076923 0.019230769230769232 0.055288461538461536
2 0.4182692307692308 0.8100961538461539 0.16346153846153846 0.3798076923076923
0 0.5072115384615384 0.5096153846153846 0.014423076923076924 0.019230769230769232
0 0.484375 0.5084134615384616 0.01201923076923077 0.021634615384615384
0 0.5552884615384616 0.5697115384615384 0.038461538461538464 0.04326923076923077
2 0.3918269230769231 0.5661057692307693 0.009615384615384616 0.036057692307692304
0 0.33653846153846156 0.5829326923076923 0.014423076923076924 0.026442307692307692
0 0.34375 0.5805288461538461 0.019230769230769232 0.036057692307692304
0 0.515625 0.47115384615384615 0.007211538461538462 0.009615384615384616
0 0.5132211538461539 0.49278846153846156 0.007211538461538462 0.014423076923076924