0 0.24759615384615385 0.5228365384615384 0.057692307692307696 0.055288461538461536
0 0.2980769230769231 0.5132211538461539 0.04326923076923077 0.04567307692307692
0 0.35216346153846156 0.49759615384615385 0.036057692307692304 0.04807692307692308
0 0.4807692307692308 0.49278846153846156 0.02403846153846154 0.028846153846153848
0 0.5504807692307693 0.515625 0.0673076923076923 0.07451923076923077
0 0.4098557692307692 0.49038461538461536 0.016826923076923076 0.02403846153846154
0 0.39663461538461536 0.49278846153846156 0.014423076923076924 0.02403846153846154
0 0.4206730769230769 0.4855769230769231 0.009615384615384616 0.019230769230769232
0 0.4266826923076923 0.4879807692307692 0.007211538461538462 0.009615384615384616
0 0.4326923076923077 0.484375 0.009615384615384616 0.01201923076923077
0 0.5 0.4855769230769231 0.014423076923076924 0.019230769230769232