0 0.06610576923076923 0.5576923076923077 0.13221153846153846 0.09615384615384616
0 0.3245192307692308 0.5084134615384616 0.028846153846153848 0.03125
0 0.5372596153846154 0.515625 0.06490384615384616 0.06971153846153846
0 0.4831730769230769 0.4951923076923077 0.02403846153846154 0.02403846153846154
0 0.3473557692307692 0.5024038461538461 0.026442307692307692 0.028846153846153848
0 0.3786057692307692 0.4963942307692308 0.021634615384615384 0.026442307692307692
0 0.028846153846153848 0.5348557692307693 0.052884615384615384 0.06490384615384616
0 0.40865384615384615 0.49278846153846156 0.014423076923076924 0.019230769230769232
0 0.421875 0.49278846153846156 0.01201923076923077 0.014423076923076924
0 0.4266826923076923 0.48677884615384615 0.007211538461538462 0.01201923076923077
0 0.4362980769230769 0.48677884615384615 0.01201923076923077 0.01201923076923077