0 0.4963942307692308 0.5264423076923077 0.016826923076923076 0.03365384615384615
0 0.42788461538461536 0.5528846153846154 0.019230769230769232 0.038461538461538464
0 0.4639423076923077 0.5697115384615384 0.02403846153846154 0.04807692307692308
0 0.2764423076923077 0.6177884615384616 0.057692307692307696 0.14423076923076922
2 0.5372596153846154 0.6105769230769231 0.016826923076923076 0.04807692307692308
2 0.3918269230769231 0.5480769230769231 0.004807692307692308 0.028846153846153848
4 0.16346153846153846 0.671875 0.014423076923076924 0.055288461538461536
0 0.5576923076923077 0.5564903846153846 0.04326923076923077 0.06009615384615385
0 0.31009615384615385 0.5997596153846154 0.019230769230769232 0.040865384615384616
0 0.32211538461538464 0.5853365384615384 0.019230769230769232 0.040865384615384616
0 0.33653846153846156 0.5829326923076923 0.014423076923076924 0.03125
0 0.3449519230769231 0.578125 0.016826923076923076 0.036057692307692304
0 0.4579326923076923 0.5120192307692307 0.01201923076923077 0.019230769230769232
0 0.484375 0.5096153846153846 0.01201923076923077 0.019230769230769232
0 0.5096153846153846 0.4723557692307692 0.009615384615384616 0.016826923076923076
0 0.5132211538461539 0.46875 0.007211538461538462 0.019230769230769232