0 0.1814903846153846 0.5384615384615384 0.1658653846153846 0.11057692307692307
0 0.4879807692307692 0.5877403846153846 0.2932692307692308 0.33413461538461536
0 0.6033653846153846 0.49399038461538464 0.04807692307692308 0.06971153846153846
0 0.6730769230769231 0.45552884615384615 0.12980769230769232 0.11778846153846154
0 0.7512019230769231 0.4699519230769231 0.03125 0.04567307692307692
0 0.7800480769230769 0.46033653846153844 0.036057692307692304 0.036057692307692304
0 0.8185096153846154 0.4639423076923077 0.036057692307692304 0.038461538461538464
0 0.8461538461538461 0.4543269230769231 0.028846153846153848 0.03365384615384615
0 0.8737980769230769 0.453125 0.021634615384615384 0.021634615384615384
0 0.8882211538461539 0.44591346153846156 0.016826923076923076 0.021634615384615384
0 0.8858173076923077 0.49399038461538464 0.055288461538461536 0.05048076923076923