0 0.765625 0.5516826923076923 0.20432692307692307 0.18509615384615385
0 0.1971153846153846 0.5504807692307693 0.12980769230769232 0.10096153846153846
0 0.15144230769230768 0.5120192307692307 0.1346153846153846 0.13942307692307693
0 0.5733173076923077 0.5024038461538461 0.07451923076923077 0.08653846153846154
0 0.4543269230769231 0.5048076923076923 0.052884615384615384 0.0625
0 0.4951923076923077 0.49759615384615385 0.038461538461538464 0.052884615384615384
4 0.3137019230769231 0.5012019230769231 0.01201923076923077 0.03125
4 0.37740384615384615 0.4951923076923077 0.009615384615384616 0.03365384615384615
4 0.3245192307692308 0.4987980769230769 0.009615384615384616 0.026442307692307692
4 0.39302884615384615 0.4891826923076923 0.007211538461538462 0.016826923076923076
0 0.5204326923076923 0.48197115384615385 0.026442307692307692 0.05048076923076923