0 0.7956730769230769 0.5673076923076923 0.28846153846153844 0.2692307692307692
0 0.5949519230769231 0.5228365384615384 0.09375 0.0985576923076923
0 0.515625 0.5036057692307693 0.05048076923076923 0.06490384615384616
0 0.4699519230769231 0.4951923076923077 0.021634615384615384 0.028846153846153848
0 0.42908653846153844 0.5192307692307693 0.06971153846153846 0.08653846153846154
0 0.07692307692307693 0.5817307692307693 0.15384615384615385 0.1346153846153846
0 0.19591346153846154 0.5420673076923077 0.09375 0.09375
0 0.25721153846153844 0.5240384615384616 0.04326923076923077 0.057692307692307696
0 0.30528846153846156 0.5132211538461539 0.04807692307692308 0.036057692307692304
0 0.35216346153846156 0.5072115384615384 0.03125 0.028846153846153848
0 0.3641826923076923 0.49278846153846156 0.03125 0.028846153846153848