0 0.02403846153846154 0.5252403846153846 0.04807692307692308 0.19471153846153846
0 0.8257211538461539 0.5757211538461539 0.25721153846153844 0.21875
0 0.5745192307692307 0.5060096153846154 0.08173076923076923 0.0985576923076923
4 0.2932692307692308 0.5048076923076923 0.009615384615384616 0.028846153846153848
4 0.3762019230769231 0.49278846153846156 0.007211538461538462 0.02403846153846154
0 0.44350961538461536 0.5072115384615384 0.055288461538461536 0.0625
0 0.47716346153846156 0.5 0.03125 0.04807692307692308
0 0.5108173076923077 0.48677884615384615 0.026442307692307692 0.055288461538461536
4 0.3088942307692308 0.5072115384615384 0.01201923076923077 0.028846153846153848
4 0.39302884615384615 0.49278846153846156 0.007211538461538462 0.019230769230769232
0 0.3545673076923077 0.4987980769230769 0.016826923076923076 0.021634615384615384