0 0.8076923076923077 0.5576923076923077 0.2980769230769231 0.27403846153846156
0 0.5997596153846154 0.5132211538461539 0.10336538461538461 0.0985576923076923
0 0.5144230769230769 0.4879807692307692 0.057692307692307696 0.0673076923076923
0 0.49038461538461536 0.4855769230769231 0.014423076923076924 0.038461538461538464
0 0.4699519230769231 0.48197115384615385 0.021634615384615384 0.036057692307692304
0 0.4254807692307692 0.5012019230769231 0.0673076923076923 0.07451923076923077
0 0.056490384615384616 0.5769230769230769 0.11298076923076923 0.17307692307692307
0 0.1466346153846154 0.5348557692307693 0.08173076923076923 0.06971153846153846
0 0.2608173076923077 0.5024038461538461 0.05048076923076923 0.04326923076923077
0 0.3088942307692308 0.5012019230769231 0.040865384615384616 0.040865384615384616
0 0.34615384615384615 0.48197115384615385 0.03365384615384615 0.04567307692307692