0 0.7944711538461539 0.5300480769230769 0.23317307692307693 0.23798076923076922
0 0.42908653846153844 0.5024038461538461 0.06009615384615385 0.07692307692307693
0 0.49399038461538464 0.47716346153846156 0.036057692307692304 0.06490384615384616
0 0.4699519230769231 0.48677884615384615 0.01201923076923077 0.03125
4 0.3125 0.5108173076923077 0.014423076923076924 0.07451923076923077
4 0.33052884615384615 0.5024038461538461 0.016826923076923076 0.07211538461538461
4 0.06850961538461539 0.5216346153846154 0.016826923076923076 0.057692307692307696
4 0.1141826923076923 0.5168269230769231 0.007211538461538462 0.052884615384615384
4 0.12259615384615384 0.515625 0.009615384615384616 0.04567307692307692
0 0.24158653846153846 0.5036057692307693 0.03125 0.036057692307692304
0 0.35096153846153844 0.4855769230769231 0.019230769230769232 0.02403846153846154
4 0.09375 0.5252403846153846 0.014423076923076924 0.05048076923076923