4 0.9050480769230769 0.49158653846153844 0.026442307692307692 0.10336538461538461
4 0.9338942307692307 0.4879807692307692 0.016826923076923076 0.11057692307692307
4 0.9603365384615384 0.4891826923076923 0.021634615384615384 0.11298076923076923
4 0.17067307692307693 0.515625 0.014423076923076924 0.04567307692307692
4 0.19110576923076922 0.515625 0.01201923076923077 0.040865384615384616
4 0.328125 0.49759615384615385 0.01201923076923077 0.03365384615384615
0 0.2848557692307692 0.5036057692307693 0.026442307692307692 0.03125
0 0.7271634615384616 0.5252403846153846 0.17067307692307693 0.18028846153846154
4 0.375 0.5048076923076923 0.014423076923076924 0.04326923076923077
4 0.36177884615384615 0.4963942307692308 0.01201923076923077 0.040865384615384616
0 0.4387019230769231 0.5084134615384616 0.06009615384615385 0.06971153846153846
0 0.5048076923076923 0.4879807692307692 0.03365384615384615 0.0625
0 0.48197115384615385 0.49399038461538464 0.016826923076923076 0.03125