0 0.18629807692307693 0.5348557692307693 0.06490384615384616 0.07451923076923077
0 0.0889423076923077 0.5901442307692307 0.1778846153846154 0.1466346153846154
0 0.45913461538461536 0.5036057692307693 0.19230769230769232 0.3485576923076923
0 0.5745192307692307 0.5108173076923077 0.057692307692307696 0.07932692307692307
0 0.6538461538461539 0.5060096153846154 0.09615384615384616 0.12259615384615384
0 0.8725961538461539 0.5612980769230769 0.25 0.2668269230769231
0 0.3449519230769231 0.5132211538461539 0.036057692307692304 0.055288461538461536
3 0.5219230769230769 0.2438701923076923 0.0334375 0.07826923076923077
5 0.5527884615384615 0.23963942307692307 0.039038461538461536 0.05783653846153846
5 0.5904326923076924 0.2374519230769231 0.03423076923076923 0.049399038461538466
5 0.6347115384615385 0.23723557692307692 0.03862980769230769 0.05300480769230769
1 0.3030048076923077 0.64375 0.14444711538461538 0.07677884615384616
1 0.6597355769230769 0.6235096153846154 0.19687500000000002 0.07235576923076924