0 0.6153846153846154 0.5649038461538461 0.25961538461538464 0.2692307692307692
0 0.6069711538461539 0.42908653846153844 0.11778846153846154 0.07451923076923077
4 0.7067307692307693 0.46634615384615385 0.02403846153846154 0.057692307692307696
0 0.44350961538461536 0.4807692307692308 0.07451923076923077 0.125
0 0.38221153846153844 0.5336538461538461 0.1201923076923077 0.1201923076923077
0 0.19951923076923078 0.5168269230769231 0.08173076923076923 0.07692307692307693
0 0.1466346153846154 0.5024038461538461 0.07211538461538461 0.038461538461538464
0 0.2692307692307692 0.49759615384615385 0.038461538461538464 0.03365384615384615
0 0.3125 0.4723557692307692 0.02403846153846154 0.03125
0 0.390625 0.4519230769230769 0.026442307692307692 0.038461538461538464
0 0.26322115384615385 0.47596153846153844 0.03125 0.03365384615384615