0 0.07572115384615384 0.5625 0.10817307692307693 0.09615384615384616
0 0.15504807692307693 0.5384615384615384 0.06490384615384616 0.057692307692307696
0 0.16105769230769232 0.5120192307692307 0.07211538461538461 0.03365384615384615
0 0.2548076923076923 0.5048076923076923 0.04326923076923077 0.03365384615384615
0 0.2932692307692308 0.5024038461538461 0.03365384615384615 0.028846153846153848
0 0.41586538461538464 0.546875 0.1201923076923077 0.11778846153846154
0 0.6262019230769231 0.5841346153846154 0.2764423076923077 0.28365384615384615
0 0.5793269230769231 0.46033653846153844 0.10576923076923077 0.0889423076923077
0 0.4495192307692308 0.49158653846153844 0.07211538461538461 0.13221153846153846
0 0.38822115384615385 0.46153846153846156 0.026442307692307692 0.038461538461538464
0 0.37259615384615385 0.4963942307692308 0.052884615384615384 0.04567307692307692
0 0.3389423076923077 0.484375 0.02403846153846154 0.026442307692307692
0 0.32091346153846156 0.47716346153846156 0.021634615384615384 0.026442307692307692
4 0.3545673076923077 0.5048076923076923 0.01201923076923077 0.04326923076923077