2 0.765625 0.5661057692307693 0.07932692307692307 0.17548076923076922
0 0.8413461538461539 0.47596153846153844 0.16346153846153846 0.10096153846153846
0 0.5324519230769231 0.5288461538461539 0.0889423076923077 0.09615384615384616
0 0.4675480769230769 0.5072115384615384 0.026442307692307692 0.03365384615384615
0 0.42427884615384615 0.5096153846153846 0.07932692307692307 0.1346153846153846
0 0.37259615384615385 0.5012019230769231 0.038461538461538464 0.06490384615384616
0 0.36899038461538464 0.5228365384615384 0.03125 0.040865384615384616
0 0.33774038461538464 0.5180288461538461 0.04567307692307692 0.06490384615384616
0 0.31971153846153844 0.5324519230769231 0.0625 0.07451923076923077
0 0.27283653846153844 0.5516826923076923 0.07451923076923077 0.09375
0 0.1814903846153846 0.5564903846153846 0.1466346153846154 0.15144230769230768
4 0.12620192307692307 0.5336538461538461 0.016826923076923076 0.038461538461538464
0 0.10576923076923077 0.5456730769230769 0.04807692307692308 0.04326923076923077
4 0.5865384615384616 0.5048076923076923 0.014423076923076924 0.038461538461538464
4 0.578125 0.5060096153846154 0.016826923076923076 0.036057692307692304