0 0.04807692307692308 0.4951923076923077 0.052884615384615384 0.057692307692307696
0 0.12980769230769232 0.5060096153846154 0.09134615384615384 0.06971153846153846
0 0.30528846153846156 0.4483173076923077 0.019230769230769232 0.01201923076923077
0 0.5805288461538461 0.4807692307692308 0.06971153846153846 0.04807692307692308
0 0.6814903846153846 0.48197115384615385 0.0985576923076923 0.036057692307692304
0 0.8810096153846154 0.47716346153846156 0.14182692307692307 0.06971153846153846
0 0.5324519230769231 0.4639423076923077 0.03125 0.02403846153846154
2 0.2512019230769231 0.4987980769230769 0.04567307692307692 0.06490384615384616
2 0.042067307692307696 0.5360576923076923 0.08413461538461539 0.10096153846153846
2 0.7680288461538461 0.5168269230769231 0.0889423076923077 0.125
0 0.4495192307692308 0.46875 0.028846153846153848 0.03365384615384615
4 0.40625 0.453125 0.009615384615384616 0.026442307692307692