0 0.06610576923076923 0.5072115384615384 0.0985576923076923 0.10576923076923077
0 0.05048076923076923 0.6274038461538461 0.10096153846153846 0.3269230769230769
0 0.1622596153846154 0.515625 0.04567307692307692 0.040865384615384616
0 0.2283653846153846 0.5540865384615384 0.11057692307692307 0.13221153846153846
0 0.29086538461538464 0.48677884615384615 0.02403846153846154 0.03125
0 0.30408653846153844 0.5084134615384616 0.05048076923076923 0.05048076923076923
0 0.37259615384615385 0.5060096153846154 0.04807692307692308 0.05048076923076923
0 0.3161057692307692 0.48197115384615385 0.021634615384615384 0.021634615384615384
2 0.41586538461538464 0.4951923076923077 0.014423076923076924 0.038461538461538464
2 0.5661057692307693 0.5336538461538461 0.036057692307692304 0.10096153846153846
0 0.40384615384615385 0.4651442307692308 0.009615384615384616 0.016826923076923076
2 0.33533653846153844 0.4831730769230769 0.007211538461538462 0.019230769230769232
0 0.36778846153846156 0.4699519230769231 0.009615384615384616 0.01201923076923077
0 0.3798076923076923 0.4675480769230769 0.009615384615384616 0.01201923076923077
0 0.359375 0.47115384615384615 0.01201923076923077 0.014423076923076924
0 0.35216346153846156 0.47475961538461536 0.01201923076923077 0.016826923076923076