2 0.6670673076923077 0.53125 0.036057692307692304 0.10096153846153846
2 0.5132211538461539 0.5012019230769231 0.016826923076923076 0.040865384615384616
2 0.42788461538461536 0.4795673076923077 0.009615384615384616 0.016826923076923076
0 0.4074519230769231 0.47836538461538464 0.021634615384615384 0.02403846153846154
0 0.45552884615384615 0.4951923076923077 0.03125 0.038461538461538464
0 0.4831730769230769 0.515625 0.057692307692307696 0.06490384615384616
0 0.33052884615384615 0.4963942307692308 0.036057692307692304 0.03125
4 0.12860576923076922 0.4891826923076923 0.021634615384615384 0.04567307692307692
0 0.03365384615384615 0.5516826923076923 0.0673076923076923 0.09375
0 0.25240384615384615 0.5649038461538461 0.16826923076923078 0.17307692307692307
0 0.265625 0.47596153846153844 0.06009615384615385 0.038461538461538464
0 0.4963942307692308 0.46634615384615385 0.01201923076923077 0.014423076923076924