0 0.5805288461538461 0.5 0.040865384615384616 0.057692307692307696
4 0.5997596153846154 0.5132211538461539 0.026442307692307692 0.06490384615384616
4 0.5540865384615384 0.5024038461538461 0.026442307692307692 0.08653846153846154
0 0.4230769230769231 0.4879807692307692 0.02403846153846154 0.02403846153846154
0 0.31009615384615385 0.5288461538461539 0.09134615384615384 0.10576923076923077
0 0.49399038461538464 0.49278846153846156 0.026442307692307692 0.028846153846153848
0 0.49399038461538464 0.46634615384615385 0.03125 0.02403846153846154
0 0.5324519230769231 0.49759615384615385 0.021634615384615384 0.04807692307692308
0 0.44471153846153844 0.484375 0.009615384615384616 0.01201923076923077
4 0.47716346153846156 0.4855769230769231 0.007211538461538462 0.019230769230769232
0 0.5120192307692307 0.49158653846153844 0.019230769230769232 0.036057692307692304