0 0.4807692307692308 0.5024038461538461 0.04326923076923077 0.04326923076923077
0 0.5192307692307693 0.4987980769230769 0.038461538461538464 0.06009615384615385
0 0.546875 0.5048076923076923 0.036057692307692304 0.0625
0 0.5709134615384616 0.5072115384615384 0.04567307692307692 0.07692307692307693
0 0.6189903846153846 0.5132211538461539 0.07932692307692307 0.0985576923076923
0 0.6394230769230769 0.5240384615384616 0.0673076923076923 0.10576923076923077
0 0.7091346153846154 0.5264423076923077 0.11538461538461539 0.14903846153846154
0 0.8305288461538461 0.5492788461538461 0.18509615384615385 0.19471153846153846
0 0.9302884615384616 0.5829326923076923 0.13942307692307693 0.31971153846153844
0 0.40024038461538464 0.4951923076923077 0.016826923076923076 0.019230769230769232
0 0.3173076923076923 0.5204326923076923 0.0673076923076923 0.07451923076923077
0 0.18028846153846154 0.5168269230769231 0.04807692307692308 0.03365384615384615
0 0.4795673076923077 0.47836538461538464 0.040865384615384616 0.057692307692307696
2 0.4483173076923077 0.49278846153846156 0.01201923076923077 0.02403846153846154