0 0.6310096153846154 0.46634615384615385 0.17548076923076922 0.20673076923076922
0 0.546875 0.49759615384615385 0.026442307692307692 0.07211538461538461
0 0.5204326923076923 0.5072115384615384 0.03125 0.04326923076923077
0 0.43149038461538464 0.49278846153846156 0.03125 0.019230769230769232
0 0.40384615384615385 0.49278846153846156 0.014423076923076924 0.019230769230769232
0 0.3629807692307692 0.5108173076923077 0.04326923076923077 0.05048076923076923
0 0.6923076923076923 0.5300480769230769 0.09134615384615384 0.11778846153846154
0 0.7668269230769231 0.5384615384615384 0.1346153846153846 0.15384615384615385
0 0.8882211538461539 0.5637019230769231 0.21875 0.19951923076923078
4 0.49759615384615385 0.4987980769230769 0.019230769230769232 0.040865384615384616
0 0.4795673076923077 0.49399038461538464 0.016826923076923076 0.026442307692307692
0 0.4723557692307692 0.48677884615384615 0.026442307692307692 0.036057692307692304