4 0.4807692307692308 0.4879807692307692 0.009615384615384616 0.02403846153846154
0 0.5192307692307693 0.47596153846153844 0.057692307692307696 0.07692307692307693
0 0.5288461538461539 0.5024038461538461 0.052884615384615384 0.057692307692307696
0 0.5925480769230769 0.49759615384615385 0.06009615384615385 0.08653846153846154
0 0.6346153846153846 0.5072115384615384 0.07692307692307693 0.10096153846153846
0 0.6610576923076923 0.5168269230769231 0.08173076923076923 0.11057692307692307
0 0.7463942307692307 0.5252403846153846 0.1466346153846154 0.13701923076923078
0 0.9086538461538461 0.5649038461538461 0.18269230769230768 0.25961538461538464
0 0.4254807692307692 0.49158653846153844 0.014423076923076924 0.016826923076923076
0 0.3545673076923077 0.5132211538461539 0.055288461538461536 0.06490384615384616
0 0.15384615384615385 0.5216346153846154 0.0625 0.03365384615384615
0 0.4074519230769231 0.49038461538461536 0.016826923076923076 0.014423076923076924
0 0.45552884615384615 0.48677884615384615 0.016826923076923076 0.01201923076923077