0 0.5865384615384616 0.4699519230769231 0.09134615384615384 0.12740384615384615
0 0.6033653846153846 0.5024038461538461 0.03365384615384615 0.0673076923076923
0 0.6634615384615384 0.5276442307692307 0.1201923076923077 0.12259615384615384
0 0.7199519230769231 0.5168269230769231 0.06971153846153846 0.10096153846153846
0 0.8052884615384616 0.5360576923076923 0.125 0.16346153846153846
0 0.9194711538461539 0.5360576923076923 0.16105769230769232 0.25961538461538464
0 0.46274038461538464 0.4855769230769231 0.01201923076923077 0.014423076923076924
0 0.4411057692307692 0.4891826923076923 0.016826923076923076 0.016826923076923076
0 0.3954326923076923 0.5072115384615384 0.05048076923076923 0.057692307692307696
0 0.33653846153846156 0.4951923076923077 0.028846153846153848 0.019230769230769232
0 0.03245192307692308 0.5384615384615384 0.06490384615384616 0.057692307692307696
0 0.5336538461538461 0.49399038461538464 0.019230769230769232 0.036057692307692304
4 0.5120192307692307 0.4879807692307692 0.014423076923076924 0.038461538461538464
0 0.4254807692307692 0.4891826923076923 0.014423076923076924 0.01201923076923077
4 0.30288461538461536 0.49759615384615385 0.009615384615384616 0.019230769230769232
0 0.48197115384615385 0.48677884615384615 0.016826923076923076 0.016826923076923076