4 0.008413461538461538 0.5228365384615384 0.016826923076923076 0.06009615384615385
0 0.19110576923076922 0.5048076923076923 0.055288461538461536 0.03365384615384615
0 0.25961538461538464 0.5372596153846154 0.1201923076923077 0.11298076923076923
0 0.328125 0.5012019230769231 0.03125 0.036057692307692304
0 0.41947115384615385 0.4951923076923077 0.03125 0.038461538461538464
0 0.5841346153846154 0.5012019230769231 0.0625 0.07451923076923077
0 0.6466346153846154 0.5072115384615384 0.08653846153846154 0.10096153846153846
0 0.7127403846153846 0.5192307692307693 0.12740384615384615 0.11057692307692307
0 0.5625 0.47475961538461536 0.057692307692307696 0.07932692307692307
0 0.38461538461538464 0.48677884615384615 0.014423076923076924 0.016826923076923076
0 0.15504807692307693 0.5120192307692307 0.036057692307692304 0.028846153846153848
0 0.47115384615384615 0.4855769230769231 0.014423076923076924 0.02403846153846154
0 0.4387019230769231 0.48197115384615385 0.01201923076923077 0.016826923076923076
0 0.39663461538461536 0.48197115384615385 0.009615384615384616 0.01201923076923077