0 0.14783653846153846 0.5144230769230769 0.04567307692307692 0.04326923076923077
0 0.1201923076923077 0.5192307692307693 0.04807692307692308 0.03365384615384615
0 0.18870192307692307 0.5336538461538461 0.08413461538461539 0.07692307692307693
0 0.2824519230769231 0.5396634615384616 0.10336538461538461 0.09375
4 0.32211538461538464 0.49759615384615385 0.009615384615384616 0.02403846153846154
0 0.375 0.49038461538461536 0.014423076923076924 0.014423076923076924
0 0.4206730769230769 0.49759615384615385 0.028846153846153848 0.038461538461538464
0 0.5276442307692307 0.49278846153846156 0.03125 0.038461538461538464
2 0.5889423076923077 0.4807692307692308 0.0673076923076923 0.10576923076923077
0 0.5877403846153846 0.5108173076923077 0.03125 0.07451923076923077
0 0.6334134615384616 0.5072115384615384 0.10336538461538461 0.08653846153846154
0 0.7548076923076923 0.5228365384615384 0.14903846153846154 0.15625
0 0.8870192307692307 0.5540865384615384 0.22115384615384615 0.18990384615384615
0 0.46875 0.49038461538461536 0.014423076923076924 0.02403846153846154
0 0.5192307692307693 0.47596153846153844 0.04807692307692308 0.07211538461538461
0 0.3918269230769231 0.4891826923076923 0.009615384615384616 0.01201923076923077
0 0.43509615384615385 0.48677884615384615 0.014423076923076924 0.016826923076923076