0 0.07211538461538461 0.5300480769230769 0.057692307692307696 0.040865384615384616
0 0.12379807692307693 0.5216346153846154 0.08413461538461539 0.04807692307692308
0 0.21995192307692307 0.53125 0.07451923076923077 0.0673076923076923
0 0.3016826923076923 0.5348557692307693 0.09375 0.09375
0 0.4182692307692308 0.49759615384615385 0.028846153846153848 0.038461538461538464
0 0.5456730769230769 0.5012019230769231 0.028846153846153848 0.055288461538461536
0 0.6430288461538461 0.5216346153846154 0.06490384615384616 0.10576923076923077
0 0.7259615384615384 0.5240384615384616 0.14423076923076922 0.1346153846153846
0 0.9591346153846154 0.5853365384615384 0.08173076923076923 0.23798076923076922
0 0.6358173076923077 0.4831730769230769 0.09375 0.1346153846153846
0 0.5721153846153846 0.5084134615384616 0.03365384615384615 0.07451923076923077
0 0.4675480769230769 0.49278846153846156 0.016826923076923076 0.02403846153846154
0 0.5228365384615384 0.48197115384615385 0.055288461538461536 0.07451923076923077
0 0.36778846153846156 0.49399038461538464 0.014423076923076924 0.016826923076923076
0 0.40384615384615385 0.4879807692307692 0.009615384615384616 0.014423076923076924
0 0.37740384615384615 0.49158653846153844 0.009615384615384616 0.01201923076923077
0 0.4338942307692308 0.48677884615384615 0.01201923076923077 0.016826923076923076
0 0.3870192307692308 0.49038461538461536 0.009615384615384616 0.009615384615384616