0 0.019230769230769232 0.5264423076923077 0.038461538461538464 0.038461538461538464
0 0.23076923076923078 0.5564903846153846 0.14423076923076922 0.12259615384615384
0 0.3329326923076923 0.5036057692307693 0.040865384615384616 0.040865384615384616
0 0.35336538461538464 0.5 0.02403846153846154 0.03365384615384615
0 0.41586538461538464 0.4987980769230769 0.03365384615384615 0.040865384615384616
0 0.5564903846153846 0.4987980769230769 0.040865384615384616 0.055288461538461536
0 0.5949519230769231 0.5036057692307693 0.055288461538461536 0.07932692307692307
0 0.6346153846153846 0.5084134615384616 0.08173076923076923 0.07451923076923077
0 0.8810096153846154 0.5396634615384616 0.23317307692307693 0.18509615384615385
0 0.390625 0.48677884615384615 0.016826923076923076 0.01201923076923077
0 0.5384615384615384 0.4831730769230769 0.057692307692307696 0.0673076923076923
4 0.0673076923076923 0.5204326923076923 0.014423076923076924 0.04567307692307692
0 0.4411057692307692 0.484375 0.016826923076923076 0.016826923076923076