0 0.07211538461538461 0.5504807692307693 0.0673076923076923 0.09134615384615384
0 0.028846153846153848 0.5625 0.057692307692307696 0.10576923076923077
0 0.18269230769230768 0.5600961538461539 0.13942307692307693 0.15384615384615385
0 0.3425480769230769 0.5132211538461539 0.040865384615384616 0.040865384615384616
0 0.43509615384615385 0.49759615384615385 0.019230769230769232 0.02403846153846154
0 0.5769230769230769 0.5168269230769231 0.04807692307692308 0.08173076923076923
0 0.6009615384615384 0.5228365384615384 0.0673076923076923 0.09375
0 0.6418269230769231 0.5324519230769231 0.07692307692307693 0.11298076923076923
0 0.7007211538461539 0.5408653846153846 0.12740384615384615 0.1346153846153846
0 0.7704326923076923 0.5516826923076923 0.11298076923076923 0.16105769230769232
0 0.8762019230769231 0.515625 0.24278846153846154 0.3581730769230769
2 0.4987980769230769 0.5084134615384616 0.036057692307692304 0.06490384615384616
0 0.5649038461538461 0.5072115384615384 0.057692307692307696 0.08653846153846154
0 0.5324519230769231 0.5024038461538461 0.026442307692307692 0.07211538461538461
0 0.3737980769230769 0.4963942307692308 0.016826923076923076 0.021634615384615384