0 0.5180288461538461 0.49278846153846156 0.03125 0.03365384615384615
0 0.5829326923076923 0.484375 0.021634615384615384 0.021634615384615384
0 0.6286057692307693 0.4831730769230769 0.04567307692307692 0.03365384615384615
0 0.8665865384615384 0.5324519230769231 0.09375 0.13701923076923078
0 0.9507211538461539 0.5252403846153846 0.09375 0.24759615384615385
0 0.4723557692307692 0.5024038461538461 0.06490384615384616 0.0673076923076923
0 0.22716346153846154 0.5396634615384616 0.06971153846153846 0.07932692307692307
0 0.1466346153846154 0.5673076923076923 0.09134615384615384 0.11057692307692307
0 0.06129807692307692 0.5709134615384616 0.12259615384615384 0.15144230769230768
0 0.3329326923076923 0.5372596153846154 0.21875 0.0985576923076923
4 0.7944711538461539 0.5048076923076923 0.04567307692307692 0.08653846153846154
0 0.7740384615384616 0.49399038461538464 0.10576923076923077 0.15144230769230768
0 0.7079326923076923 0.5084134615384616 0.036057692307692304 0.06971153846153846
0 0.6862980769230769 0.5 0.036057692307692304 0.0625