0 0.4831730769230769 0.49278846153846156 0.02403846153846154 0.028846153846153848
0 0.057692307692307696 0.5612980769230769 0.11538461538461539 0.14182692307692307
0 0.1346153846153846 0.5552884615384616 0.0673076923076923 0.09615384615384616
0 0.17307692307692307 0.5384615384615384 0.0625 0.08173076923076923
0 0.28725961538461536 0.5396634615384616 0.0889423076923077 0.0889423076923077
2 0.5913461538461539 0.5180288461538461 0.04807692307692308 0.0985576923076923
0 0.6682692307692307 0.5144230769230769 0.07211538461538461 0.11538461538461539
0 0.6838942307692307 0.5264423076923077 0.07451923076923077 0.1201923076923077
0 0.7800480769230769 0.5240384615384616 0.15144230769230768 0.17307692307692307
0 0.8822115384615384 0.5588942307692307 0.21153846153846154 0.18990384615384615
0 0.9591346153846154 0.5997596153846154 0.07692307692307693 0.2091346153846154
0 0.5588942307692307 0.49759615384615385 0.05048076923076923 0.0673076923076923
0 0.6262019230769231 0.5180288461538461 0.036057692307692304 0.08413461538461539
0 0.2091346153846154 0.5384615384615384 0.038461538461538464 0.0625
0 0.38461538461538464 0.5024038461538461 0.02403846153846154 0.02403846153846154
0 0.41466346153846156 0.4963942307692308 0.016826923076923076 0.016826923076923076
0 0.2247596153846154 0.5276442307692307 0.036057692307692304 0.06009615384615385