0 0.9110576923076923 0.5384615384615384 0.1778846153846154 0.21634615384615385
0 0.8040865384615384 0.5336538461538461 0.0985576923076923 0.1346153846153846
0 0.671875 0.515625 0.06490384615384616 0.0889423076923077
0 0.640625 0.5144230769230769 0.05048076923076923 0.08173076923076923
0 0.6105769230769231 0.5072115384615384 0.04807692307692308 0.07211538461538461
0 0.4987980769230769 0.49038461538461536 0.026442307692307692 0.028846153846153848
0 0.03485576923076923 0.5757211538461539 0.06971153846153846 0.11298076923076923
0 0.09014423076923077 0.5612980769230769 0.0889423076923077 0.10336538461538461
0 0.13341346153846154 0.5456730769230769 0.07451923076923077 0.09134615384615384
0 0.1814903846153846 0.5348557692307693 0.05048076923076923 0.055288461538461536
0 0.38341346153846156 0.5 0.026442307692307692 0.028846153846153848
0 0.41225961538461536 0.4951923076923077 0.036057692307692304 0.028846153846153848
2 0.7259615384615384 0.5420673076923077 0.09615384615384616 0.17067307692307693
0 0.6105769230769231 0.49399038461538464 0.08173076923076923 0.07932692307692307
0 0.2091346153846154 0.5180288461538461 0.057692307692307696 0.06009615384615385
0 0.25 0.5180288461538461 0.03365384615384615 0.06490384615384616
0 0.27403846153846156 0.5180288461538461 0.028846153846153848 0.05048076923076923
0 0.53125 0.4879807692307692 0.02403846153846154 0.03365384615384615