0 0.03485576923076923 0.5637019230769231 0.06971153846153846 0.12740384615384615
0 0.08653846153846154 0.5600961538461539 0.09615384615384616 0.10096153846153846
0 0.13701923076923078 0.5396634615384616 0.0673076923076923 0.10336538461538461
0 0.1935096153846154 0.5384615384615384 0.05048076923076923 0.07692307692307693
0 0.33774038461538464 0.5228365384615384 0.06490384615384616 0.06490384615384616
0 0.4807692307692308 0.49158653846153844 0.019230769230769232 0.021634615384615384
0 0.6274038461538461 0.5180288461538461 0.052884615384615384 0.08413461538461539
0 0.6862980769230769 0.5132211538461539 0.10336538461538461 0.13221153846153846
0 0.7259615384615384 0.5336538461538461 0.10096153846153846 0.1201923076923077
0 0.8209134615384616 0.5480769230769231 0.17548076923076922 0.16826923076923078
0 0.9146634615384616 0.5805288461538461 0.1658653846153846 0.23798076923076922
2 0.5709134615384616 0.5108173076923077 0.040865384615384616 0.08413461538461539
0 0.5420673076923077 0.49399038461538464 0.036057692307692304 0.06009615384615385
0 0.41466346153846156 0.49278846153846156 0.016826923076923076 0.019230769230769232
0 0.39783653846153844 0.49759615384615385 0.021634615384615384 0.02403846153846154
0 0.21875 0.5300480769230769 0.04326923076923077 0.06490384615384616
0 0.2403846153846154 0.5288461538461539 0.038461538461538464 0.0625
0 0.2848557692307692 0.5072115384615384 0.03125 0.038461538461538464