4 0.7139423076923077 0.5216346153846154 0.04326923076923077 0.11057692307692307
0 0.9471153846153846 0.5444711538461539 0.10096153846153846 0.3004807692307692
0 0.8389423076923077 0.5564903846153846 0.17307692307692307 0.18509615384615385
0 0.6971153846153846 0.5096153846153846 0.12980769230769232 0.18269230769230768
0 0.6153846153846154 0.5240384615384616 0.0625 0.09134615384615384
0 0.44591346153846156 0.4951923076923077 0.021634615384615384 0.019230769230769232
0 0.3762019230769231 0.5048076923076923 0.036057692307692304 0.03365384615384615
0 0.3125 0.5240384615384616 0.07692307692307693 0.07692307692307693
0 0.04567307692307692 0.5588942307692307 0.09134615384615384 0.09375
0 0.18028846153846154 0.5612980769230769 0.23557692307692307 0.13221153846153846
2 0.4987980769230769 0.5048076923076923 0.03125 0.052884615384615384
0 0.3485576923076923 0.5024038461538461 0.02403846153846154 0.028846153846153848
0 0.5901442307692307 0.5204326923076923 0.04567307692307692 0.06971153846153846
0 0.5745192307692307 0.515625 0.04807692307692308 0.06490384615384616