2 0.47475961538461536 0.5108173076923077 0.03125 0.055288461538461536
4 0.7668269230769231 0.5228365384615384 0.0625 0.12259615384615384
0 0.33653846153846156 0.5108173076923077 0.03365384615384615 0.040865384615384616
0 0.4182692307692308 0.49759615384615385 0.019230769230769232 0.02403846153846154
0 0.5625 0.5228365384615384 0.057692307692307696 0.07932692307692307
0 0.5829326923076923 0.5288461538461539 0.055288461538461536 0.09134615384615384
0 0.625 0.5360576923076923 0.08173076923076923 0.10576923076923077
0 0.7307692307692307 0.5132211538461539 0.20673076923076922 0.2283653846153846
0 0.9242788461538461 0.6069711538461539 0.15144230769230768 0.27163461538461536
0 0.10216346153846154 0.5961538461538461 0.20432692307692307 0.17307692307692307
0 0.23197115384615385 0.5456730769230769 0.10336538461538461 0.10576923076923077
0 0.5360576923076923 0.5180288461538461 0.028846153846153848 0.06971153846153846
0 0.53125 0.5072115384615384 0.052884615384615384 0.07692307692307693
0 0.5036057692307693 0.5072115384615384 0.021634615384615384 0.0625
0 0.4495192307692308 0.5024038461538461 0.019230769230769232 0.03365384615384615
0 0.359375 0.5 0.01201923076923077 0.014423076923076924