0 0.038461538461538464 0.5540865384615384 0.07692307692307693 0.11778846153846154
0 0.09254807692307693 0.5408653846153846 0.0985576923076923 0.09134615384615384
0 0.1466346153846154 0.5300480769230769 0.052884615384615384 0.07451923076923077
0 0.1875 0.5192307692307693 0.057692307692307696 0.07211538461538461
0 0.22956730769230768 0.5168269230769231 0.04567307692307692 0.04326923076923077
0 0.2548076923076923 0.5084134615384616 0.038461538461538464 0.05048076923076923
0 0.37740384615384615 0.49278846153846156 0.019230769230769232 0.019230769230769232
0 0.4519230769230769 0.5 0.057692307692307696 0.0673076923076923
0 0.5336538461538461 0.5060096153846154 0.0625 0.06490384615384616
0 0.5793269230769231 0.5192307692307693 0.052884615384615384 0.09615384615384616
0 0.6153846153846154 0.5240384615384616 0.0673076923076923 0.1201923076923077
0 0.6947115384615384 0.5192307692307693 0.1346153846153846 0.16346153846153846
0 0.7668269230769231 0.53125 0.17307692307692307 0.1778846153846154
0 0.8882211538461539 0.5757211538461539 0.21875 0.30528846153846156
4 0.3293269230769231 0.49759615384615385 0.009615384615384616 0.02403846153846154
0 0.296875 0.5012019230769231 0.026442307692307692 0.036057692307692304