0 0.030048076923076924 0.5649038461538461 0.06009615384615385 0.125
0 0.056490384615384616 0.5396634615384616 0.09375 0.11778846153846154
0 0.1201923076923077 0.5324519230769231 0.057692307692307696 0.10336538461538461
0 0.3004807692307692 0.5024038461538461 0.028846153846153848 0.03365384615384615
0 0.31850961538461536 0.49759615384615385 0.026442307692307692 0.038461538461538464
0 0.4326923076923077 0.4879807692307692 0.019230769230769232 0.019230769230769232
0 0.4579326923076923 0.49158653846153844 0.036057692307692304 0.05048076923076923
0 0.5048076923076923 0.49278846153846156 0.03365384615384615 0.04807692307692308
0 0.5985576923076923 0.5036057692307693 0.08173076923076923 0.09375
0 0.6418269230769231 0.5168269230769231 0.07211538461538461 0.10096153846153846
0 0.6899038461538461 0.5240384615384616 0.08653846153846154 0.1201923076923077
0 0.7848557692307693 0.5144230769230769 0.13221153846153846 0.1971153846153846
0 0.8990384615384616 0.5252403846153846 0.1971153846153846 0.2764423076923077
0 0.17307692307692307 0.5276442307692307 0.052884615384615384 0.08413461538461539
0 0.5600961538461539 0.5012019230769231 0.038461538461538464 0.07451923076923077