0 0.02403846153846154 0.5552884615384616 0.04807692307692308 0.11057692307692307
0 0.06129807692307692 0.5528846153846154 0.05048076923076923 0.09134615384615384
0 0.09495192307692307 0.5384615384615384 0.06490384615384616 0.08653846153846154
0 0.140625 0.5264423076923077 0.055288461538461536 0.09134615384615384
0 0.20793269230769232 0.5240384615384616 0.05048076923076923 0.052884615384615384
0 0.24158653846153846 0.5132211538461539 0.040865384615384616 0.055288461538461536
0 0.3293269230769231 0.5 0.009615384615384616 0.028846153846153848
0 0.38100961538461536 0.49278846153846156 0.016826923076923076 0.019230769230769232
0 0.45913461538461536 0.5024038461538461 0.057692307692307696 0.07692307692307693
0 0.5637019230769231 0.5084134615384616 0.07932692307692307 0.07451923076923077
0 0.6418269230769231 0.5348557692307693 0.09615384615384616 0.12740384615384615
0 0.7283653846153846 0.5456730769230769 0.14423076923076922 0.16346153846153846
0 0.8713942307692307 0.5552884615384616 0.25240384615384615 0.28365384615384615