0 0.038461538461538464 0.5432692307692307 0.07692307692307693 0.11057692307692307
0 0.10216346153846154 0.5360576923076923 0.06971153846153846 0.10576923076923077
0 0.14302884615384615 0.53125 0.05048076923076923 0.08173076923076923
0 0.19110576923076922 0.5240384615384616 0.06971153846153846 0.07211538461538461
0 0.24278846153846154 0.5144230769230769 0.057692307692307696 0.0625
4 0.34375 0.4951923076923077 0.009615384615384616 0.028846153846153848
0 0.4014423076923077 0.49038461538461536 0.019230769230769232 0.019230769230769232
0 0.4891826923076923 0.5072115384615384 0.06971153846153846 0.08653846153846154
0 0.6189903846153846 0.5132211538461539 0.10336538461538461 0.09375
0 0.796875 0.5588942307692307 0.19471153846153846 0.18990384615384615
0 0.9146634615384616 0.5961538461538461 0.1658653846153846 0.30288461538461536
0 0.5865384615384616 0.5072115384615384 0.07692307692307693 0.09134615384615384