0 0.025240384615384616 0.5685096153846154 0.05048076923076923 0.11298076923076923
0 0.0625 0.5576923076923077 0.0673076923076923 0.10096153846153846
0 0.11298076923076923 0.5492788461538461 0.07211538461538461 0.0889423076923077
0 0.14783653846153846 0.5372596153846154 0.06009615384615385 0.0889423076923077
0 0.18990384615384615 0.5348557692307693 0.04326923076923077 0.06971153846153846
0 0.5084134615384616 0.5024038461538461 0.03125 0.03365384615384615
0 0.5661057692307693 0.4879807692307692 0.06971153846153846 0.10096153846153846
0 0.6514423076923077 0.5180288461538461 0.10096153846153846 0.12740384615384615
0 0.6887019230769231 0.5336538461538461 0.10336538461538461 0.12980769230769232
0 0.7572115384615384 0.5456730769230769 0.10576923076923077 0.16346153846153846
0 0.8846153846153846 0.5456730769230769 0.22596153846153846 0.25
0 0.30288461538461536 0.5180288461538461 0.019230769230769232 0.036057692307692304
0 0.21995192307692307 0.5348557692307693 0.03125 0.05048076923076923
0 0.25600961538461536 0.5228365384615384 0.03125 0.05048076923076923
0 0.5973557692307693 0.5192307692307693 0.04567307692307692 0.09134615384615384
0 0.27884615384615385 0.5180288461538461 0.02403846153846154 0.04567307692307692