0 0.7692307692307693 0.5072115384615384 0.07211538461538461 0.10576923076923077
0 0.7331730769230769 0.5036057692307693 0.052884615384615384 0.09375
0 0.7103365384615384 0.49399038461538464 0.06009615384615385 0.09375
0 0.6658653846153846 0.49399038461538464 0.04326923076923077 0.06490384615384616
0 0.5769230769230769 0.4831730769230769 0.019230769230769232 0.02403846153846154
0 0.4891826923076923 0.48677884615384615 0.026442307692307692 0.026442307692307692
4 0.4170673076923077 0.49278846153846156 0.01201923076923077 0.028846153846153848
0 0.042067307692307696 0.5961538461538461 0.08413461538461539 0.15865384615384615
0 0.08052884615384616 0.5336538461538461 0.10336538461538461 0.09134615384615384
0 0.171875 0.5432692307692307 0.15144230769230768 0.13942307692307693
0 0.2644230769230769 0.5252403846153846 0.0625 0.06971153846153846
0 0.30288461538461536 0.5132211538461539 0.0625 0.07932692307692307
0 0.8786057692307693 0.5865384615384616 0.23798076923076922 0.3605769230769231
0 0.44350961538461536 0.49278846153846156 0.021634615384615384 0.028846153846153848