0 0.8870192307692307 0.5516826923076923 0.22115384615384615 0.25240384615384615
0 0.7451923076923077 0.5432692307692307 0.11538461538461539 0.15865384615384615
0 0.6646634615384616 0.5300480769230769 0.12259615384615384 0.13221153846153846
0 0.6045673076923077 0.5240384615384616 0.07932692307692307 0.10576923076923077
0 0.5697115384615384 0.5168269230769231 0.052884615384615384 0.09615384615384616
0 0.5120192307692307 0.5096153846153846 0.04326923076923077 0.0673076923076923
0 0.46875 0.49038461538461536 0.04326923076923077 0.07211538461538461
0 0.4338942307692308 0.5 0.026442307692307692 0.028846153846153848
0 0.3004807692307692 0.5144230769230769 0.052884615384615384 0.0625
0 0.025240384615384616 0.5625 0.04567307692307692 0.09134615384615384
0 0.06370192307692307 0.5504807692307693 0.06490384615384616 0.08653846153846154
4 0.17307692307692307 0.5288461538461539 0.019230769230769232 0.0673076923076923
0 0.10336538461538461 0.5408653846153846 0.04807692307692308 0.08173076923076923
0 0.5552884615384616 0.5036057692307693 0.0625 0.0889423076923077
0 0.19471153846153846 0.5252403846153846 0.028846153846153848 0.06490384615384616
0 0.47716346153846156 0.5036057692307693 0.021634615384615384 0.055288461538461536