0 0.29447115384615385 0.5252403846153846 0.03125 0.055288461538461536
0 0.27163461538461536 0.5288461538461539 0.04807692307692308 0.0625
0 0.2403846153846154 0.5360576923076923 0.052884615384615384 0.0673076923076923
0 0.19471153846153846 0.5432692307692307 0.0673076923076923 0.07692307692307693
0 0.13822115384615385 0.5552884615384616 0.07932692307692307 0.09134615384615384
0 0.0829326923076923 0.5721153846153846 0.09375 0.11057692307692307
0 0.02403846153846154 0.5697115384615384 0.04807692307692308 0.1201923076923077
0 0.5961538461538461 0.5036057692307693 0.04807692307692308 0.05048076923076923
0 0.6454326923076923 0.5132211538461539 0.036057692307692304 0.07932692307692307
0 0.6971153846153846 0.5108173076923077 0.0673076923076923 0.13701923076923078
0 0.84375 0.5456730769230769 0.13942307692307693 0.15384615384615385
0 0.9290865384615384 0.5697115384615384 0.14182692307692307 0.21153846153846154
0 0.7944711538461539 0.48677884615384615 0.17067307692307693 0.2283653846153846