0 0.265625 0.5228365384615384 0.036057692307692304 0.06009615384615385
0 0.23677884615384615 0.5240384615384616 0.05048076923076923 0.07211538461538461
0 0.19591346153846154 0.5336538461538461 0.06971153846153846 0.08173076923076923
0 0.13221153846153846 0.5492788461538461 0.09134615384615384 0.0985576923076923
0 0.055288461538461536 0.5673076923076923 0.10576923076923077 0.1201923076923077
0 0.6033653846153846 0.49759615384615385 0.057692307692307696 0.057692307692307696
0 0.6850961538461539 0.5096153846153846 0.0625 0.09134615384615384
0 0.7091346153846154 0.5144230769230769 0.052884615384615384 0.10576923076923077
0 0.7692307692307693 0.5036057692307693 0.11057692307692307 0.17548076923076922
0 0.9014423076923077 0.47475961538461536 0.19230769230769232 0.31971153846153844
0 0.96875 0.578125 0.0625 0.18509615384615385