0 0.71875 0.47836538461538464 0.1201923076923077 0.15865384615384615
0 0.7331730769230769 0.5252403846153846 0.07211538461538461 0.11778846153846154
0 0.8004807692307693 0.5360576923076923 0.125 0.14903846153846154
0 0.9026442307692307 0.5576923076923077 0.18990384615384615 0.1971153846153846
0 0.030048076923076924 0.5685096153846154 0.06009615384615385 0.1466346153846154
0 0.5829326923076923 0.5 0.04567307692307692 0.04326923076923077
0 0.09014423076923077 0.5612980769230769 0.0889423076923077 0.11298076923076923
0 0.15865384615384615 0.5564903846153846 0.0673076923076923 0.08413461538461539
0 0.19951923076923078 0.5444711538461539 0.057692307692307696 0.07451923076923077
0 0.23557692307692307 0.5360576923076923 0.057692307692307696 0.0673076923076923
0 0.27283653846153844 0.5288461538461539 0.040865384615384616 0.057692307692307696
0 0.3137019230769231 0.5228365384615384 0.026442307692307692 0.05048076923076923
0 0.6502403846153846 0.5024038461538461 0.040865384615384616 0.10096153846153846
0 0.6213942307692307 0.5036057692307693 0.036057692307692304 0.07451923076923077