0 0.8185096153846154 0.5661057692307693 0.2668269230769231 0.3004807692307692
0 0.33774038461538464 0.5180288461538461 0.05048076923076923 0.0889423076923077
0 0.30288461538461536 0.5300480769230769 0.057692307692307696 0.08413461538461539
0 0.2644230769230769 0.5408653846153846 0.0625 0.09615384615384616
0 0.17548076923076922 0.5432692307692307 0.1201923076923077 0.13942307692307693
0 0.06370192307692307 0.5144230769230769 0.0985576923076923 0.08653846153846154
0 0.4951923076923077 0.4963942307692308 0.2548076923076923 0.35336538461538464
4 0.9747596153846154 0.5757211538461539 0.05048076923076923 0.2860576923076923
4 0.9314903846153846 0.6033653846153846 0.09375 0.2692307692307692
4 0.84375 0.6009615384615384 0.08653846153846154 0.27403846153846156
4 0.6418269230769231 0.47596153846153844 0.009615384615384616 0.02403846153846154
0 0.7307692307692307 0.48677884615384615 0.0673076923076923 0.06971153846153846