0 0.037259615384615384 0.4951923076923077 0.07451923076923077 0.052884615384615384
0 0.03485576923076923 0.5661057692307693 0.06971153846153846 0.15144230769230768
0 0.09014423076923077 0.5528846153846154 0.11298076923076923 0.1346153846153846
0 0.1658653846153846 0.5444711538461539 0.057692307692307696 0.09375
0 0.19230769230769232 0.5300480769230769 0.052884615384615384 0.08413461538461539
0 0.22355769230769232 0.5192307692307693 0.057692307692307696 0.08653846153846154
0 0.2848557692307692 0.5132211538461539 0.06971153846153846 0.06971153846153846
4 0.34134615384615385 0.5084134615384616 0.028846153846153848 0.055288461538461536
0 0.36538461538461536 0.4963942307692308 0.019230769230769232 0.026442307692307692
0 0.4254807692307692 0.48197115384615385 0.1346153846153846 0.20432692307692307
0 0.8016826923076923 0.4879807692307692 0.05048076923076923 0.0673076923076923
0 0.5288461538461539 0.5012019230769231 0.038461538461538464 0.06009615384615385
0 0.5757211538461539 0.515625 0.09375 0.09375