0 0.109375 0.5757211538461539 0.18028846153846154 0.1658653846153846
0 0.20072115384615385 0.5504807692307693 0.07451923076923077 0.125
0 0.30288461538461536 0.5240384615384616 0.052884615384615384 0.07692307692307693
0 0.33413461538461536 0.5216346153846154 0.028846153846153848 0.0625
0 0.3858173076923077 0.5048076923076923 0.04567307692307692 0.04326923076923077
0 0.4230769230769231 0.4963942307692308 0.038461538461538464 0.036057692307692304
0 0.7427884615384616 0.5396634615384616 0.16346153846153846 0.1466346153846154
4 0.2608173076923077 0.48677884615384615 0.016826923076923076 0.021634615384615384
4 0.35697115384615385 0.49278846153846156 0.01201923076923077 0.038461538461538464
4 0.6622596153846154 0.47596153846153844 0.016826923076923076 0.04326923076923077
0 0.5480769230769231 0.484375 0.14423076923076922 0.21875
0 0.24278846153846154 0.5384615384615384 0.04807692307692308 0.10096153846153846
0 0.4495192307692308 0.4855769230769231 0.019230769230769232 0.028846153846153848