0 0.037259615384615384 0.5793269230769231 0.07451923076923077 0.1778846153846154
0 0.10697115384615384 0.5600961538461539 0.0889423076923077 0.1201923076923077
0 0.15504807692307693 0.5348557692307693 0.07932692307692307 0.10336538461538461
0 0.19951923076923078 0.5336538461538461 0.04326923076923077 0.08173076923076923
0 0.28125 0.5084134615384616 0.057692307692307696 0.05048076923076923
0 0.32572115384615385 0.4963942307692308 0.040865384615384616 0.036057692307692304
0 0.4170673076923077 0.47596153846153844 0.016826923076923076 0.019230769230769232
0 0.7247596153846154 0.4579326923076923 0.05048076923076923 0.05048076923076923
0 0.8521634615384616 0.59375 0.29086538461538464 0.28365384615384615
4 0.578125 0.47716346153846156 0.016826923076923076 0.05048076923076923
4 0.5901442307692307 0.47596153846153844 0.016826923076923076 0.04326923076923077
0 0.4963942307692308 0.48197115384615385 0.1466346153846154 0.21875
4 0.24278846153846154 0.4951923076923077 0.014423076923076924 0.057692307692307696
0 0.3545673076923077 0.4879807692307692 0.026442307692307692 0.028846153846153848
0 0.37259615384615385 0.48677884615384615 0.014423076923076924 0.021634615384615384