0 0.65625 0.4735576923076923 0.028846153846153848 0.02403846153846154
0 0.7800480769230769 0.46274038461538464 0.026442307692307692 0.036057692307692304
0 0.9206730769230769 0.48197115384615385 0.15384615384615385 0.15625
0 0.5600961538461539 0.4879807692307692 0.04326923076923077 0.04326923076923077
0 0.484375 0.5084134615384616 0.07451923076923077 0.06490384615384616
0 0.5276442307692307 0.5036057692307693 0.040865384615384616 0.055288461538461536
0 0.0673076923076923 0.49278846153846156 0.1346153846153846 0.09615384615384616
0 0.19831730769230768 0.5949519230769231 0.20432692307692307 0.17548076923076922
0 0.7283653846153846 0.4651442307692308 0.07692307692307693 0.12259615384615384
4 0.02403846153846154 0.5588942307692307 0.04807692307692308 0.15144230769230768
0 0.6213942307692307 0.46634615384615385 0.021634615384615384 0.03365384615384615
4 0.4050480769230769 0.4987980769230769 0.026442307692307692 0.055288461538461536