0 0.5913461538461539 0.4483173076923077 0.0625 0.05048076923076923
0 0.6262019230769231 0.44471153846153844 0.09375 0.04326923076923077
0 0.6670673076923077 0.4723557692307692 0.0985576923076923 0.08413461538461539
0 0.7427884615384616 0.44471153846153844 0.052884615384615384 0.1346153846153846
0 0.8161057692307693 0.4266826923076923 0.0985576923076923 0.1658653846153846
0 0.9314903846153846 0.42788461538461536 0.13221153846153846 0.19230769230769232
0 0.9471153846153846 0.4723557692307692 0.10096153846153846 0.18028846153846154
4 0.84375 0.5012019230769231 0.057692307692307696 0.22355769230769232
4 0.53125 0.4951923076923077 0.028846153846153848 0.08653846153846154
0 0.49038461538461536 0.46875 0.0625 0.04326923076923077
0 0.3786057692307692 0.7331730769230769 0.5168269230769231 0.47115384615384615
0 0.03485576923076923 0.5456730769230769 0.06971153846153846 0.07211538461538461
0 0.35096153846153844 0.4795673076923077 0.20673076923076922 0.06971153846153846