0 0.038461538461538464 0.5420673076923077 0.07692307692307693 0.07932692307692307
0 0.3894230769230769 0.7451923076923077 0.6153846153846154 0.5048076923076923
0 0.9459134615384616 0.41225961538461536 0.10336538461538461 0.19471153846153846
4 0.8365384615384616 0.49399038461538464 0.0625 0.22355769230769232
4 0.5564903846153846 0.4879807692307692 0.03125 0.09134615384615384
0 0.36538461538461536 0.47115384615384615 0.22115384615384615 0.07211538461538461
0 0.4963942307692308 0.46274038461538464 0.040865384615384616 0.040865384615384616
0 0.5252403846153846 0.45913461538461536 0.04567307692307692 0.038461538461538464
0 0.6033653846153846 0.4387019230769231 0.04326923076923077 0.04567307692307692
0 0.6478365384615384 0.4362980769230769 0.09375 0.04567307692307692
0 0.6838942307692307 0.4651442307692308 0.07932692307692307 0.09375
0 0.96875 0.46634615384615385 0.057692307692307696 0.14423076923076922
0 0.8233173076923077 0.4170673076923077 0.06971153846153846 0.17067307692307693
0 0.7692307692307693 0.44591346153846156 0.07211538461538461 0.1466346153846154