4 0.1045673076923077 0.5012019230769231 0.06009615384615385 0.12259615384615384
4 0.6454326923076923 0.5949519230769231 0.19471153846153846 0.36778846153846156
2 0.4963942307692308 0.4855769230769231 0.040865384615384616 0.13942307692307693
2 0.6766826923076923 0.48197115384615385 0.055288461538461536 0.11298076923076923
0 0.15504807692307693 0.4675480769230769 0.18990384615384615 0.07451923076923077
0 0.4074519230769231 0.43028846153846156 0.07451923076923077 0.10096153846153846
0 0.3389423076923077 0.5 0.12980769230769232 0.125
0 0.4963942307692308 0.44591346153846156 0.0889423076923077 0.06009615384615385
0 0.5793269230769231 0.44350961538461536 0.038461538461538464 0.06009615384615385
0 0.6875 0.4326923076923077 0.052884615384615384 0.038461538461538464
0 0.8533653846153846 0.43149038461538464 0.14903846153846154 0.03125