0 0.9278846153846154 0.45913461538461536 0.1346153846153846 0.09134615384615384
0 0.9302884615384616 0.41466346153846156 0.12980769230769232 0.05048076923076923
0 0.8341346153846154 0.44711538461538464 0.0673076923076923 0.08653846153846154
0 0.8040865384615384 0.4483173076923077 0.05048076923076923 0.07451923076923077
0 0.7439903846153846 0.45913461538461536 0.06490384615384616 0.07211538461538461
0 0.6838942307692307 0.4483173076923077 0.055288461538461536 0.06009615384615385
0 0.46274038461538464 0.44350961538461536 0.03125 0.06009615384615385
0 0.3918269230769231 0.45552884615384615 0.052884615384615384 0.06490384615384616
0 0.05048076923076923 0.47115384615384615 0.09134615384615384 0.052884615384615384
0 0.203125 0.4543269230769231 0.06009615384615385 0.038461538461538464
0 0.7620192307692307 0.41466346153846156 0.08653846153846154 0.026442307692307692
2 0.5072115384615384 0.4495192307692308 0.014423076923076924 0.03365384615384615
0 0.6466346153846154 0.4423076923076923 0.038461538461538464 0.04807692307692308
0 0.6213942307692307 0.4375 0.03125 0.03365384615384615
0 0.5949519230769231 0.4362980769230769 0.040865384615384616 0.021634615384615384
0 0.9723557692307693 0.47475961538461536 0.05048076923076923 0.06009615384615385
0 0.4254807692307692 0.4519230769230769 0.014423076923076924 0.04326923076923077