0 0.9651442307692307 0.47475961538461536 0.06009615384615385 0.13701923076923078
0 0.8473557692307693 0.4543269230769231 0.0985576923076923 0.08173076923076923
2 0.546875 0.44591346153846156 0.01201923076923077 0.036057692307692304
0 0.4987980769230769 0.4483173076923077 0.036057692307692304 0.040865384615384616
0 0.43149038461538464 0.4483173076923077 0.040865384615384616 0.06009615384615385
0 0.9254807692307693 0.4483173076923077 0.08173076923076923 0.07451923076923077
0 0.9098557692307693 0.4074519230769231 0.10817307692307693 0.03125
0 0.7536057692307693 0.42788461538461536 0.0985576923076923 0.04326923076923077
0 0.7043269230769231 0.43509615384615385 0.04807692307692308 0.028846153846153848
0 0.6610576923076923 0.43028846153846156 0.04807692307692308 0.02403846153846154
0 0.6478365384615384 0.42908653846153844 0.04567307692307692 0.026442307692307692
0 0.5829326923076923 0.43990384615384615 0.05048076923076923 0.028846153846153848
0 0.7860576923076923 0.42427884615384615 0.052884615384615384 0.021634615384615384
0 0.4579326923076923 0.4495192307692308 0.01201923076923077 0.03365384615384615
0 0.4675480769230769 0.4423076923076923 0.01201923076923077 0.02403846153846154
0 0.5060096153846154 0.43149038461538464 0.026442307692307692 0.036057692307692304