0 0.9579326923076923 0.4519230769230769 0.07932692307692307 0.10576923076923077
0 0.9086538461538461 0.45913461538461536 0.1201923076923077 0.07692307692307693
0 0.8810096153846154 0.44711538461538464 0.15144230769230768 0.09134615384615384
0 0.7524038461538461 0.46033653846153844 0.0625 0.06971153846153846
0 0.42788461538461536 0.46033653846153844 0.057692307692307696 0.07451923076923077
0 0.5 0.4543269230769231 0.03365384615384615 0.04326923076923077
0 0.7151442307692307 0.45552884615384615 0.040865384615384616 0.05048076923076923
0 0.7860576923076923 0.41947115384615385 0.0673076923076923 0.016826923076923076
0 0.2091346153846154 0.4579326923076923 0.057692307692307696 0.036057692307692304
2 0.5444711538461539 0.4543269230769231 0.01201923076923077 0.038461538461538464
0 0.08173076923076923 0.4699519230769231 0.057692307692307696 0.05048076923076923
0 0.8149038461538461 0.46875 0.04807692307692308 0.04807692307692308
0 0.6826923076923077 0.4495192307692308 0.057692307692307696 0.057692307692307696
0 0.6538461538461539 0.4375 0.04326923076923077 0.019230769230769232
0 0.6165865384615384 0.4375 0.021634615384615384 0.02403846153846154
0 0.5721153846153846 0.4423076923076923 0.03365384615384615 0.02403846153846154
0 0.4639423076923077 0.4543269230769231 0.014423076923076924 0.03365384615384615
0 0.5 0.43509615384615385 0.02403846153846154 0.028846153846153848