0 0.8882211538461539 0.4411057692307692 0.12740384615384615 0.06009615384615385
2 0.5372596153846154 0.45072115384615385 0.016826923076923076 0.04567307692307692
0 0.4483173076923077 0.4495192307692308 0.040865384615384616 0.057692307692307696
0 0.5024038461538461 0.4483173076923077 0.03365384615384615 0.040865384615384616
4 0.40024038461538464 0.44471153846153844 0.016826923076923076 0.04326923076923077
0 0.9579326923076923 0.4495192307692308 0.07451923076923077 0.09615384615384616
0 0.7980769230769231 0.42788461538461536 0.07211538461538461 0.03365384615384615
0 0.7259615384615384 0.43990384615384615 0.07211538461538461 0.052884615384615384
0 0.625 0.4411057692307692 0.057692307692307696 0.03125
0 0.5360576923076923 0.43509615384615385 0.028846153846153848 0.038461538461538464
0 0.4699519230769231 0.44711538461538464 0.01201923076923077 0.03365384615384615
0 0.4807692307692308 0.44711538461538464 0.014423076923076924 0.028846153846153848
0 0.1814903846153846 0.453125 0.04567307692307692 0.026442307692307692