0 0.3016826923076923 0.5096153846153846 0.1658653846153846 0.14423076923076922
4 0.44350961538461536 0.46033653846153844 0.03125 0.07451923076923077
4 0.53125 0.45913461538461536 0.019230769230769232 0.08653846153846154
0 0.5072115384615384 0.44471153846153844 0.03365384615384615 0.04326923076923077
0 0.9206730769230769 0.43990384615384615 0.14903846153846154 0.08173076923076923
0 0.8701923076923077 0.43509615384615385 0.12980769230769232 0.09134615384615384
0 0.6875 0.4387019230769231 0.10576923076923077 0.04567307692307692
0 0.46274038461538464 0.45072115384615385 0.016826923076923076 0.04567307692307692
0 0.16346153846153846 0.4567307692307692 0.057692307692307696 0.03365384615384615
0 0.5444711538461539 0.43028846153846156 0.03125 0.04326923076923077
2 0.5877403846153846 0.45552884615384615 0.026442307692307692 0.055288461538461536
0 0.9627403846153846 0.44350961538461536 0.06490384615384616 0.06971153846153846
0 0.7752403846153846 0.42427884615384615 0.04567307692307692 0.036057692307692304
0 0.4723557692307692 0.44591346153846156 0.01201923076923077 0.026442307692307692
0 0.4795673076923077 0.43990384615384615 0.01201923076923077 0.02403846153846154