4 0.2644230769230769 0.4807692307692308 0.04326923076923077 0.11538461538461539
4 0.30528846153846156 0.47716346153846156 0.028846153846153848 0.10336538461538461
0 0.421875 0.49278846153846156 0.12740384615384615 0.1201923076923077
0 0.8918269230769231 0.44591346153846156 0.1201923076923077 0.07932692307692307
0 0.7764423076923077 0.45072115384615385 0.11057692307692307 0.055288461538461536
4 0.7019230769230769 0.4735576923076923 0.03365384615384615 0.11538461538461539
0 0.5216346153846154 0.4495192307692308 0.03365384615384615 0.04326923076923077
0 0.5649038461538461 0.43509615384615385 0.038461538461538464 0.057692307692307696
2 0.6394230769230769 0.4699519230769231 0.04326923076923077 0.08413461538461539
0 0.054086538461538464 0.4567307692307692 0.0889423076923077 0.038461538461538464
0 0.17307692307692307 0.46033653846153844 0.07692307692307693 0.055288461538461536
0 0.47115384615384615 0.44350961538461536 0.038461538461538464 0.040865384615384616
0 0.49278846153846156 0.44471153846153844 0.019230769230769232 0.02403846153846154
0 0.96875 0.44711538461538464 0.057692307692307696 0.09615384615384616