0 0.16346153846153846 0.5516826923076923 0.27403846153846156 0.22355769230769232
4 0.44350961538461536 0.45552884615384615 0.026442307692307692 0.06009615384615385
4 0.5252403846153846 0.45552884615384615 0.021634615384615384 0.055288461538461536
2 0.5372596153846154 0.4543269230769231 0.016826923076923076 0.04807692307692308
0 0.5060096153846154 0.4495192307692308 0.03125 0.04326923076923077
0 0.44711538461538464 0.4543269230769231 0.038461538461538464 0.04807692307692308
0 0.9134615384615384 0.4495192307692308 0.1201923076923077 0.07692307692307693
0 0.7740384615384616 0.4266826923076923 0.08653846153846154 0.04567307692307692
0 0.6418269230769231 0.44350961538461536 0.0625 0.040865384615384616
0 0.5348557692307693 0.43509615384615385 0.026442307692307692 0.038461538461538464
0 0.9579326923076923 0.45913461538461536 0.07932692307692307 0.09134615384615384
0 0.796875 0.44471153846153844 0.10336538461538461 0.0673076923076923
2 0.5649038461538461 0.4567307692307692 0.019230769230769232 0.04326923076923077