0 0.5204326923076923 0.5564903846153846 0.2668269230769231 0.2620192307692308
0 0.8798076923076923 0.5060096153846154 0.2403846153846154 0.23798076923076922
0 0.7331730769230769 0.48677884615384615 0.10576923076923077 0.12740384615384615
0 0.07692307692307693 0.46634615384615385 0.09134615384615384 0.08173076923076923
0 0.6947115384615384 0.42427884615384615 0.125 0.18028846153846154
0 0.5637019230769231 0.4423076923076923 0.15625 0.14423076923076922
4 0.21995192307692307 0.4579326923076923 0.016826923076923076 0.04567307692307692
2 0.36538461538461536 0.44711538461538464 0.019230769230769232 0.04807692307692308
2 0.35096153846153844 0.44711538461538464 0.014423076923076924 0.04326923076923077
2 0.39903846153846156 0.44471153846153844 0.03365384615384615 0.038461538461538464
0 0.39783653846153844 0.43509615384615385 0.026442307692307692 0.028846153846153848
5 0.5395673076923078 0.2823317307692308 0.027043269230769232 0.043004807692307696
3 0.5199278846153846 0.28072115384615387 0.02141826923076923 0.05584134615384616
5 0.14415865384615384 0.12365384615384614 0.05194711538461538 0.0621875