0 0.21394230769230768 0.4675480769230769 0.11057692307692307 0.0889423076923077
0 0.5384615384615384 0.515625 0.1875 0.17548076923076922
0 0.6418269230769231 0.4567307692307692 0.07211538461538461 0.0673076923076923
0 0.7403846153846154 0.47115384615384615 0.12980769230769232 0.14423076923076922
0 0.8882211538461539 0.3798076923076923 0.21875 0.6875
0 0.6298076923076923 0.40865384615384615 0.0673076923076923 0.07692307692307693
0 0.3545673076923077 0.44711538461538464 0.036057692307692304 0.03365384615384615
0 0.10336538461538461 0.46153846153846156 0.057692307692307696 0.052884615384615384
0 0.04927884615384615 0.46634615384615385 0.06490384615384616 0.052884615384615384
0 0.15504807692307693 0.46274038461538464 0.055288461538461536 0.055288461538461536
0 0.4362980769230769 0.43509615384615385 0.016826923076923076 0.028846153846153848
0 0.4182692307692308 0.43509615384615385 0.019230769230769232 0.028846153846153848