0 0.9326923076923077 0.4050480769230769 0.12980769230769232 0.6370192307692307
0 0.8173076923076923 0.49278846153846156 0.1875 0.20192307692307693
0 0.6947115384615384 0.47475961538461536 0.09615384615384616 0.10817307692307693
0 0.5108173076923077 0.5324519230769231 0.21875 0.21394230769230768
4 0.24879807692307693 0.46634615384615385 0.026442307692307692 0.07692307692307693
0 0.08774038461538461 0.47115384615384615 0.0985576923076923 0.07692307692307693
0 0.6694711538461539 0.4254807692307692 0.10336538461538461 0.16826923076923078
0 0.546875 0.4411057692307692 0.13221153846153846 0.11778846153846154
4 0.296875 0.4543269230769231 0.016826923076923076 0.038461538461538464
2 0.2860576923076923 0.4543269230769231 0.019230769230769232 0.04326923076923077
2 0.36899038461538464 0.45072115384615385 0.021634615384615384 0.04567307692307692
2 0.35096153846153844 0.44471153846153844 0.009615384615384616 0.03365384615384615
0 0.36899038461538464 0.43509615384615385 0.026442307692307692 0.028846153846153848
2 0.15384615384615385 0.46033653846153844 0.038461538461538464 0.05048076923076923
4 0.19951923076923078 0.45552884615384615 0.014423076923076924 0.04567307692307692