0 0.5048076923076923 0.5204326923076923 0.19230769230769232 0.18990384615384615
0 0.8846153846153846 0.3786057692307692 0.22596153846153846 0.7379807692307693
0 0.7379807692307693 0.4807692307692308 0.1346153846153846 0.15865384615384615
0 0.6382211538461539 0.46274038461538464 0.06971153846153846 0.07451923076923077
0 0.6201923076923077 0.421875 0.08173076923076923 0.11778846153846154
0 0.5144230769230769 0.4110576923076923 0.07692307692307693 0.028846153846153848
2 0.19230769230769232 0.4699519230769231 0.038461538461538464 0.06971153846153846
4 0.13221153846153846 0.46634615384615385 0.02403846153846154 0.0625
4 0.09134615384615384 0.4723557692307692 0.02403846153846154 0.06009615384615385
0 0.3245192307692308 0.45072115384615385 0.038461538461538464 0.03125
0 0.38221153846153844 0.4411057692307692 0.019230769230769232 0.03125
4 0.27403846153846156 0.45552884615384615 0.019230769230769232 0.040865384615384616
4 0.25961538461538464 0.45552884615384615 0.009615384615384616 0.040865384615384616
2 0.2403846153846154 0.4567307692307692 0.028846153846153848 0.04326923076923077