0 0.03485576923076923 0.4987980769230769 0.06971153846153846 0.09375
2 0.12620192307692307 0.46634615384615385 0.09375 0.07692307692307693
0 0.8930288461538461 0.5408653846153846 0.18509615384615385 0.3173076923076923
0 0.7776442307692307 0.5144230769230769 0.14182692307692307 0.16826923076923078
0 0.7259615384615384 0.42427884615384615 0.15384615384615385 0.21394230769230768
0 0.5685096153846154 0.4483173076923077 0.23317307692307693 0.17548076923076922
0 0.5024038461538461 0.6850961538461539 0.4951923076923077 0.4807692307692308
0 0.3233173076923077 0.4639423076923077 0.12740384615384615 0.057692307692307696
4 0.42788461538461536 0.43509615384615385 0.009615384615384616 0.02403846153846154
4 0.4170673076923077 0.43509615384615385 0.01201923076923077 0.02403846153846154
4 0.4074519230769231 0.43509615384615385 0.01201923076923077 0.02403846153846154
0 0.3713942307692308 0.43990384615384615 0.036057692307692304 0.028846153846153848