0 0.8942307692307693 0.5372596153846154 0.1875 0.31490384615384615
0 0.5048076923076923 0.6826923076923077 0.4951923076923077 0.4807692307692308
0 0.7800480769230769 0.5108173076923077 0.14182692307692307 0.1658653846153846
0 0.7271634615384616 0.4230769230769231 0.15625 0.22596153846153846
0 0.5564903846153846 0.4411057692307692 0.25240384615384615 0.17548076923076922
4 0.3016826923076923 0.46153846153846156 0.036057692307692304 0.057692307692307696
4 0.17067307692307693 0.46153846153846156 0.02403846153846154 0.07211538461538461
0 0.3088942307692308 0.421875 0.30528846153846156 0.12740384615384615
2 0.09615384615384616 0.47115384615384615 0.02403846153846154 0.052884615384615384
4 0.019230769230769232 0.46153846153846156 0.014423076923076924 0.052884615384615384
4 0.12860576923076922 0.4651442307692308 0.016826923076923076 0.05048076923076923