0 0.9122596153846154 0.5396634615384616 0.15144230769230768 0.31971153846153844
0 0.7800480769230769 0.5108173076923077 0.14182692307692307 0.17067307692307693
0 0.5024038461538461 0.6802884615384616 0.5 0.4855769230769231
4 0.8149038461538461 0.5649038461538461 0.09134615384615384 0.3173076923076923
0 0.7235576923076923 0.42427884615384615 0.15384615384615385 0.21875
0 0.5685096153846154 0.44591346153846156 0.23317307692307693 0.18028846153846154
0 0.1814903846153846 0.4375 0.3293269230769231 0.14423076923076922
2 0.3401442307692308 0.45913461538461536 0.055288461538461536 0.057692307692307696
0 0.36899038461538464 0.43990384615384615 0.03125 0.03365384615384615
0 0.3942307692307692 0.4375 0.014423076923076924 0.019230769230769232
0 0.40865384615384615 0.4375 0.014423076923076924 0.014423076923076924