0 0.09735576923076923 0.4423076923076923 0.19471153846153846 0.12980769230769232
0 0.5024038461538461 0.6802884615384616 0.4951923076923077 0.4807692307692308
0 0.8966346153846154 0.5384615384615384 0.18269230769230768 0.3173076923076923
4 0.953125 0.5709134615384616 0.06971153846153846 0.3245192307692308
0 0.7788461538461539 0.515625 0.13942307692307693 0.1658653846153846
0 0.7271634615384616 0.4254807692307692 0.15144230769230768 0.21634615384615385
0 0.5685096153846154 0.4483173076923077 0.2283653846153846 0.18028846153846154
4 0.2980769230769231 0.4543269230769231 0.02403846153846154 0.07692307692307693
0 0.26802884615384615 0.47115384615384615 0.040865384615384616 0.052884615384615384
0 0.2800480769230769 0.44711538461538464 0.026442307692307692 0.02403846153846154
0 0.3161057692307692 0.45072115384615385 0.036057692307692304 0.04567307692307692
0 0.3641826923076923 0.45072115384615385 0.04567307692307692 0.055288461538461536