0 0.3137019230769231 0.4519230769230769 0.07451923076923077 0.052884615384615384
2 0.3389423076923077 0.4543269230769231 0.038461538461538464 0.052884615384615384
0 0.5709134615384616 0.44591346153846156 0.23317307692307693 0.17548076923076922
0 0.7259615384615384 0.4230769230769231 0.15384615384615385 0.22115384615384615
0 0.7800480769230769 0.5144230769230769 0.14182692307692307 0.16826923076923078
0 0.8966346153846154 0.5384615384615384 0.18269230769230768 0.3173076923076923
0 0.5024038461538461 0.6826923076923077 0.4951923076923077 0.4807692307692308
2 0.09495192307692307 0.46634615384615385 0.021634615384615384 0.04807692307692308
2 0.1778846153846154 0.4639423076923077 0.038461538461538464 0.04807692307692308
0 0.3641826923076923 0.44711538461538464 0.03125 0.028846153846153848
0 0.3713942307692308 0.4362980769230769 0.03125 0.026442307692307692
0 0.3786057692307692 0.4170673076923077 0.040865384615384616 0.016826923076923076
0 0.3942307692307692 0.43509615384615385 0.014423076923076924 0.014423076923076924