0 0.9014423076923077 0.5444711538461539 0.1875 0.31971153846153844
0 0.78125 0.5192307692307693 0.14423076923076922 0.16826923076923078
0 0.5036057692307693 0.6935096153846154 0.5072115384615384 0.49278846153846156
0 0.5709134615384616 0.45072115384615385 0.23798076923076922 0.18028846153846154
0 0.7247596153846154 0.42788461538461536 0.15625 0.21634615384615385
0 0.2956730769230769 0.4579326923076923 0.052884615384615384 0.055288461538461536
2 0.0985576923076923 0.4735576923076923 0.019230769230769232 0.04807692307692308
2 0.07692307692307693 0.4723557692307692 0.02403846153846154 0.04567307692307692
4 0.1935096153846154 0.46634615384615385 0.01201923076923077 0.04326923076923077
0 0.3233173076923077 0.46274038461538464 0.016826923076923076 0.040865384615384616
0 0.33413461538461536 0.4567307692307692 0.02403846153846154 0.038461538461538464
0 0.36177884615384615 0.4567307692307692 0.03125 0.038461538461538464
0 0.3713942307692308 0.44350961538461536 0.03125 0.026442307692307692
0 0.3942307692307692 0.44471153846153844 0.014423076923076924 0.019230769230769232
0 0.37259615384615385 0.4230769230769231 0.04326923076923077 0.019230769230769232