2 0.14423076923076922 0.47716346153846156 0.038461538461538464 0.06490384615384616
0 0.2956730769230769 0.46033653846153844 0.04807692307692308 0.05048076923076923
0 0.5360576923076923 0.4110576923076923 0.16826923076923078 0.08653846153846154
0 0.6478365384615384 0.40865384615384615 0.0889423076923077 0.09134615384615384
0 0.6911057692307693 0.48677884615384615 0.0889423076923077 0.10336538461538461
0 0.8137019230769231 0.515625 0.14182692307692307 0.24278846153846154
0 0.5 0.7151442307692307 0.5432692307692307 0.53125
0 0.9230769230769231 0.44591346153846156 0.14903846153846154 0.7091346153846154
2 0.09134615384615384 0.4723557692307692 0.02403846153846154 0.05048076923076923
0 0.36658653846153844 0.4266826923076923 0.05048076923076923 0.026442307692307692
0 0.36177884615384615 0.45072115384615385 0.026442307692307692 0.021634615384615384
0 0.36778846153846156 0.4387019230769231 0.03365384615384615 0.021634615384615384
0 0.3245192307692308 0.4567307692307692 0.019230769230769232 0.038461538461538464