0 0.036057692307692304 0.5012019230769231 0.07211538461538461 0.07451923076923077
0 0.2644230769230769 0.47596153846153844 0.04807692307692308 0.0625
0 0.3329326923076923 0.4723557692307692 0.040865384615384616 0.04567307692307692
0 0.5649038461538461 0.43028846153846156 0.052884615384615384 0.057692307692307696
0 0.48677884615384615 0.43149038461538464 0.10817307692307693 0.055288461538461536
0 0.5853365384615384 0.47596153846153844 0.05048076923076923 0.0625
0 0.6502403846153846 0.49038461538461536 0.04567307692307692 0.12980769230769232
0 0.4807692307692308 0.5889423076923077 0.2692307692307692 0.25961538461538464
0 0.8233173076923077 0.41346153846153844 0.3485576923076923 0.5048076923076923
0 0.3401442307692308 0.4375 0.055288461538461536 0.028846153846153848
0 0.29927884615384615 0.46875 0.03125 0.04807692307692308
0 0.3473557692307692 0.4639423076923077 0.036057692307692304 0.04326923076923077