0 0.484375 0.6213942307692307 0.3389423076923077 0.33413461538461536
0 0.5817307692307693 0.4254807692307692 0.057692307692307696 0.0625
0 0.5048076923076923 0.42427884615384615 0.1201923076923077 0.06009615384615385
0 0.6057692307692307 0.47115384615384615 0.057692307692307696 0.0673076923076923
0 0.6778846153846154 0.49278846153846156 0.0625 0.14423076923076922
0 0.8389423076923077 0.39903846153846156 0.3173076923076923 0.6346153846153846
0 0.35096153846153844 0.46634615384615385 0.052884615384615384 0.057692307692307696
0 0.2800480769230769 0.46875 0.04567307692307692 0.052884615384615384
0 0.21875 0.48677884615384615 0.04807692307692308 0.06009615384615385
2 0.06850961538461539 0.4855769230769231 0.021634615384615384 0.052884615384615384
0 0.35096153846153844 0.4326923076923077 0.052884615384615384 0.02403846153846154
0 0.3173076923076923 0.4651442307692308 0.02403846153846154 0.04567307692307692