0 0.8173076923076923 0.41466346153846156 0.36538461538461536 0.37740384615384615
0 0.6274038461538461 0.4651442307692308 0.052884615384615384 0.09375
0 0.5697115384615384 0.4519230769230769 0.028846153846153848 0.038461538461538464
0 0.5168269230769231 0.4579326923076923 0.0673076923076923 0.09375
0 0.037259615384615384 0.49158653846153844 0.07451923076923077 0.11778846153846154
0 0.09735576923076923 0.49038461538461536 0.055288461538461536 0.08173076923076923
0 0.16346153846153846 0.4963942307692308 0.11057692307692307 0.10336538461538461
0 0.21875 0.47596153846153844 0.08653846153846154 0.10576923076923077
0 0.2704326923076923 0.45552884615384615 0.036057692307692304 0.05048076923076923
0 0.30288461538461536 0.4543269230769231 0.038461538461538464 0.038461538461538464
0 0.3245192307692308 0.45072115384615385 0.019230769230769232 0.03125
0 0.27524038461538464 0.41466346153846156 0.0889423076923077 0.040865384615384616
0 0.3401442307692308 0.453125 0.021634615384615384 0.036057692307692304
0 0.3581730769230769 0.4519230769230769 0.02403846153846154 0.03365384615384615
0 0.37740384615384615 0.45072115384615385 0.019230769230769232 0.03125