0 0.03125 0.47115384615384615 0.0625 0.11538461538461539
0 0.09254807692307693 0.47596153846153844 0.08413461538461539 0.08653846153846154
0 0.17548076923076922 0.4723557692307692 0.08173076923076923 0.07932692307692307
0 0.23557692307692307 0.4807692307692308 0.0625 0.0625
0 0.2668269230769231 0.47716346153846156 0.04807692307692308 0.06971153846153846
0 0.2980769230769231 0.45913461538461536 0.03365384615384615 0.03365384615384615
0 0.5865384615384616 0.44350961538461536 0.019230769230769232 0.021634615384615384
0 0.5637019230769231 0.4519230769230769 0.026442307692307692 0.03365384615384615
0 0.6237980769230769 0.46274038461538464 0.06009615384615385 0.08413461538461539
0 0.5144230769230769 0.45552884615384615 0.057692307692307696 0.07932692307692307
0 0.8197115384615384 0.4110576923076923 0.3605769230769231 0.40865384615384615
0 0.19471153846153846 0.4182692307692308 0.12980769230769232 0.0673076923076923
0 0.32572115384615385 0.45552884615384615 0.040865384615384616 0.03125