0 0.08173076923076923 0.5072115384615384 0.16346153846153846 0.10096153846153846
4 0.16466346153846154 0.4699519230769231 0.016826923076923076 0.05048076923076923
0 0.24879807692307693 0.4675480769230769 0.055288461538461536 0.05048076923076923
0 0.9038461538461539 0.4026442307692308 0.1875 0.8052884615384616
0 0.8197115384615384 0.47716346153846156 0.0625 0.08413461538461539
2 0.7283653846153846 0.4675480769230769 0.03365384615384615 0.07451923076923077
0 0.6298076923076923 0.46153846153846156 0.0625 0.07211538461538461
0 0.5661057692307693 0.45072115384615385 0.04567307692307692 0.06009615384615385
4 0.5204326923076923 0.4483173076923077 0.01201923076923077 0.03125
0 0.7944711538461539 0.4338942307692308 0.03125 0.03125
0 0.75 0.4362980769230769 0.028846153846153848 0.026442307692307692
0 0.7079326923076923 0.4375 0.036057692307692304 0.03365384615384615
4 0.36899038461538464 0.4567307692307692 0.01201923076923077 0.028846153846153848
0 0.31971153846153844 0.45072115384615385 0.03365384615384615 0.036057692307692304