0 0.039663461538461536 0.4675480769230769 0.06009615384615385 0.06009615384615385
4 0.0829326923076923 0.4639423076923077 0.016826923076923076 0.052884615384615384
4 0.10216346153846154 0.46274038461538464 0.016826923076923076 0.06009615384615385
4 0.21634615384615385 0.453125 0.019230769230769232 0.040865384615384616
4 0.47836538461538464 0.44591346153846156 0.014423076923076924 0.040865384615384616
0 0.5324519230769231 0.44471153846153844 0.040865384615384616 0.0673076923076923
0 0.5901442307692307 0.43149038461538464 0.040865384615384616 0.06009615384615385
0 0.6153846153846154 0.45552884615384615 0.0673076923076923 0.07932692307692307
0 0.7548076923076923 0.43509615384615385 0.04807692307692308 0.04807692307692308
2 0.8377403846153846 0.47596153846153844 0.040865384615384616 0.10576923076923077
0 0.8112980769230769 0.4375 0.036057692307692304 0.04807692307692308
0 0.8798076923076923 0.4266826923076923 0.04807692307692308 0.040865384615384616
0 0.2764423076923077 0.43990384615384615 0.03365384615384615 0.02403846153846154
0 0.3088942307692308 0.45552884615384615 0.036057692307692304 0.040865384615384616
0 0.3918269230769231 0.4423076923076923 0.019230769230769232 0.02403846153846154
0 0.5588942307692307 0.42908653846153844 0.01201923076923077 0.021634615384615384
2 0.49759615384615385 0.43990384615384615 0.019230769230769232 0.03365384615384615
0 0.1971153846153846 0.45072115384615385 0.038461538461538464 0.04567307692307692