2 0.9002403846153846 0.4891826923076923 0.055288461538461536 0.13701923076923078
0 0.9411057692307693 0.4254807692307692 0.06490384615384616 0.04807692307692308
0 0.8473557692307693 0.43990384615384615 0.06971153846153846 0.07692307692307693
0 0.5901442307692307 0.4567307692307692 0.06971153846153846 0.07692307692307693
4 0.45552884615384615 0.44711538461538464 0.026442307692307692 0.052884615384615384
0 0.5204326923076923 0.44471153846153844 0.04567307692307692 0.0673076923076923
0 0.5973557692307693 0.4266826923076923 0.055288461538461536 0.06490384615384616
2 0.06370192307692307 0.48197115384615385 0.03125 0.06490384615384616
0 0.22596153846153846 0.45552884615384615 0.057692307692307696 0.036057692307692304
4 0.203125 0.4699519230769231 0.021634615384615384 0.05048076923076923
4 0.11538461538461539 0.46634615384615385 0.019230769230769232 0.0625
4 0.6875 0.43028846153846156 0.009615384615384616 0.019230769230769232
4 0.6730769230769231 0.42788461538461536 0.009615384615384616 0.019230769230769232
2 0.48677884615384615 0.4411057692307692 0.021634615384615384 0.040865384615384616
0 0.3605769230769231 0.44591346153846156 0.028846153846153848 0.026442307692307692
0 0.390625 0.44471153846153844 0.026442307692307692 0.02403846153846154
0 0.0985576923076923 0.46033653846153844 0.0625 0.06009615384615385