0 0.040865384615384616 0.4807692307692308 0.08173076923076923 0.07692307692307693
4 0.15144230769230768 0.4699519230769231 0.02403846153846154 0.06009615384615385
0 0.19471153846153846 0.4567307692307692 0.057692307692307696 0.04326923076923077
4 0.4387019230769231 0.4375 0.021634615384615384 0.057692307692307696
0 0.5240384615384616 0.44350961538461536 0.04807692307692308 0.06009615384615385
0 0.5901442307692307 0.4567307692307692 0.07451923076923077 0.08173076923076923
2 0.9711538461538461 0.49759615384615385 0.052884615384615384 0.16346153846153846
0 0.9459134615384616 0.4375 0.09375 0.09615384615384616
0 0.6189903846153846 0.421875 0.05048076923076923 0.07451923076923077
4 0.7127403846153846 0.42908653846153844 0.01201923076923077 0.021634615384615384
0 0.3473557692307692 0.44350961538461536 0.026442307692307692 0.03125
0 0.3737980769230769 0.4423076923076923 0.026442307692307692 0.028846153846153848
2 0.49038461538461536 0.4362980769230769 0.02403846153846154 0.040865384615384616