4 0.021634615384615384 0.4567307692307692 0.014423076923076924 0.04326923076923077
4 0.038461538461538464 0.4495192307692308 0.014423076923076924 0.04326923076923077
4 0.054086538461538464 0.4483173076923077 0.016826923076923076 0.04567307692307692
0 0.2127403846153846 0.4567307692307692 0.0889423076923077 0.07211538461538461
0 0.28365384615384615 0.44711538461538464 0.052884615384615384 0.052884615384615384
0 0.32572115384615385 0.4411057692307692 0.040865384615384616 0.03125
0 0.5504807692307693 0.46153846153846156 0.09615384615384616 0.1201923076923077
4 0.8245192307692307 0.4206730769230769 0.019230769230769232 0.04807692307692308
0 0.5204326923076923 0.44711538461538464 0.040865384615384616 0.09134615384615384
0 0.5060096153846154 0.43990384615384615 0.040865384615384616 0.07692307692307693
2 0.6814903846153846 0.42908653846153844 0.01201923076923077 0.026442307692307692