0 0.5841346153846154 0.45552884615384615 0.04326923076923077 0.04567307692307692
0 0.6442307692307693 0.453125 0.07692307692307693 0.0985576923076923
0 0.5612980769230769 0.4423076923076923 0.016826923076923076 0.02403846153846154
0 0.7427884615384616 0.43990384615384615 0.0625 0.03365384615384615
4 0.6995192307692307 0.44471153846153844 0.014423076923076924 0.038461538461538464
0 0.7980769230769231 0.4483173076923077 0.0625 0.036057692307692304
0 0.8870192307692307 0.4362980769230769 0.07211538461538461 0.05048076923076923
0 0.9399038461538461 0.45072115384615385 0.11057692307692307 0.055288461538461536
0 0.5444711538461539 0.4375 0.016826923076923076 0.019230769230769232
0 0.5168269230769231 0.4411057692307692 0.019230769230769232 0.021634615384615384
4 0.13581730769230768 0.4519230769230769 0.007211538461538462 0.028846153846153848
4 0.14302884615384615 0.45072115384615385 0.01201923076923077 0.040865384615384616
4 0.1622596153846154 0.44471153846153844 0.01201923076923077 0.03365384615384615