0 0.6009615384615384 0.4519230769230769 0.052884615384615384 0.04807692307692308
0 0.5733173076923077 0.4375 0.016826923076923076 0.02403846153846154
0 0.6694711538461539 0.453125 0.08413461538461539 0.10817307692307693
4 0.7355769230769231 0.4411057692307692 0.009615384615384616 0.040865384615384616
0 0.7908653846153846 0.4411057692307692 0.08173076923076923 0.05048076923076923
0 0.8713942307692307 0.4519230769230769 0.08413461538461539 0.04807692307692308
0 0.9170673076923077 0.45072115384615385 0.08413461538461539 0.05048076923076923
0 0.5528846153846154 0.43509615384615385 0.014423076923076924 0.019230769230769232
0 0.5324519230769231 0.4362980769230769 0.016826923076923076 0.021634615384615384
0 0.5204326923076923 0.4362980769230769 0.016826923076923076 0.026442307692307692
0 0.7680288461538461 0.4411057692307692 0.05048076923076923 0.03125
4 0.1346153846153846 0.44350961538461536 0.009615384615384616 0.036057692307692304