0 0.8401442307692307 0.4831730769230769 0.1466346153846154 0.10576923076923077
4 0.7151442307692307 0.44591346153846156 0.016826923076923076 0.05048076923076923
4 0.7019230769230769 0.43990384615384615 0.014423076923076924 0.028846153846153848
0 0.671875 0.453125 0.06009615384615385 0.055288461538461536
0 0.5889423076923077 0.44711538461538464 0.052884615384615384 0.0673076923076923
0 0.5036057692307693 0.45552884615384615 0.05048076923076923 0.055288461538461536
2 0.3918269230769231 0.4495192307692308 0.038461538461538464 0.04807692307692308
0 0.45072115384615385 0.44471153846153844 0.07932692307692307 0.038461538461538464
0 0.33413461538461536 0.45072115384615385 0.08173076923076923 0.036057692307692304
0 0.1502403846153846 0.46153846153846156 0.055288461538461536 0.04807692307692308
0 0.039663461538461536 0.4675480769230769 0.040865384615384616 0.040865384615384616
2 0.19230769230769232 0.4543269230769231 0.019230769230769232 0.038461538461538464
0 0.8822115384615384 0.4170673076923077 0.07692307692307693 0.026442307692307692