0 0.9411057692307693 0.5072115384615384 0.11778846153846154 0.16346153846153846
0 0.7848557692307693 0.4651442307692308 0.11778846153846154 0.09375
0 0.9014423076923077 0.421875 0.057692307692307696 0.036057692307692304
0 0.8353365384615384 0.4254807692307692 0.040865384615384616 0.03365384615384615
4 0.7079326923076923 0.4519230769230769 0.026442307692307692 0.07211538461538461
0 0.6358173076923077 0.4519230769230769 0.0985576923076923 0.11538461538461539
0 0.6189903846153846 0.43028846153846156 0.14182692307692307 0.07692307692307693
0 0.49158653846153844 0.46875 0.09375 0.09134615384615384
0 0.5384615384615384 0.4254807692307692 0.02403846153846154 0.028846153846153848
2 0.40625 0.44591346153846156 0.04326923076923077 0.055288461538461536
0 0.38341346153846156 0.43028846153846156 0.026442307692307692 0.028846153846153848
0 0.1778846153846154 0.44350961538461536 0.04807692307692308 0.055288461538461536
0 0.2548076923076923 0.40384615384615385 0.07211538461538461 0.03365384615384615
0 0.24158653846153846 0.44471153846153844 0.04567307692307692 0.04807692307692308
0 0.30528846153846156 0.44591346153846156 0.038461538461538464 0.04567307692307692
0 0.33533653846153844 0.43990384615384615 0.036057692307692304 0.04326923076923077
0 0.27283653846153844 0.4387019230769231 0.03125 0.04567307692307692