0 0.5408653846153846 0.4338942307692308 0.028846153846153848 0.03125
0 0.4675480769230769 0.4338942307692308 0.13221153846153846 0.040865384615384616
0 0.8834134615384616 0.5697115384615384 0.2283653846153846 0.5192307692307693
0 0.40625 0.6598557692307693 0.4375 0.4543269230769231
0 0.2956730769230769 0.43990384615384615 0.04807692307692308 0.038461538461538464
0 0.2403846153846154 0.45552884615384615 0.0673076923076923 0.06490384615384616
0 0.19110576923076922 0.45552884615384615 0.055288461538461536 0.07451923076923077
0 0.14182692307692307 0.4567307692307692 0.052884615384615384 0.0673076923076923
0 0.08173076923076923 0.4639423076923077 0.08173076923076923 0.07211538461538461
0 0.1502403846153846 0.4098557692307692 0.10336538461538461 0.05048076923076923
0 0.020432692307692308 0.4639423076923077 0.040865384615384616 0.08653846153846154
4 0.036057692307692304 0.5288461538461539 0.057692307692307696 0.16826923076923078
4 0.1658653846153846 0.5180288461538461 0.08653846153846154 0.18028846153846154
5 0.8426201923076923 0.2051923076923077 0.04581730769230769 0.05300480769230769
5 0.6016586538461538 0.2158173076923077 0.04064903846153846 0.05420673076923077
3 0.6605528846153846 0.2148076923076923 0.03822115384615385 0.08826923076923077
3 0.5672115384615385 0.21740384615384614 0.019807692307692307 0.0734375
3 0.4650480769230769 0.21199519230769232 0.031850961538461536 0.07463942307692308
1 0.6619471153846154 0.49449519230769234 0.20528846153846156 0.07072115384615385
1 0.6853846153846154 0.5828605769230769 0.16802884615384617 0.09920673076923078
1 0.09987980769230768 0.5890625 0.17894230769230768 0.08358173076923078