0 0.3269230769230769 0.43509615384615385 0.03365384615384615 0.038461538461538464
0 0.25961538461538464 0.44350961538461536 0.04326923076923077 0.04567307692307692
0 0.2536057692307692 0.45072115384615385 0.055288461538461536 0.05048076923076923
0 0.19951923076923078 0.4206730769230769 0.038461538461538464 0.019230769230769232
0 0.20432692307692307 0.45552884615384615 0.07211538461538461 0.05048076923076923
0 0.16346153846153846 0.44711538461538464 0.052884615384615384 0.0673076923076923
0 0.1141826923076923 0.453125 0.07451923076923077 0.06009615384615385
0 0.03245192307692308 0.45072115384615385 0.06490384615384616 0.06971153846153846
0 0.16346153846153846 0.40384615384615385 0.10096153846153846 0.04326923076923077
4 0.5769230769230769 0.4891826923076923 0.04326923076923077 0.15144230769230768
0 0.8461538461538461 0.5144230769230769 0.3076923076923077 0.34134615384615385
0 0.5697115384615384 0.46033653846153844 0.17307692307692307 0.11778846153846154
0 0.4375 0.5733173076923077 0.2548076923076923 0.29086538461538464