0 0.5276442307692307 0.4326923076923077 0.026442307692307692 0.02403846153846154
0 0.5757211538461539 0.4411057692307692 0.05048076923076923 0.06009615384615385
0 0.019230769230769232 0.46153846153846156 0.03365384615384615 0.08653846153846154
0 0.2860576923076923 0.44471153846153844 0.04807692307692308 0.052884615384615384
0 0.2512019230769231 0.4495192307692308 0.040865384615384616 0.052884615384615384
0 0.23557692307692307 0.45552884615384615 0.052884615384615384 0.06009615384615385
0 0.18509615384615385 0.42427884615384615 0.04326923076923077 0.021634615384615384
0 0.18269230769230768 0.46634615384615385 0.07692307692307693 0.0625
0 0.14182692307692307 0.4543269230769231 0.057692307692307696 0.07211538461538461
0 0.08052884615384616 0.46274038461538464 0.08413461538461539 0.07932692307692307
0 0.15264423076923078 0.4050480769230769 0.10336538461538461 0.05048076923076923
0 0.40384615384615385 0.6634615384615384 0.4375 0.4567307692307692
0 0.8858173076923077 0.5673076923076923 0.22355769230769232 0.5144230769230769