0 0.8834134615384616 0.5637019230769231 0.22355769230769232 0.5120192307692307
0 0.4050480769230769 0.6634615384615384 0.43509615384615385 0.44711538461538464
0 0.5841346153846154 0.44471153846153844 0.057692307692307696 0.0625
0 0.53125 0.4326923076923077 0.02403846153846154 0.02403846153846154
0 0.2860576923076923 0.44591346153846156 0.04807692307692308 0.05048076923076923
0 0.25240384615384615 0.45072115384615385 0.038461538461538464 0.055288461538461536
0 0.23557692307692307 0.4567307692307692 0.057692307692307696 0.057692307692307696
0 0.18629807692307693 0.42427884615384615 0.040865384615384616 0.016826923076923076
0 0.1814903846153846 0.4651442307692308 0.07932692307692307 0.06490384615384616
0 0.14423076923076922 0.453125 0.052884615384615384 0.06971153846153846
0 0.07932692307692307 0.4651442307692308 0.08653846153846154 0.08413461538461539
0 0.016826923076923076 0.46033653846153844 0.03365384615384615 0.08413461538461539
0 0.15384615384615385 0.4050480769230769 0.10096153846153846 0.05048076923076923