0 0.016826923076923076 0.45913461538461536 0.03365384615384615 0.08653846153846154
0 0.1502403846153846 0.4014423076923077 0.10336538461538461 0.04326923076923077
0 0.2848557692307692 0.44591346153846156 0.05048076923076923 0.055288461538461536
0 0.25 0.4483173076923077 0.04326923076923077 0.055288461538461536
0 0.23317307692307693 0.4567307692307692 0.052884615384615384 0.0625
0 0.18509615384615385 0.4230769230769231 0.04807692307692308 0.019230769230769232
0 0.18269230769230768 0.4639423076923077 0.07692307692307693 0.0625
0 0.13942307692307693 0.4519230769230769 0.057692307692307696 0.07211538461538461
0 0.078125 0.46153846153846156 0.0889423076923077 0.07211538461538461
0 0.5420673076923077 0.43149038461538464 0.03125 0.03125
0 0.4026442307692308 0.6634615384615384 0.43509615384615385 0.4519230769230769
0 0.8858173076923077 0.5697115384615384 0.2283653846153846 0.5192307692307693
0 0.3605769230769231 0.42908653846153844 0.02403846153846154 0.016826923076923076
0 0.5168269230769231 0.4254807692307692 0.019230769230769232 0.019230769230769232
0 0.49278846153846156 0.421875 0.014423076923076924 0.021634615384615384