0 0.5685096153846154 0.4411057692307692 0.05048076923076923 0.055288461538461536
0 0.8822115384615384 0.5661057692307693 0.23076923076923078 0.5120192307692307
0 0.4050480769230769 0.6586538461538461 0.43509615384615385 0.4519230769230769
0 0.2860576923076923 0.44591346153846156 0.04807692307692308 0.05048076923076923
0 0.2536057692307692 0.45072115384615385 0.036057692307692304 0.06009615384615385
0 0.23557692307692307 0.45552884615384615 0.052884615384615384 0.055288461538461536
0 0.18629807692307693 0.4254807692307692 0.04567307692307692 0.019230769230769232
0 0.1814903846153846 0.4675480769230769 0.07932692307692307 0.06490384615384616
0 0.140625 0.4519230769230769 0.055288461538461536 0.0673076923076923
0 0.08173076923076923 0.4675480769230769 0.08653846153846154 0.08413461538461539
0 0.016826923076923076 0.46274038461538464 0.03365384615384615 0.08413461538461539
0 0.15264423076923078 0.4098557692307692 0.10336538461538461 0.055288461538461536
0 0.5252403846153846 0.42908653846153844 0.021634615384615384 0.026442307692307692