0 0.1502403846153846 0.4026442307692308 0.10336538461538461 0.040865384615384616
0 0.016826923076923076 0.46033653846153844 0.03365384615384615 0.08413461538461539
0 0.33413461538461536 0.4326923076923077 0.028846153846153848 0.02403846153846154
0 0.28725961538461536 0.44711538461538464 0.04567307692307692 0.052884615384615384
0 0.2512019230769231 0.45072115384615385 0.04567307692307692 0.055288461538461536
0 0.23076923076923078 0.45552884615384615 0.04807692307692308 0.06009615384615385
0 0.1875 0.4230769230769231 0.04326923076923077 0.019230769230769232
0 0.1814903846153846 0.46274038461538464 0.07932692307692307 0.06490384615384616
0 0.140625 0.4519230769230769 0.06009615384615385 0.0673076923076923
0 0.078125 0.4639423076923077 0.0889423076923077 0.07692307692307693
0 0.4050480769230769 0.6622596153846154 0.43509615384615385 0.4495192307692308
0 0.8846153846153846 0.5709134615384616 0.22596153846153846 0.5216346153846154
0 0.5300480769230769 0.43149038461538464 0.026442307692307692 0.03125
0 0.515625 0.42427884615384615 0.01201923076923077 0.01201923076923077
0 0.49399038461538464 0.4230769230769231 0.016826923076923076 0.02403846153846154
4 0.7163461538461539 0.421875 0.009615384615384616 0.03125