0 0.5372596153846154 0.4326923076923077 0.026442307692307692 0.03365384615384615
0 0.8822115384615384 0.5649038461538461 0.22596153846153846 0.5096153846153846
0 0.40625 0.6610576923076923 0.4375 0.44711538461538464
0 0.018028846153846152 0.46274038461538464 0.036057692307692304 0.0889423076923077
0 0.07932692307692307 0.46274038461538464 0.08653846153846154 0.07932692307692307
0 0.140625 0.453125 0.055288461538461536 0.06971153846153846
0 0.35096153846153844 0.43149038461538464 0.02403846153846154 0.021634615384615384
0 0.2860576923076923 0.44591346153846156 0.04807692307692308 0.05048076923076923
0 0.2512019230769231 0.4495192307692308 0.040865384615384616 0.057692307692307696
0 0.234375 0.453125 0.055288461538461536 0.055288461538461536
0 0.18269230769230768 0.46274038461538464 0.07692307692307693 0.06490384615384616
0 0.18629807692307693 0.4254807692307692 0.04567307692307692 0.019230769230769232
0 0.1502403846153846 0.4050480769230769 0.10336538461538461 0.05048076923076923
0 0.5168269230769231 0.4254807692307692 0.019230769230769232 0.019230769230769232
0 0.49278846153846156 0.4206730769230769 0.014423076923076924 0.02403846153846154
4 0.7127403846153846 0.4182692307692308 0.007211538461538462 0.02403846153846154