0 0.8834134615384616 0.5649038461538461 0.23317307692307693 0.5
0 0.40384615384615385 0.6730769230769231 0.44711538461538464 0.46153846153846156
0 0.07692307692307693 0.46634615384615385 0.08653846153846154 0.07692307692307693
0 0.13942307692307693 0.45913461538461536 0.057692307692307696 0.07211538461538461
0 0.15144230769230768 0.4098557692307692 0.10576923076923077 0.05048076923076923
0 0.1778846153846154 0.46875 0.07692307692307693 0.0673076923076923
0 0.23076923076923078 0.46033653846153844 0.052884615384615384 0.055288461538461536
0 0.2704326923076923 0.4543269230769231 0.07932692307692307 0.057692307692307696
0 0.18389423076923078 0.42908653846153844 0.040865384615384616 0.021634615384615384
0 0.014423076923076924 0.4651442307692308 0.028846153846153848 0.08413461538461539
0 0.5180288461538461 0.43028846153846156 0.016826923076923076 0.019230769230769232
0 0.4951923076923077 0.4254807692307692 0.014423076923076924 0.02403846153846154
0 0.3605769230769231 0.4375 0.028846153846153848 0.02403846153846154
4 0.7367788461538461 0.4254807692307692 0.01201923076923077 0.03365384615384615