0 0.8966346153846154 0.47596153846153844 0.1346153846153846 0.14423076923076922
0 0.6935096153846154 0.4723557692307692 0.11298076923076923 0.11778846153846154
0 0.640625 0.45552884615384615 0.06009615384615385 0.07451923076923077
0 0.5649038461538461 0.44350961538461536 0.03365384615384615 0.040865384615384616
4 0.7764423076923077 0.43990384615384615 0.014423076923076924 0.04807692307692308
4 0.8064903846153846 0.4423076923076923 0.01201923076923077 0.04807692307692308
0 0.3233173076923077 0.45552884615384615 0.055288461538461536 0.04567307692307692
0 0.25721153846153844 0.4543269230769231 0.038461538461538464 0.04807692307692308
0 0.21875 0.4567307692307692 0.028846153846153848 0.038461538461538464
0 0.5168269230769231 0.43990384615384615 0.019230769230769232 0.02403846153846154
0 0.49278846153846156 0.43509615384615385 0.02403846153846154 0.04807692307692308
0 0.5456730769230769 0.43990384615384615 0.014423076923076924 0.02403846153846154
0 0.5360576923076923 0.4375 0.009615384615384616 0.02403846153846154
4 0.1466346153846154 0.44471153846153844 0.009615384615384616 0.014423076923076924
0 0.15384615384615385 0.4519230769230769 0.028846153846153848 0.02403846153846154
0 0.02283653846153846 0.47716346153846156 0.04567307692307692 0.06490384615384616
1 0.5369471153846154 0.4968990384615385 0.16365384615384615 0.043485576923076925