0 0.8653846153846154 0.46033653846153844 0.09134615384615384 0.06971153846153846
0 0.7800480769230769 0.45072115384615385 0.06009615384615385 0.055288461538461536
0 0.6334134615384616 0.4387019230769231 0.026442307692307692 0.040865384615384616
0 0.5985576923076923 0.44350961538461536 0.057692307692307696 0.06490384615384616
0 0.5120192307692307 0.4326923076923077 0.038461538461538464 0.04807692307692308
0 0.5661057692307693 0.4411057692307692 0.026442307692307692 0.04567307692307692
0 0.9879807692307693 0.4855769230769231 0.02403846153846154 0.09615384615384616
4 0.18870192307692307 0.4338942307692308 0.007211538461538462 0.026442307692307692
4 0.22596153846153846 0.43509615384615385 0.009615384615384616 0.028846153846153848
4 0.25721153846153844 0.43149038461538464 0.004807692307692308 0.026442307692307692
0 0.453125 0.43149038461538464 0.026442307692307692 0.026442307692307692
0 0.38461538461538464 0.43149038461538464 0.02403846153846154 0.03125
0 0.4026442307692308 0.43149038461538464 0.016826923076923076 0.021634615384615384