0 0.953125 0.4831730769230769 0.0889423076923077 0.15384615384615385
0 0.9170673076923077 0.46153846153846156 0.06490384615384616 0.10096153846153846
0 0.8269230769230769 0.4567307692307692 0.07692307692307693 0.0625
0 0.7608173076923077 0.4483173076923077 0.055288461538461536 0.05048076923076923
0 0.5913461538461539 0.43990384615384615 0.04807692307692308 0.057692307692307696
0 0.6225961538461539 0.43990384615384615 0.019230769230769232 0.03365384615384615
0 0.5625 0.4387019230769231 0.028846153846153848 0.040865384615384616
0 0.5108173076923077 0.43509615384615385 0.036057692307692304 0.04326923076923077
0 0.2247596153846154 0.43028846153846156 0.11778846153846154 0.052884615384615384
0 0.39302884615384615 0.4326923076923077 0.021634615384615384 0.02403846153846154
0 0.4519230769230769 0.4326923076923077 0.02403846153846154 0.02403846153846154