0 0.8966346153846154 0.5564903846153846 0.20673076923076922 0.4879807692307692
0 0.765625 0.515625 0.17548076923076922 0.18990384615384615
0 0.7079326923076923 0.47115384615384615 0.13701923076923078 0.14903846153846154
0 0.5036057692307693 0.4519230769230769 0.15625 0.19230769230769232
0 0.40625 0.43028846153846156 0.038461538461538464 0.038461538461538464
0 0.5949519230769231 0.42788461538461536 0.026442307692307692 0.028846153846153848
2 0.31009615384615385 0.4483173076923077 0.0625 0.07451923076923077
0 0.1814903846153846 0.4483173076923077 0.1466346153846154 0.055288461538461536
0 0.31850961538461536 0.4326923076923077 0.026442307692307692 0.028846153846153848
0 0.2800480769230769 0.43509615384615385 0.03125 0.04326923076923077
4 0.021634615384615384 0.4411057692307692 0.014423076923076924 0.040865384615384616
4 0.1346153846153846 0.42427884615384615 0.004807692307692308 0.016826923076923076
4 0.19110576923076922 0.41947115384615385 0.01201923076923077 0.01201923076923077