0 0.9375 0.5793269230769231 0.1201923076923077 0.3317307692307692
0 0.8293269230769231 0.44350961538461536 0.17307692307692307 0.06490384615384616
0 0.7403846153846154 0.43028846153846156 0.11057692307692307 0.038461538461538464
0 0.5012019230769231 0.5697115384615384 0.6754807692307693 0.6442307692307693
0 0.08173076923076923 0.65625 0.16346153846153846 0.40865384615384615
0 0.13822115384615385 0.45072115384615385 0.11778846153846154 0.06009615384615385
4 0.052884615384615384 0.44711538461538464 0.014423076923076924 0.04326923076923077
2 0.9387019230769231 0.4375 0.07451923076923077 0.0673076923076923
0 0.27283653846153844 0.4375 0.0889423076923077 0.02403846153846154
0 0.021634615384615384 0.4423076923076923 0.04326923076923077 0.038461538461538464
0 0.23798076923076922 0.42427884615384615 0.10096153846153846 0.026442307692307692