0 0.9302884615384616 0.5925480769230769 0.13942307692307693 0.41586538461538464
0 0.828125 0.4411057692307692 0.17067307692307693 0.06490384615384616
0 0.7415865384615384 0.42908653846153844 0.10817307692307693 0.036057692307692304
0 0.4987980769230769 0.5673076923076923 0.6754807692307693 0.6442307692307693
0 0.07932692307692307 0.6538461538461539 0.15865384615384615 0.40865384615384615
0 0.3016826923076923 0.42788461538461536 0.026442307692307692 0.028846153846153848
0 0.23918269230769232 0.4326923076923077 0.04567307692307692 0.03365384615384615
0 0.1971153846153846 0.4338942307692308 0.03365384615384615 0.026442307692307692
4 0.054086538461538464 0.44591346153846156 0.016826923076923076 0.040865384615384616
2 0.13822115384615385 0.49278846153846156 0.07932692307692307 0.15384615384615385
2 0.9326923076923077 0.43149038461538464 0.0625 0.06971153846153846