0 0.9278846153846154 0.5913461538461539 0.13942307692307693 0.4182692307692308
0 0.8317307692307693 0.4423076923076923 0.1778846153846154 0.0673076923076923
0 0.75 0.43028846153846156 0.08653846153846154 0.03365384615384615
0 0.5012019230769231 0.5649038461538461 0.6754807692307693 0.6394230769230769
0 0.08052884615384616 0.65625 0.16105769230769232 0.40384615384615385
0 0.3004807692307692 0.43028846153846156 0.028846153846153848 0.03365384615384615
0 0.24158653846153846 0.43149038461538464 0.05048076923076923 0.03125
0 0.14903846153846154 0.4423076923076923 0.057692307692307696 0.052884615384615384
4 0.055288461538461536 0.4411057692307692 0.014423076923076924 0.036057692307692304
0 0.18990384615384615 0.4375 0.028846153846153848 0.028846153846153848
2 0.9302884615384616 0.43149038461538464 0.057692307692307696 0.06971153846153846
0 0.02403846153846154 0.4483173076923077 0.04807692307692308 0.040865384615384616
0 0.2704326923076923 0.4387019230769231 0.021634615384615384 0.03125
0 0.7175480769230769 0.40024038461538464 0.055288461538461536 0.08413461538461539