0 0.9302884615384616 0.5913461538461539 0.13942307692307693 0.41346153846153844
0 0.8293269230769231 0.4423076923076923 0.16826923076923078 0.0673076923076923
0 0.7427884615384616 0.42788461538461536 0.11057692307692307 0.03365384615384615
0 0.5 0.5673076923076923 0.6778846153846154 0.6442307692307693
0 0.08052884615384616 0.6574519230769231 0.16105769230769232 0.40625
0 0.3004807692307692 0.43028846153846156 0.028846153846153848 0.03365384615384615
0 0.2403846153846154 0.43149038461538464 0.04807692307692308 0.036057692307692304
0 0.06129807692307692 0.42427884615384615 0.12259615384615384 0.10817307692307693
0 0.13701923076923078 0.44471153846153844 0.028846153846153848 0.04807692307692308
0 0.17067307692307693 0.44471153846153844 0.038461538461538464 0.04326923076923077
2 0.9302884615384616 0.43149038461538464 0.0625 0.06971153846153846
0 0.2668269230769231 0.43509615384615385 0.02403846153846154 0.02403846153846154