0 0.9278846153846154 0.5913461538461539 0.13942307692307693 0.4182692307692308
0 0.8689903846153846 0.43990384615384615 0.15144230769230768 0.08173076923076923
0 0.7391826923076923 0.42788461538461536 0.10817307692307693 0.03365384615384615
0 0.5 0.5637019230769231 0.6778846153846154 0.6466346153846154
0 0.08173076923076923 0.65625 0.16346153846153846 0.40865384615384615
0 0.07572115384615384 0.45552884615384615 0.15144230769230768 0.07451923076923077
0 0.3016826923076923 0.43028846153846156 0.026442307692307692 0.03365384615384615
0 0.23918269230769232 0.43149038461538464 0.04567307692307692 0.03125
0 0.27403846153846156 0.43509615384615385 0.02403846153846154 0.02403846153846154
0 0.12740384615384615 0.44471153846153844 0.09134615384615384 0.052884615384615384
2 0.9350961538461539 0.4182692307692308 0.057692307692307696 0.04807692307692308