0 0.9302884615384616 0.5925480769230769 0.13942307692307693 0.41586538461538464
0 0.8305288461538461 0.44471153846153844 0.17067307692307693 0.0673076923076923
0 0.7403846153846154 0.42788461538461536 0.10576923076923077 0.03365384615384615
0 0.4987980769230769 0.5649038461538461 0.6754807692307693 0.6442307692307693
0 0.08052884615384616 0.6574519230769231 0.16105769230769232 0.40625
0 0.23197115384615385 0.43028846153846156 0.03125 0.028846153846153848
0 0.13701923076923078 0.44591346153846156 0.125 0.055288461538461536
4 0.055288461538461536 0.4411057692307692 0.014423076923076924 0.03125
0 0.021634615384615384 0.4411057692307692 0.04326923076923077 0.040865384615384616
0 0.296875 0.39903846153846156 0.0985576923076923 0.09615384615384616
2 0.9266826923076923 0.42908653846153844 0.07451923076923077 0.06490384615384616