0 0.9278846153846154 0.5949519230769231 0.13942307692307693 0.4254807692307692
0 0.8293269230769231 0.44350961538461536 0.1778846153846154 0.06490384615384616
0 0.7403846153846154 0.42788461538461536 0.11057692307692307 0.03365384615384615
0 0.4987980769230769 0.5649038461538461 0.6802884615384616 0.6394230769230769
0 0.08052884615384616 0.6550480769230769 0.16105769230769232 0.4110576923076923
0 0.3004807692307692 0.43028846153846156 0.028846153846153848 0.03365384615384615
0 0.23798076923076922 0.43149038461538464 0.04807692307692308 0.03125
0 0.054086538461538464 0.4519230769230769 0.08413461538461539 0.052884615384615384
2 0.9302884615384616 0.4338942307692308 0.0625 0.06490384615384616
0 0.2704326923076923 0.4362980769230769 0.026442307692307692 0.03125
0 0.02283653846153846 0.4483173076923077 0.04567307692307692 0.036057692307692304