0 0.9266826923076923 0.59375 0.1466346153846154 0.42788461538461536
4 0.9423076923076923 0.41947115384615385 0.014423076923076924 0.036057692307692304
0 0.4987980769230769 0.5649038461538461 0.6754807692307693 0.6394230769230769
0 0.08173076923076923 0.65625 0.16346153846153846 0.41346153846153844
0 0.7403846153846154 0.4182692307692308 0.10576923076923077 0.052884615384615384
2 0.8052884615384616 0.42908653846153844 0.02403846153846154 0.036057692307692304
0 0.30528846153846156 0.43028846153846156 0.02403846153846154 0.03365384615384615
0 0.20673076923076922 0.47716346153846156 0.19230769230769232 0.10336538461538461
4 0.054086538461538464 0.44471153846153844 0.016826923076923076 0.04326923076923077
2 0.0829326923076923 0.4495192307692308 0.016826923076923076 0.038461538461538464
4 0.13581730769230768 0.4362980769230769 0.01201923076923077 0.036057692307692304