0 0.9254807692307693 0.5925480769230769 0.14423076923076922 0.43028846153846156
0 0.5012019230769231 0.5649038461538461 0.6754807692307693 0.6442307692307693
4 0.9278846153846154 0.43028846153846156 0.014423076923076924 0.057692307692307696
4 0.890625 0.4411057692307692 0.04567307692307692 0.055288461538461536
0 0.08173076923076923 0.6586538461538461 0.16346153846153846 0.40384615384615385
0 0.07572115384615384 0.4807692307692308 0.15144230769230768 0.11057692307692307
0 0.23798076923076922 0.43149038461538464 0.04807692307692308 0.03125
4 0.1346153846153846 0.43028846153846156 0.014423076923076924 0.02403846153846154
2 0.8617788461538461 0.43509615384615385 0.04567307692307692 0.057692307692307696
0 0.27283653846153844 0.43509615384615385 0.026442307692307692 0.02403846153846154
0 0.3016826923076923 0.42788461538461536 0.026442307692307692 0.038461538461538464
2 0.30408653846153844 0.43028846153846156 0.021634615384615384 0.038461538461538464