0 0.9266826923076923 0.5961538461538461 0.14182692307692307 0.4326923076923077
0 0.9230769230769231 0.43509615384615385 0.10576923076923077 0.08653846153846154
0 0.7403846153846154 0.43149038461538464 0.11538461538461539 0.03125
0 0.5 0.5637019230769231 0.6778846153846154 0.6418269230769231
0 0.07932692307692307 0.65625 0.15865384615384615 0.41346153846153844
0 0.3004807692307692 0.43028846153846156 0.028846153846153848 0.038461538461538464
0 0.23918269230769232 0.43149038461538464 0.04567307692307692 0.03125
4 0.1346153846153846 0.43990384615384615 0.014423076923076924 0.04807692307692308
4 0.054086538461538464 0.44591346153846156 0.021634615384615384 0.05048076923076923
2 0.08173076923076923 0.4483173076923077 0.019230769230769232 0.04567307692307692
0 0.2668269230769231 0.4362980769230769 0.019230769230769232 0.021634615384615384