0 0.9278846153846154 0.5961538461538461 0.14423076923076922 0.42788461538461536
0 0.8774038461538461 0.44591346153846156 0.12980769230769232 0.07451923076923077
4 0.9459134615384616 0.41346153846153844 0.01201923076923077 0.019230769230769232
0 0.5 0.5637019230769231 0.6778846153846154 0.6466346153846154
0 0.08173076923076923 0.6574519230769231 0.16346153846153846 0.4110576923076923
0 0.3004807692307692 0.43149038461538464 0.028846153846153848 0.036057692307692304
0 0.23798076923076922 0.43149038461538464 0.04807692307692308 0.03125
0 0.11057692307692307 0.46634615384615385 0.14423076923076922 0.09134615384615384
0 0.2704326923076923 0.43509615384615385 0.03125 0.02403846153846154
0 0.042067307692307696 0.43028846153846156 0.08413461538461539 0.057692307692307696
4 0.13701923076923078 0.4206730769230769 0.009615384615384616 0.009615384615384616
0 0.019230769230769232 0.44471153846153844 0.038461538461538464 0.028846153846153848