0 0.9290865384615384 0.5925480769230769 0.14182692307692307 0.43028846153846156
4 0.9110576923076923 0.4326923076923077 0.009615384615384616 0.052884615384615384
0 0.5012019230769231 0.5637019230769231 0.6754807692307693 0.6466346153846154
0 0.08173076923076923 0.6586538461538461 0.16346153846153846 0.40865384615384615
0 0.20552884615384615 0.49278846153846156 0.18028846153846154 0.12980769230769232
0 0.2127403846153846 0.45552884615384615 0.2091346153846154 0.12259615384615384
4 0.04927884615384615 0.44591346153846156 0.016826923076923076 0.04567307692307692
2 0.08173076923076923 0.45072115384615385 0.019230769230769232 0.04567307692307692
2 0.7536057692307693 0.4266826923076923 0.04567307692307692 0.036057692307692304
2 0.8509615384615384 0.43509615384615385 0.03365384615384615 0.052884615384615384
2 0.1346153846153846 0.43028846153846156 0.02403846153846154 0.03365384615384615