2 0.027644230769230768 0.4723557692307692 0.021634615384615384 0.055288461538461536
0 0.055288461538461536 0.703125 0.11057692307692307 0.29086538461538464
0 0.17427884615384615 0.4675480769230769 0.021634615384615384 0.05048076923076923
0 0.21394230769230768 0.4651442307692308 0.057692307692307696 0.055288461538461536
0 0.27163461538461536 0.46634615384615385 0.057692307692307696 0.0625
0 0.3112980769230769 0.46274038461538464 0.03125 0.055288461538461536
0 0.33774038461538464 0.4519230769230769 0.021634615384615384 0.02403846153846154
0 0.5264423076923077 0.5372596153846154 0.44711538461538464 0.46875
4 0.9026442307692307 0.4519230769230769 0.01201923076923077 0.052884615384615384
0 0.9266826923076923 0.6165865384615384 0.1466346153846154 0.4110576923076923
0 0.75 0.4579326923076923 0.014423076923076924 0.04567307692307692
4 0.14182692307692307 0.4543269230769231 0.009615384615384616 0.02403846153846154