0 0.06971153846153846 0.6586538461538461 0.13942307692307693 0.34615384615384615
2 0.02403846153846154 0.484375 0.04807692307692308 0.09375
2 0.0625 0.4675480769230769 0.019230769230769232 0.05048076923076923
0 0.2283653846153846 0.46033653846153844 0.057692307692307696 0.055288461538461536
0 0.28725961538461536 0.46153846153846156 0.040865384615384616 0.0625
0 0.35216346153846156 0.44591346153846156 0.03125 0.021634615384615384
0 0.32091346153846156 0.44471153846153844 0.03125 0.02403846153846154
2 0.7572115384615384 0.45552884615384615 0.019230769230769232 0.05048076923076923
0 0.9278846153846154 0.6153846153846154 0.13942307692307693 0.4230769230769231
0 0.5144230769230769 0.5336538461538461 0.4519230769230769 0.47596153846153844
4 0.8870192307692307 0.4483173076923077 0.009615384615384616 0.05048076923076923
4 0.14423076923076922 0.4483173076923077 0.009615384615384616 0.026442307692307692