0 0.19471153846153846 0.4879807692307692 0.2980769230769231 0.27403846153846156
0 0.3701923076923077 0.453125 0.04326923076923077 0.06490384615384616
0 0.5384615384615384 0.4362980769230769 0.014423076923076924 0.026442307692307692
0 0.515625 0.4362980769230769 0.026442307692307692 0.03125
0 0.8257211538461539 0.4326923076923077 0.036057692307692304 0.02403846153846154
2 0.4519230769230769 0.4375 0.014423076923076924 0.02403846153846154
0 0.859375 0.4495192307692308 0.10817307692307693 0.0625
0 0.41586538461538464 0.4387019230769231 0.014423076923076924 0.01201923076923077
0 0.42908653846153844 0.4338942307692308 0.01201923076923077 0.01201923076923077
0 0.46875 0.43509615384615385 0.014423076923076924 0.014423076923076924
4 0.4855769230769231 0.4375 0.004807692307692308 0.014423076923076924
0 0.05401442307692307 0.4566346153846154 0.10723557692307692 0.17528846153846153