0 0.5108173076923077 0.4338942307692308 0.036057692307692304 0.06009615384615385
0 0.453125 0.4423076923076923 0.036057692307692304 0.04326923076923077
2 0.5769230769230769 0.43509615384615385 0.014423076923076924 0.02403846153846154
0 0.39903846153846156 0.43990384615384615 0.04807692307692308 0.028846153846153848
0 0.5925480769230769 0.4387019230769231 0.016826923076923076 0.026442307692307692
4 0.16105769230769232 0.4519230769230769 0.014423076923076924 0.03365384615384615
4 0.18990384615384615 0.4495192307692308 0.014423076923076924 0.028846153846153848
4 0.2091346153846154 0.44591346153846156 0.009615384615384616 0.021634615384615384
4 0.21875 0.44591346153846156 0.009615384615384616 0.021634615384615384
0 0.23918269230769232 0.44471153846153844 0.036057692307692304 0.02403846153846154
0 0.2776442307692308 0.4423076923076923 0.036057692307692304 0.02403846153846154
4 0.31971153846153844 0.4375 0.038461538461538464 0.02403846153846154