0 0.375 0.44471153846153844 0.038461538461538464 0.03365384615384615
0 0.4362980769230769 0.4423076923076923 0.040865384615384616 0.04326923076923077
0 0.5036057692307693 0.4362980769230769 0.036057692307692304 0.07451923076923077
2 0.578125 0.43990384615384615 0.01201923076923077 0.03365384615384615
0 0.11899038461538461 0.4519230769230769 0.05048076923076923 0.038461538461538464
0 0.16706730769230768 0.44471153846153844 0.04567307692307692 0.038461538461538464
0 0.21995192307692307 0.44591346153846156 0.036057692307692304 0.026442307692307692
0 0.2536057692307692 0.44471153846153844 0.021634615384615384 0.03365384615384615
0 0.30649038461538464 0.4411057692307692 0.016826923076923076 0.026442307692307692
0 0.3269230769230769 0.44471153846153844 0.019230769230769232 0.038461538461538464
0 0.34375 0.44350961538461536 0.019230769230769232 0.036057692307692304
0 0.2800480769230769 0.44350961538461536 0.026442307692307692 0.021634615384615384
0 0.59375 0.4411057692307692 0.014423076923076924 0.03125
0 0.4014423076923077 0.4387019230769231 0.02403846153846154 0.03125
4 0.6526442307692307 0.43990384615384615 0.01201923076923077 0.02403846153846154
4 0.06971153846153846 0.4495192307692308 0.009615384615384616 0.014423076923076924
4 0.042067307692307696 0.45072115384615385 0.01201923076923077 0.01201923076923077