0 0.054086538461538464 0.4567307692307692 0.055288461538461536 0.04326923076923077
0 0.109375 0.45552884615384615 0.07932692307692307 0.055288461538461536
0 0.1658653846153846 0.4495192307692308 0.04326923076923077 0.038461538461538464
0 0.20432692307692307 0.44591346153846156 0.02403846153846154 0.036057692307692304
0 0.23317307692307693 0.44350961538461536 0.038461538461538464 0.04567307692307692
0 0.25961538461538464 0.44471153846153844 0.019230769230769232 0.038461538461538464
0 0.31971153846153844 0.4495192307692308 0.057692307692307696 0.04807692307692308
0 0.3701923076923077 0.4423076923076923 0.038461538461538464 0.04326923076923077
0 0.43149038461538464 0.44471153846153844 0.05048076923076923 0.0625
0 0.5168269230769231 0.4375 0.052884615384615384 0.09615384615384616
0 0.5504807692307693 0.42908653846153844 0.03365384615384615 0.06971153846153846
2 0.5973557692307693 0.43509615384615385 0.01201923076923077 0.03365384615384615
0 0.609375 0.43509615384615385 0.016826923076923076 0.028846153846153848
0 0.4675480769230769 0.43028846153846156 0.026442307692307692 0.04326923076923077