0 0.10096153846153846 0.453125 0.0625 0.05048076923076923
0 0.1875 0.44471153846153844 0.038461538461538464 0.02403846153846154
0 0.23197115384615385 0.4411057692307692 0.03125 0.026442307692307692
0 0.27884615384615385 0.4483173076923077 0.038461538461538464 0.036057692307692304
0 0.31490384615384615 0.43990384615384615 0.02403846153846154 0.038461538461538464
0 0.35336538461538464 0.4423076923076923 0.038461538461538464 0.038461538461538464
0 0.4326923076923077 0.4411057692307692 0.04807692307692308 0.05048076923076923
0 0.5036057692307693 0.4326923076923077 0.05048076923076923 0.07211538461538461
2 0.5817307692307693 0.4362980769230769 0.014423076923076924 0.036057692307692304
0 0.5348557692307693 0.4266826923076923 0.026442307692307692 0.055288461538461536
0 0.5973557692307693 0.43990384615384615 0.016826923076923076 0.028846153846153848
0 0.38822115384615385 0.4387019230769231 0.03125 0.036057692307692304
0 0.6754807692307693 0.43990384615384615 0.014423076923076924 0.03365384615384615
4 0.046875 0.4519230769230769 0.007211538461538462 0.028846153846153848