0 0.054086538461538464 0.4735576923076923 0.040865384615384616 0.052884615384615384
0 0.16105769230769232 0.46634615384615385 0.0625 0.0625
0 0.21514423076923078 0.46153846153846156 0.036057692307692304 0.03365384615384615
0 0.30288461538461536 0.46274038461538464 0.0625 0.05048076923076923
0 0.36658653846153844 0.45072115384615385 0.040865384615384616 0.04567307692307692
0 0.3425480769230769 0.453125 0.016826923076923076 0.026442307692307692
0 0.4387019230769231 0.4495192307692308 0.05048076923076923 0.057692307692307696
0 0.5324519230769231 0.44711538461538464 0.055288461538461536 0.09615384615384616
0 0.5721153846153846 0.4338942307692308 0.038461538461538464 0.06971153846153846
2 0.6129807692307693 0.4423076923076923 0.009615384615384616 0.028846153846153848
0 0.6286057692307693 0.4423076923076923 0.026442307692307692 0.03365384615384615
2 0.7956730769230769 0.45552884615384615 0.02403846153846154 0.05048076923076923
0 0.4675480769230769 0.44711538461538464 0.021634615384615384 0.03365384615384615
4 0.24879807692307693 0.45552884615384615 0.01201923076923077 0.026442307692307692