0 0.5757211538461539 0.4567307692307692 0.04567307692307692 0.0673076923076923
0 0.7427884615384616 0.44350961538461536 0.028846153846153848 0.026442307692307692
0 0.7872596153846154 0.44711538461538464 0.040865384615384616 0.038461538461538464
0 0.6262019230769231 0.45072115384615385 0.03125 0.036057692307692304
0 0.3076923076923077 0.5024038461538461 0.13942307692307693 0.125
0 0.2439903846153846 0.4098557692307692 0.13221153846153846 0.1466346153846154
0 0.06971153846153846 0.4254807692307692 0.125 0.125
0 0.0829326923076923 0.4675480769230769 0.0889423076923077 0.06009615384615385
0 0.9735576923076923 0.4411057692307692 0.052884615384615384 0.05048076923076923
0 0.9122596153846154 0.4411057692307692 0.036057692307692304 0.036057692307692304
0 0.49399038461538464 0.44471153846153844 0.016826923076923076 0.019230769230769232
0 0.5480769230769231 0.44471153846153844 0.019230769230769232 0.02403846153846154
0 0.3798076923076923 0.44471153846153844 0.03365384615384615 0.019230769230769232
0 0.4074519230769231 0.4411057692307692 0.026442307692307692 0.021634615384615384
0 0.4362980769230769 0.4411057692307692 0.016826923076923076 0.01201923076923077
0 0.4567307692307692 0.43509615384615385 0.014423076923076924 0.019230769230769232
0 0.5252403846153846 0.43028846153846156 0.01201923076923077 0.014423076923076924
0 0.6069711538461539 0.41947115384615385 0.01201923076923077 0.01201923076923077
0 0.4891826923076923 0.4206730769230769 0.007211538461538462 0.009615384615384616
0 0.5120192307692307 0.41947115384615385 0.009615384615384616 0.01201923076923077