0 0.9459134615384616 0.4254807692307692 0.03125 0.019230769230769232
0 0.8161057692307693 0.44471153846153844 0.055288461538461536 0.052884615384615384
0 0.6959134615384616 0.41586538461538464 0.026442307692307692 0.028846153846153848
0 0.7247596153846154 0.44591346153846156 0.055288461538461536 0.06490384615384616
0 0.47836538461538464 0.4026442307692308 0.019230769230769232 0.021634615384615384
0 0.4987980769230769 0.4483173076923077 0.055288461538461536 0.055288461538461536
0 0.3293269230769231 0.4254807692307692 0.028846153846153848 0.02403846153846154
0 0.359375 0.43028846153846156 0.036057692307692304 0.03365384615384615
0 0.2764423076923077 0.4387019230769231 0.04326923076923077 0.040865384615384616
0 0.21875 0.44711538461538464 0.052884615384615384 0.04326923076923077
0 0.3317307692307692 0.4098557692307692 0.02403846153846154 0.01201923076923077
0 0.4266826923076923 0.39783653846153844 0.016826923076923076 0.016826923076923076
0 0.5180288461538461 0.3942307692307692 0.01201923076923077 0.009615384615384616
0 0.7175480769230769 0.40625 0.026442307692307692 0.019230769230769232