0 0.0733173076923077 0.46153846153846156 0.06009615384615385 0.038461538461538464
0 0.14783653846153846 0.45072115384615385 0.03125 0.03125
0 0.1778846153846154 0.4519230769230769 0.04807692307692308 0.038461538461538464
0 0.3942307692307692 0.42908653846153844 0.028846153846153848 0.036057692307692304
0 0.4807692307692308 0.4254807692307692 0.02403846153846154 0.028846153846153848
0 0.5192307692307693 0.4170673076923077 0.038461538461538464 0.06490384615384616
0 0.5865384615384616 0.43990384615384615 0.028846153846153848 0.03365384615384615
0 0.6225961538461539 0.45913461538461536 0.057692307692307696 0.0625
0 0.6730769230769231 0.4206730769230769 0.03365384615384615 0.02403846153846154
0 0.36658653846153844 0.4170673076923077 0.016826923076923076 0.016826923076923076
0 0.4206730769230769 0.41466346153846156 0.02403846153846154 0.021634615384615384
0 0.5757211538461539 0.4338942307692308 0.026442307692307692 0.03125
0 0.5697115384615384 0.43149038461538464 0.028846153846153848 0.03125
0 0.4543269230769231 0.40865384615384615 0.014423076923076924 0.019230769230769232
2 0.33052884615384615 0.4182692307692308 0.007211538461538462 0.02403846153846154