0 0.06610576923076923 0.4483173076923077 0.0985576923076923 0.08413461538461539
0 0.30649038461538464 0.421875 0.05048076923076923 0.036057692307692304
0 0.43028846153846156 0.4206730769230769 0.038461538461538464 0.038461538461538464
0 0.4855769230769231 0.41346153846153844 0.057692307692307696 0.08653846153846154
0 0.59375 0.4362980769230769 0.04326923076923077 0.055288461538461536
0 0.6766826923076923 0.46274038461538464 0.11778846153846154 0.11298076923076923
0 0.36658653846153844 0.40865384615384615 0.026442307692307692 0.03365384615384615
0 0.5432692307692307 0.40625 0.057692307692307696 0.03365384615384615
0 0.578125 0.4254807692307692 0.040865384615384616 0.052884615384615384
0 0.5564903846153846 0.4230769230769231 0.026442307692307692 0.04807692307692308
0 0.5420673076923077 0.41346153846153844 0.016826923076923076 0.03365384615384615
0 0.3786057692307692 0.4098557692307692 0.04567307692307692 0.026442307692307692
2 0.2608173076923077 0.40625 0.016826923076923076 0.03365384615384615