0 0.07572115384615384 0.49759615384615385 0.15144230769230768 0.125
0 0.22596153846153846 0.46875 0.038461538461538464 0.04326923076923077
0 0.15504807692307693 0.453125 0.0889423076923077 0.10817307692307693
0 0.2776442307692308 0.45552884615384615 0.05048076923076923 0.06490384615384616
0 0.30528846153846156 0.4699519230769231 0.04807692307692308 0.05048076923076923
0 0.3605769230769231 0.453125 0.0625 0.07451923076923077
0 0.41225961538461536 0.4579326923076923 0.036057692307692304 0.036057692307692304
0 0.4338942307692308 0.4483173076923077 0.021634615384615384 0.026442307692307692
0 0.5048076923076923 0.4387019230769231 0.04326923076923077 0.06490384615384616
0 0.5456730769230769 0.4495192307692308 0.02403846153846154 0.02403846153846154
0 0.5637019230769231 0.4543269230769231 0.026442307692307692 0.02403846153846154
0 0.5985576923076923 0.45913461538461536 0.03365384615384615 0.03365384615384615
0 0.6514423076923077 0.4891826923076923 0.11538461538461539 0.10336538461538461
0 0.7151442307692307 0.45552884615384615 0.036057692307692304 0.036057692307692304
0 0.7644230769230769 0.4735576923076923 0.08173076923076923 0.08653846153846154
0 0.8389423076923077 0.46634615384615385 0.08173076923076923 0.07692307692307693
0 0.6971153846153846 0.4495192307692308 0.028846153846153848 0.038461538461538464