0 0.17427884615384615 0.4567307692307692 0.1466346153846154 0.16346153846153846
0 0.09014423076923077 0.47836538461538464 0.06009615384615385 0.057692307692307696
0 0.2536057692307692 0.46274038461538464 0.03125 0.05048076923076923
0 0.27524038461538464 0.4567307692307692 0.03125 0.04326923076923077
0 0.3112980769230769 0.45072115384615385 0.026442307692307692 0.036057692307692304
0 0.3545673076923077 0.46153846153846156 0.04567307692307692 0.052884615384615384
0 0.37259615384615385 0.4254807692307692 0.04326923076923077 0.038461538461538464
0 0.4074519230769231 0.44471153846153844 0.03125 0.038461538461538464
0 0.4987980769230769 0.4326923076923077 0.04567307692307692 0.0673076923076923
0 0.5372596153846154 0.4423076923076923 0.021634615384615384 0.02403846153846154
0 0.5564903846153846 0.4483173076923077 0.03125 0.03125
0 0.5961538461538461 0.4495192307692308 0.04326923076923077 0.038461538461538464
0 0.6550480769230769 0.4831730769230769 0.12259615384615384 0.10576923076923077
0 0.7211538461538461 0.453125 0.038461538461538464 0.040865384615384616
0 0.7776442307692307 0.46875 0.0889423076923077 0.09134615384615384
0 0.8365384615384616 0.46153846153846156 0.057692307692307696 0.07692307692307693
0 0.42788461538461536 0.44591346153846156 0.019230769230769232 0.03125
0 0.44711538461538464 0.44471153846153844 0.02403846153846154 0.028846153846153848