0 0.05048076923076923 0.49759615384615385 0.10096153846153846 0.11538461538461539
0 0.1502403846153846 0.4807692307692308 0.0985576923076923 0.08653846153846154
0 0.27524038461538464 0.46274038461538464 0.06490384615384616 0.06971153846153846
0 0.3737980769230769 0.4543269230769231 0.03125 0.038461538461538464
0 0.41586538461538464 0.4411057692307692 0.038461538461538464 0.055288461538461536
0 0.44591346153846156 0.4483173076923077 0.03125 0.03125
0 0.3449519230769231 0.44471153846153844 0.036057692307692304 0.04807692307692308
0 0.5120192307692307 0.43149038461538464 0.04807692307692308 0.07451923076923077
0 0.5685096153846154 0.4411057692307692 0.03125 0.03125
0 0.5540865384615384 0.4423076923076923 0.016826923076923076 0.019230769230769232
0 0.6286057692307693 0.48197115384615385 0.11298076923076923 0.11298076923076923
0 0.6995192307692307 0.44350961538461536 0.03365384615384615 0.040865384615384616
0 0.7175480769230769 0.45072115384615385 0.036057692307692304 0.036057692307692304
0 0.7548076923076923 0.46153846153846156 0.07692307692307693 0.07692307692307693
0 0.84375 0.4579326923076923 0.07692307692307693 0.07451923076923077