0 0.039663461538461536 0.48197115384615385 0.07932692307692307 0.09375
0 0.15745192307692307 0.4639423076923077 0.08413461538461539 0.07692307692307693
0 0.2704326923076923 0.41586538461538464 0.0985576923076923 0.09134615384615384
0 0.3701923076923077 0.42908653846153844 0.11057692307692307 0.13701923076923078
0 0.4326923076923077 0.45552884615384615 0.02403846153846154 0.040865384615384616
0 0.5192307692307693 0.4879807692307692 0.12980769230769232 0.12980769230769232
0 0.5805288461538461 0.4387019230769231 0.03125 0.03125
0 0.6622596153846154 0.46153846153846156 0.0985576923076923 0.10096153846153846
0 0.7524038461538461 0.46033653846153844 0.07692307692307693 0.07451923076923077
0 0.9278846153846154 0.5240384615384616 0.13942307692307693 0.24519230769230768
0 0.3137019230769231 0.4411057692307692 0.03125 0.03125
0 0.7728365384615384 0.44471153846153844 0.055288461538461536 0.0625