0 0.1045673076923077 0.48197115384615385 0.08413461538461539 0.06971153846153846
0 0.203125 0.4855769230769231 0.10336538461538461 0.08653846153846154
0 0.25721153846153844 0.4579326923076923 0.03365384615384615 0.03125
0 0.2980769230769231 0.4699519230769231 0.0625 0.055288461538461536
0 0.36538461538461536 0.45552884615384615 0.038461538461538464 0.04567307692307692
0 0.3401442307692308 0.4567307692307692 0.026442307692307692 0.04326923076923077
0 0.35216346153846156 0.4230769230769231 0.040865384615384616 0.03365384615384615
0 0.39783653846153844 0.4543269230769231 0.021634615384615384 0.02403846153846154
0 0.43149038461538464 0.45072115384615385 0.03125 0.026442307692307692
0 0.5012019230769231 0.4375 0.05048076923076923 0.07211538461538461
0 0.5396634615384616 0.44471153846153844 0.021634615384615384 0.02403846153846154
0 0.5637019230769231 0.45072115384615385 0.03125 0.03125
0 0.6033653846153846 0.453125 0.04326923076923077 0.040865384615384616
0 0.6634615384615384 0.4879807692307692 0.1201923076923077 0.11057692307692307
0 0.734375 0.45552884615384615 0.036057692307692304 0.04567307692307692
0 0.8100961538461539 0.4735576923076923 0.10096153846153846 0.09615384615384616
0 0.41586538461538464 0.42908653846153844 0.02403846153846154 0.026442307692307692
0 0.453125 0.4375 0.026442307692307692 0.028846153846153848