0 0.036057692307692304 0.47596153846153844 0.07211538461538461 0.09615384615384616
0 0.08052884615384616 0.49759615384615385 0.11298076923076923 0.10576923076923077
0 0.18990384615384615 0.46153846153846156 0.04326923076923077 0.038461538461538464
0 0.23557692307692307 0.46274038461538464 0.052884615384615384 0.05048076923076923
0 0.27524038461538464 0.46274038461538464 0.040865384615384616 0.05048076923076923
0 0.3125 0.46634615384615385 0.0673076923076923 0.0625
0 0.34975961538461536 0.4483173076923077 0.036057692307692304 0.036057692307692304
0 0.2776442307692308 0.4206730769230769 0.0985576923076923 0.0673076923076923
0 0.5012019230769231 0.43149038461538464 0.05048076923076923 0.07932692307692307
0 0.5396634615384616 0.4387019230769231 0.021634615384615384 0.026442307692307692
0 0.5612980769230769 0.4495192307692308 0.036057692307692304 0.03365384615384615
0 0.609375 0.44711538461538464 0.05048076923076923 0.04807692307692308
0 0.6911057692307693 0.4855769230769231 0.13221153846153846 0.1201923076923077
0 0.7956730769230769 0.45913461538461536 0.09134615384615384 0.09134615384615384
0 0.890625 0.4735576923076923 0.13221153846153846 0.1201923076923077
0 0.38221153846153844 0.4266826923076923 0.038461538461538464 0.04567307692307692
0 0.42908653846153844 0.43028846153846156 0.03125 0.038461538461538464