0 0.14423076923076922 0.4206730769230769 0.13942307692307693 0.14423076923076922
0 0.2247596153846154 0.44711538461538464 0.03125 0.03365384615384615
0 0.3293269230769231 0.43509615384615385 0.14903846153846154 0.16346153846153846
0 0.41346153846153844 0.45552884615384615 0.03365384615384615 0.06490384615384616
0 0.5096153846153846 0.4951923076923077 0.12980769230769232 0.12980769230769232
0 0.5612980769230769 0.4338942307692308 0.021634615384615384 0.026442307692307692
0 0.5709134615384616 0.43990384615384615 0.04567307692307692 0.03365384615384615
0 0.6418269230769231 0.46634615384615385 0.10096153846153846 0.10096153846153846
0 0.7379807692307693 0.46033653846153844 0.07692307692307693 0.07451923076923077
0 0.7872596153846154 0.4483173076923077 0.06009615384615385 0.06971153846153846
0 0.9350961538461539 0.5420673076923077 0.125 0.2764423076923077