4 0.03485576923076923 0.47115384615384615 0.016826923076923076 0.04807692307692308
0 0.1141826923076923 0.47115384615384615 0.055288461538461536 0.04807692307692308
0 0.1466346153846154 0.45552884615384615 0.04807692307692308 0.040865384615384616
0 0.18269230769230768 0.47115384615384615 0.07692307692307693 0.07211538461538461
0 0.39783653846153844 0.43509615384615385 0.026442307692307692 0.019230769230769232
0 0.5180288461538461 0.47836538461538464 0.10336538461538461 0.10096153846153846
0 0.5637019230769231 0.44350961538461536 0.026442307692307692 0.026442307692307692
0 0.59375 0.4387019230769231 0.02403846153846154 0.026442307692307692
0 0.6262019230769231 0.4675480769230769 0.06971153846153846 0.08413461538461539
0 0.7271634615384616 0.46033653846153844 0.06490384615384616 0.06971153846153846
0 0.9122596153846154 0.5673076923076923 0.17067307692307693 0.33653846153846156
0 0.3137019230769231 0.45072115384615385 0.036057692307692304 0.03125
0 0.23798076923076922 0.46153846153846156 0.0673076923076923 0.08653846153846154
0 0.4519230769230769 0.42427884615384615 0.014423076923076924 0.016826923076923076
0 0.6875 0.43028846153846156 0.02403846153846154 0.02403846153846154
0 0.6598557692307693 0.4483173076923077 0.026442307692307692 0.04567307692307692