0 0.016826923076923076 0.47475961538461536 0.03365384615384615 0.04567307692307692
0 0.37740384615384615 0.43509615384615385 0.014423076923076924 0.014423076923076924
0 0.4014423076923077 0.4362980769230769 0.019230769230769232 0.016826923076923076
0 0.4206730769230769 0.42908653846153844 0.009615384615384616 0.01201923076923077
0 0.42788461538461536 0.43509615384615385 0.014423076923076924 0.014423076923076924
0 0.49038461538461536 0.4723557692307692 0.07211538461538461 0.07932692307692307
0 0.5204326923076923 0.45072115384615385 0.036057692307692304 0.040865384615384616
0 0.5516826923076923 0.44350961538461536 0.026442307692307692 0.03125
0 0.5865384615384616 0.45552884615384615 0.052884615384615384 0.06490384615384616
0 0.6237980769230769 0.44471153846153844 0.036057692307692304 0.038461538461538464
0 0.6802884615384616 0.45552884615384615 0.04807692307692308 0.05048076923076923
0 0.7512019230769231 0.44591346153846156 0.08413461538461539 0.040865384615384616
0 0.8665865384615384 0.4362980769230769 0.06009615384615385 0.040865384615384616
0 0.9122596153846154 0.5540865384615384 0.17067307692307693 0.3004807692307692