0 0.34375 0.43990384615384615 0.019230769230769232 0.02403846153846154
0 0.3918269230769231 0.43509615384615385 0.02403846153846154 0.019230769230769232
0 0.3605769230769231 0.4375 0.019230769230769232 0.019230769230769232
0 0.5 0.46274038461538464 0.0673076923076923 0.06971153846153846
0 0.5276442307692307 0.44591346153846156 0.03125 0.04567307692307692
0 0.5588942307692307 0.43990384615384615 0.026442307692307692 0.03365384615384615
0 0.5877403846153846 0.45552884615384615 0.05048076923076923 0.06009615384615385
0 0.6310096153846154 0.44350961538461536 0.03125 0.036057692307692304
0 0.6826923076923077 0.45072115384615385 0.04326923076923077 0.04567307692307692
0 0.9014423076923077 0.46033653846153844 0.1201923076923077 0.07932692307692307
0 0.9338942307692307 0.5793269230769231 0.12740384615384615 0.34134615384615385
0 0.7103365384615384 0.42908653846153844 0.03125 0.026442307692307692
0 0.42908653846153844 0.42427884615384615 0.01201923076923077 0.01201923076923077