0 0.375 0.4338942307692308 0.019230769230769232 0.021634615384615384
0 0.3918269230769231 0.43509615384615385 0.019230769230769232 0.02403846153846154
0 0.421875 0.43509615384615385 0.016826923076923076 0.019230769230769232
0 0.49399038461538464 0.4675480769230769 0.06971153846153846 0.08413461538461539
0 0.5252403846153846 0.44591346153846156 0.03125 0.040865384615384616
0 0.5564903846153846 0.43990384615384615 0.026442307692307692 0.03365384615384615
0 0.5865384615384616 0.45072115384615385 0.052884615384615384 0.06009615384615385
0 0.6274038461538461 0.44471153846153844 0.03365384615384615 0.038461538461538464
0 0.6802884615384616 0.453125 0.04807692307692308 0.06009615384615385
0 0.7884615384615384 0.44591346153846156 0.10576923076923077 0.05048076923076923
0 0.9194711538461539 0.5588942307692307 0.16105769230769232 0.31009615384615385