0 0.20673076923076922 0.45552884615384615 0.03365384615384615 0.036057692307692304
0 0.3137019230769231 0.44350961538461536 0.026442307692307692 0.026442307692307692
0 0.3557692307692308 0.4362980769230769 0.014423076923076924 0.021634615384615384
0 0.3954326923076923 0.4375 0.026442307692307692 0.028846153846153848
0 0.5048076923076923 0.46274038461538464 0.0673076923076923 0.06971153846153846
0 0.5564903846153846 0.4375 0.026442307692307692 0.03365384615384615
0 0.5817307692307693 0.44711538461538464 0.04807692307692308 0.057692307692307696
0 0.6153846153846154 0.43509615384615385 0.02403846153846154 0.02403846153846154
0 0.6394230769230769 0.43990384615384615 0.03365384615384615 0.038461538461538464
0 0.6814903846153846 0.44711538461538464 0.04567307692307692 0.04807692307692308
0 0.7367788461538461 0.43149038461538464 0.06971153846153846 0.03125
4 0.8052884615384616 0.4326923076923077 0.014423076923076924 0.04326923076923077
0 0.4375 0.4182692307692308 0.02403846153846154 0.03365384615384615
0 0.6538461538461539 0.4206730769230769 0.02403846153846154 0.019230769230769232
0 0.6778846153846154 0.4182692307692308 0.02403846153846154 0.019230769230769232
0 0.6971153846153846 0.41346153846153844 0.014423076923076924 0.014423076923076924
0 0.7175480769230769 0.41346153846153844 0.016826923076923076 0.014423076923076924