0 0.025240384615384616 0.47716346153846156 0.05048076923076923 0.06971153846153846
0 0.16706730769230768 0.46033653846153844 0.05048076923076923 0.040865384615384616
0 0.234375 0.4519230769230769 0.036057692307692304 0.038461538461538464
0 0.2644230769230769 0.4519230769230769 0.04326923076923077 0.038461538461538464
0 0.32091346153846156 0.44591346153846156 0.03125 0.03125
0 0.3425480769230769 0.4387019230769231 0.016826923076923076 0.021634615384615384
0 0.35216346153846156 0.43990384615384615 0.021634615384615384 0.019230769230769232
0 0.3798076923076923 0.41947115384615385 0.038461538461538464 0.04567307692307692
0 0.5096153846153846 0.45913461538461536 0.0625 0.0625
0 0.5588942307692307 0.4411057692307692 0.026442307692307692 0.03125
0 0.578125 0.44591346153846156 0.04567307692307692 0.05048076923076923
0 0.6153846153846154 0.43509615384615385 0.02403846153846154 0.02403846153846154
0 0.6310096153846154 0.4411057692307692 0.03125 0.03125
0 0.6526442307692307 0.44471153846153844 0.036057692307692304 0.038461538461538464
0 0.6971153846153846 0.44591346153846156 0.04326923076923077 0.05048076923076923
0 0.9507211538461539 0.44471153846153844 0.0985576923076923 0.057692307692307696
4 0.8413461538461539 0.4387019230769231 0.009615384615384616 0.04567307692307692
4 0.8521634615384616 0.43990384615384615 0.01201923076923077 0.04326923076923077
0 0.7223557692307693 0.4170673076923077 0.026442307692307692 0.026442307692307692
0 0.7536057692307693 0.41586538461538464 0.03125 0.019230769230769232
0 0.7872596153846154 0.41346153846153844 0.021634615384615384 0.019230769230769232
0 0.8197115384615384 0.41225961538461536 0.02403846153846154 0.021634615384615384