0 0.03245192307692308 0.4807692307692308 0.06490384615384616 0.0673076923076923
0 0.1875 0.4579326923076923 0.038461538461538464 0.036057692307692304
0 0.22596153846153846 0.4567307692307692 0.04326923076923077 0.03365384615384615
0 0.25841346153846156 0.4519230769230769 0.036057692307692304 0.03365384615384615
0 0.2920673076923077 0.44711538461538464 0.03125 0.028846153846153848
0 0.3233173076923077 0.44350961538461536 0.03125 0.03125
0 0.3449519230769231 0.43990384615384615 0.021634615384615384 0.02403846153846154
0 0.3641826923076923 0.4423076923076923 0.021634615384615384 0.02403846153846154
0 0.39663461538461536 0.41947115384615385 0.028846153846153848 0.04567307692307692
0 0.5060096153846154 0.46274038461538464 0.06490384615384616 0.06971153846153846
0 0.5552884615384616 0.43990384615384615 0.02403846153846154 0.028846153846153848
0 0.5745192307692307 0.4483173076923077 0.04326923076923077 0.05048076923076923
0 0.6069711538461539 0.4362980769230769 0.021634615384615384 0.026442307692307692
0 0.6213942307692307 0.43990384615384615 0.026442307692307692 0.02403846153846154
0 0.6466346153846154 0.44471153846153844 0.038461538461538464 0.038461538461538464
0 0.6887019230769231 0.4495192307692308 0.05048076923076923 0.04807692307692308
4 0.7764423076923077 0.43509615384615385 0.009615384615384616 0.038461538461538464
4 0.7872596153846154 0.4387019230769231 0.007211538461538462 0.036057692307692304
0 0.8677884615384616 0.4362980769230769 0.09615384615384616 0.040865384615384616
0 0.6983173076923077 0.4206730769230769 0.03125 0.019230769230769232
0 0.7247596153846154 0.41586538461538464 0.026442307692307692 0.019230769230769232
0 0.7560096153846154 0.41466346153846156 0.021634615384615384 0.016826923076923076
0 0.7824519230769231 0.41346153846153844 0.021634615384615384 0.019230769230769232
0 0.8100961538461539 0.4170673076923077 0.019230769230769232 0.01201923076923077