0 0.027644230769230768 0.46875 0.055288461538461536 0.0625
2 0.09375 0.4675480769230769 0.014423076923076924 0.040865384615384616
0 0.1971153846153846 0.41947115384615385 0.11057692307692307 0.11778846153846154
0 0.30649038461538464 0.4495192307692308 0.04567307692307692 0.04326923076923077
0 0.3401442307692308 0.4519230769230769 0.026442307692307692 0.028846153846153848
0 0.3557692307692308 0.43990384615384615 0.028846153846153848 0.028846153846153848
0 0.5096153846153846 0.46153846153846156 0.057692307692307696 0.0673076923076923
0 0.5492788461538461 0.4423076923076923 0.016826923076923076 0.02403846153846154
0 0.5625 0.4411057692307692 0.02403846153846154 0.03125
0 0.5841346153846154 0.44591346153846156 0.04326923076923077 0.05048076923076923
0 0.625 0.43990384615384615 0.02403846153846154 0.028846153846153848
0 0.6466346153846154 0.44471153846153844 0.03365384615384615 0.038461538461538464
0 0.6742788461538461 0.44711538461538464 0.040865384615384616 0.04326923076923077
0 0.71875 0.4519230769230769 0.052884615384615384 0.052884615384615384
0 0.2824519230769231 0.4495192307692308 0.021634615384615384 0.028846153846153848
0 0.8353365384615384 0.42908653846153844 0.055288461538461536 0.055288461538461536
0 0.890625 0.4266826923076923 0.04567307692307692 0.06009615384615385
0 0.9362980769230769 0.41466346153846156 0.04567307692307692 0.04567307692307692
0 0.9795673076923077 0.40865384615384615 0.036057692307692304 0.03365384615384615
0 0.3786057692307692 0.43990384615384615 0.016826923076923076 0.019230769230769232
0 0.4026442307692308 0.4387019230769231 0.021634615384615384 0.016826923076923076