0 0.16346153846153846 0.4567307692307692 0.04326923076923077 0.03365384615384615
0 0.265625 0.4495192307692308 0.036057692307692304 0.03365384615384615
0 0.33052884615384615 0.4423076923076923 0.036057692307692304 0.028846153846153848
0 0.35096153846153844 0.4387019230769231 0.014423076923076924 0.026442307692307692
0 0.36899038461538464 0.4362980769230769 0.026442307692307692 0.026442307692307692
0 0.3894230769230769 0.43509615384615385 0.02403846153846154 0.028846153846153848
0 0.4110576923076923 0.43509615384615385 0.019230769230769232 0.02403846153846154
0 0.5072115384615384 0.45913461538461536 0.0673076923076923 0.07211538461538461
0 0.5300480769230769 0.4375 0.026442307692307692 0.038461538461538464
0 0.5576923076923077 0.4338942307692308 0.02403846153846154 0.036057692307692304
0 0.5841346153846154 0.4483173076923077 0.04326923076923077 0.055288461538461536
0 0.6213942307692307 0.43509615384615385 0.026442307692307692 0.028846153846153848
0 0.6466346153846154 0.43990384615384615 0.03365384615384615 0.03365384615384615
0 0.6838942307692307 0.44591346153846156 0.04567307692307692 0.05048076923076923
4 0.8737980769230769 0.43509615384615385 0.021634615384615384 0.0625
0 0.7668269230769231 0.4326923076923077 0.0673076923076923 0.03365384615384615
0 0.43028846153846156 0.4206730769230769 0.02403846153846154 0.03365384615384615
4 0.7115384615384616 0.43028846153846156 0.004807692307692308 0.028846153846153848
4 0.7175480769230769 0.4326923076923077 0.007211538461538462 0.028846153846153848
0 0.6706730769230769 0.4182692307692308 0.02403846153846154 0.02403846153846154
0 0.6935096153846154 0.41586538461538464 0.021634615384615384 0.019230769230769232
0 0.7175480769230769 0.41466346153846156 0.016826923076923076 0.016826923076923076
0 0.7403846153846154 0.41466346153846156 0.019230769230769232 0.021634615384615384