0 0.2283653846153846 0.4519230769230769 0.028846153846153848 0.03365384615384615
0 0.2548076923076923 0.4579326923076923 0.04807692307692308 0.036057692307692304
0 0.3269230769230769 0.45072115384615385 0.038461538461538464 0.03125
0 0.3545673076923077 0.45072115384615385 0.026442307692307692 0.026442307692307692
0 0.38221153846153844 0.4483173076923077 0.02403846153846154 0.026442307692307692
0 0.3954326923076923 0.4375 0.026442307692307692 0.03365384615384615
0 0.1875 0.46153846153846156 0.07211538461538461 0.07692307692307693
0 0.08533653846153846 0.47115384615384615 0.09375 0.07692307692307693
0 0.46875 0.44471153846153844 0.028846153846153848 0.028846153846153848
0 0.5072115384615384 0.4651442307692308 0.0625 0.06490384615384616
0 0.5612980769230769 0.44471153846153844 0.026442307692307692 0.038461538461538464
0 0.5913461538461539 0.45072115384615385 0.04807692307692308 0.05048076923076923
0 0.6586538461538461 0.4423076923076923 0.03365384615384615 0.03365384615384615
0 0.7103365384615384 0.45072115384615385 0.05048076923076923 0.05048076923076923
0 0.8245192307692307 0.4543269230769231 0.052884615384615384 0.0625
0 0.8725961538461539 0.46153846153846156 0.07692307692307693 0.07692307692307693
0 0.41466346153846156 0.4411057692307692 0.016826923076923076 0.021634615384615384
0 0.44471153846153844 0.44471153846153844 0.019230769230769232 0.02403846153846154