0 0.05048076923076923 0.4795673076923077 0.04807692307692308 0.05048076923076923
0 0.09134615384615384 0.4723557692307692 0.057692307692307696 0.055288461538461536
0 0.15745192307692307 0.46634615384615385 0.040865384615384616 0.04807692307692308
0 0.19110576923076922 0.4651442307692308 0.055288461538461536 0.05048076923076923
0 0.24879807692307693 0.46274038461538464 0.055288461538461536 0.055288461538461536
0 0.2920673076923077 0.4567307692307692 0.03125 0.03365384615384615
0 0.328125 0.4519230769230769 0.040865384615384616 0.03365384615384615
0 0.3629807692307692 0.4423076923076923 0.02403846153846154 0.03365384615384615
0 0.3894230769230769 0.4362980769230769 0.02403846153846154 0.026442307692307692
0 0.5036057692307693 0.46153846153846156 0.06009615384615385 0.057692307692307696
0 0.5625 0.44350961538461536 0.028846153846153848 0.036057692307692304
0 0.5925480769230769 0.4519230769230769 0.04567307692307692 0.052884615384615384
0 0.6418269230769231 0.44591346153846156 0.03365384615384615 0.03125
0 0.6730769230769231 0.4483173076923077 0.04326923076923077 0.04567307692307692
0 0.71875 0.4519230769230769 0.04807692307692308 0.04807692307692308
0 0.7487980769230769 0.46033653846153844 0.06490384615384616 0.06009615384615385
0 0.4182692307692308 0.43990384615384615 0.019230769230769232 0.019230769230769232
0 0.43028846153846156 0.4326923076923077 0.02403846153846154 0.028846153846153848
0 0.4651442307692308 0.4423076923076923 0.021634615384615384 0.019230769230769232