0 0.14423076923076922 0.45552884615384615 0.057692307692307696 0.055288461538461536
0 0.21394230769230768 0.4567307692307692 0.04326923076923077 0.04326923076923077
0 0.2704326923076923 0.4519230769230769 0.03125 0.03365384615384615
0 0.28846153846153844 0.45072115384615385 0.028846153846153848 0.026442307692307692
0 0.30528846153846156 0.4375 0.03365384615384615 0.04326923076923077
0 0.328125 0.45072115384615385 0.03125 0.03125
0 0.36177884615384615 0.4326923076923077 0.040865384615384616 0.038461538461538464
0 0.3858173076923077 0.43990384615384615 0.021634615384615384 0.02403846153846154
0 0.40865384615384615 0.4387019230769231 0.019230769230769232 0.021634615384615384
0 0.4651442307692308 0.44711538461538464 0.03125 0.038461538461538464
0 0.5084134615384616 0.46033653846153844 0.06009615384615385 0.06971153846153846
0 0.5661057692307693 0.4423076923076923 0.03125 0.038461538461538464
0 0.5949519230769231 0.4483173076923077 0.04567307692307692 0.05048076923076923
0 0.6766826923076923 0.44471153846153844 0.036057692307692304 0.038461538461538464
0 0.7451923076923077 0.4519230769230769 0.057692307692307696 0.052884615384615384
0 0.9098557692307693 0.45552884615384615 0.06971153846153846 0.06971153846153846
0 0.4338942307692308 0.44471153846153844 0.036057692307692304 0.03365384615384615