0 0.021634615384615384 0.47836538461538464 0.04326923076923077 0.057692307692307696
0 0.12860576923076922 0.46634615384615385 0.08413461538461539 0.0673076923076923
0 0.23557692307692307 0.47836538461538464 0.09615384615384616 0.08653846153846154
0 0.3137019230769231 0.49158653846153844 0.13221153846153846 0.13221153846153846
0 0.3737980769230769 0.44711538461538464 0.036057692307692304 0.038461538461538464
0 0.5096153846153846 0.46033653846153844 0.0673076923076923 0.06971153846153846
0 0.5637019230769231 0.44471153846153844 0.03125 0.038461538461538464
0 0.5853365384615384 0.4519230769230769 0.040865384615384616 0.052884615384615384
0 0.7019230769230769 0.4495192307692308 0.04326923076923077 0.04807692307692308
0 0.7848557692307693 0.46033653846153844 0.06971153846153846 0.06971153846153846
0 0.9098557692307693 0.48677884615384615 0.11298076923076923 0.12259615384615384
0 0.9375 0.5757211538461539 0.125 0.3389423076923077
0 0.4362980769230769 0.43509615384615385 0.021634615384615384 0.02403846153846154