0 0.9338942307692307 0.49759615384615385 0.12740384615384615 0.16826923076923078
0 0.9483173076923077 0.40384615384615385 0.0985576923076923 0.10096153846153846
4 0.7139423076923077 0.4375 0.014423076923076924 0.03365384615384615
0 0.6081730769230769 0.4423076923076923 0.019230769230769232 0.028846153846153848
0 0.6334134615384616 0.4567307692307692 0.05048076923076923 0.057692307692307696
0 0.5757211538461539 0.45072115384615385 0.03125 0.040865384615384616
0 0.5408653846153846 0.4483173076923077 0.028846153846153848 0.036057692307692304
0 0.49038461538461536 0.47596153846153844 0.09134615384615384 0.09615384615384616
0 0.3713942307692308 0.44591346153846156 0.021634615384615384 0.016826923076923076
0 0.4050480769230769 0.44711538461538464 0.021634615384615384 0.014423076923076924
0 0.40024038461538464 0.4375 0.021634615384615384 0.019230769230769232