0 0.8617788461538461 0.4579326923076923 0.07451923076923077 0.06971153846153846
0 0.7680288461538461 0.4723557692307692 0.10817307692307693 0.09375
0 0.6778846153846154 0.45552884615384615 0.07692307692307693 0.07932692307692307
0 0.6346153846153846 0.44591346153846156 0.04807692307692308 0.06490384615384616
0 0.5192307692307693 0.5384615384615384 0.2403846153846154 0.2644230769230769
0 0.32572115384615385 0.44711538461538464 0.016826923076923076 0.019230769230769232
0 0.33774038461538464 0.44591346153846156 0.007211538461538462 0.01201923076923077
0 0.34375 0.44591346153846156 0.004807692307692308 0.016826923076923076
0 0.359375 0.4338942307692308 0.036057692307692304 0.040865384615384616
0 0.38221153846153844 0.4423076923076923 0.009615384615384616 0.014423076923076924
0 0.39302884615384615 0.43990384615384615 0.016826923076923076 0.019230769230769232
0 0.4074519230769231 0.43990384615384615 0.01201923076923077 0.014423076923076924
0 0.4254807692307692 0.4387019230769231 0.019230769230769232 0.016826923076923076