0 0.2980769230769231 0.44471153846153844 0.019230769230769232 0.019230769230769232
0 0.31009615384615385 0.4411057692307692 0.009615384615384616 0.016826923076923076
0 0.3161057692307692 0.4423076923076923 0.007211538461538462 0.014423076923076924
0 0.3317307692307692 0.42908653846153844 0.03365384615384615 0.036057692307692304
0 0.35216346153846156 0.4387019230769231 0.01201923076923077 0.01201923076923077
0 0.36658653846153844 0.4387019230769231 0.016826923076923076 0.016826923076923076
0 0.3798076923076923 0.4387019230769231 0.009615384615384616 0.01201923076923077
0 0.38341346153846156 0.43149038461538464 0.01201923076923077 0.01201923076923077
0 0.3954326923076923 0.43509615384615385 0.016826923076923076 0.019230769230769232
0 0.48677884615384615 0.53125 0.2283653846153846 0.2548076923076923
0 0.5973557692307693 0.4411057692307692 0.04567307692307692 0.06009615384615385
0 0.6346153846153846 0.45072115384615385 0.0673076923076923 0.07451923076923077
0 0.7151442307692307 0.4675480769230769 0.10817307692307693 0.09375
0 0.8473557692307693 0.4579326923076923 0.08413461538461539 0.07451923076923077