0 0.3317307692307692 0.4423076923076923 0.02403846153846154 0.019230769230769232
0 0.34615384615384615 0.44471153846153844 0.009615384615384616 0.019230769230769232
0 0.36899038461538464 0.42788461538461536 0.036057692307692304 0.04326923076923077
0 0.39302884615384615 0.4375 0.007211538461538462 0.014423076923076924
0 0.40625 0.4362980769230769 0.019230769230769232 0.016826923076923076
0 0.4182692307692308 0.43149038461538464 0.019230769230769232 0.016826923076923076
0 0.4375 0.43509615384615385 0.019230769230769232 0.019230769230769232
0 0.45072115384615385 0.4326923076923077 0.01201923076923077 0.014423076923076924
0 0.9723557692307693 0.45072115384615385 0.055288461538461536 0.06971153846153846
0 0.8401442307692307 0.4735576923076923 0.10336538461538461 0.10096153846153846
0 0.7860576923076923 0.44350961538461536 0.038461538461538464 0.05048076923076923
0 0.7584134615384616 0.4483173076923077 0.036057692307692304 0.06009615384615385
0 0.7175480769230769 0.45552884615384615 0.07932692307692307 0.08413461538461539
0 0.6730769230769231 0.44471153846153844 0.052884615384615384 0.0625
0 0.5625 0.5480769230769231 0.2644230769230769 0.2932692307692308