0 0.9507211538461539 0.5336538461538461 0.0985576923076923 0.20673076923076922
0 0.8293269230769231 0.4699519230769231 0.10096153846153846 0.0889423076923077
0 0.78125 0.45072115384615385 0.04326923076923077 0.055288461538461536
0 0.7560096153846154 0.44350961538461536 0.03125 0.055288461538461536
0 0.7271634615384616 0.44711538461538464 0.04567307692307692 0.0625
0 0.6802884615384616 0.45913461538461536 0.08653846153846154 0.09134615384615384
0 0.5276442307692307 0.5673076923076923 0.2956730769230769 0.3317307692307692
0 0.28125 0.44591346153846156 0.02403846153846154 0.021634615384615384
0 0.2956730769230769 0.44711538461538464 0.009615384615384616 0.014423076923076924
0 0.31850961538461536 0.43149038461538464 0.040865384615384616 0.040865384615384616
0 0.3425480769230769 0.4411057692307692 0.01201923076923077 0.016826923076923076
0 0.3557692307692308 0.4387019230769231 0.019230769230769232 0.016826923076923076
0 0.36658653846153844 0.43509615384615385 0.016826923076923076 0.014423076923076924
0 0.3786057692307692 0.43509615384615385 0.01201923076923077 0.014423076923076924
0 0.3954326923076923 0.4375 0.021634615384615384 0.014423076923076924
0 0.40384615384615385 0.4338942307692308 0.009615384615384616 0.01201923076923077
0 0.09014423076923077 0.43509615384615385 0.03125 0.019230769230769232
0 0.11298076923076923 0.43990384615384615 0.028846153846153848 0.02403846153846154