0 0.875 0.53125 0.25 0.25961538461538464
0 0.7632211538461539 0.49399038461538464 0.10336538461538461 0.13701923076923078
0 0.7043269230769231 0.47716346153846156 0.11538461538461539 0.11298076923076923
0 0.5228365384615384 0.5841346153846154 0.3245192307692308 0.3557692307692308
4 0.21033653846153846 0.4567307692307692 0.007211538461538462 0.028846153846153848
0 0.23557692307692307 0.4579326923076923 0.028846153846153848 0.026442307692307692
0 0.25240384615384615 0.4567307692307692 0.009615384615384616 0.02403846153846154
0 0.2704326923076923 0.45552884615384615 0.021634615384615384 0.021634615384615384
0 0.2980769230769231 0.4387019230769231 0.04326923076923077 0.04567307692307692
0 0.32211538461538464 0.44711538461538464 0.019230769230769232 0.019230769230769232
0 0.34134615384615385 0.4495192307692308 0.019230769230769232 0.019230769230769232
0 0.36177884615384615 0.44711538461538464 0.021634615384615384 0.019230769230769232
0 0.3762019230769231 0.44471153846153844 0.01201923076923077 0.014423076923076924
0 0.38822115384615385 0.44471153846153844 0.01201923076923077 0.014423076923076924
0 0.6550480769230769 0.46033653846153844 0.06009615384615385 0.07932692307692307