0 0.04927884615384615 0.4543269230769231 0.0985576923076923 0.1201923076923077
0 0.11658653846153846 0.47716346153846156 0.07932692307692307 0.05048076923076923
0 0.16826923076923078 0.4735576923076923 0.052884615384615384 0.038461538461538464
0 0.22716346153846154 0.46875 0.055288461538461536 0.03365384615384615
0 0.27163461538461536 0.45913461538461536 0.038461538461538464 0.03365384615384615
0 0.30649038461538464 0.46153846153846156 0.03125 0.019230769230769232
0 0.35336538461538464 0.4579326923076923 0.02403846153846154 0.021634615384615384
0 0.9230769230769231 0.5528846153846154 0.14423076923076922 0.28365384615384615
0 0.8088942307692307 0.5060096153846154 0.12259615384615384 0.13221153846153846
0 0.5901442307692307 0.6478365384615384 0.43990384615384615 0.47836538461538464
0 0.39783653846153844 0.45072115384615385 0.026442307692307692 0.021634615384615384