0 0.18870192307692307 0.4387019230769231 0.0889423076923077 0.07932692307692307
0 0.10817307692307693 0.4651442307692308 0.08653846153846154 0.04567307692307692
0 0.3088942307692308 0.4495192307692308 0.03125 0.02403846153846154
0 0.3449519230769231 0.44471153846153844 0.03125 0.019230769230769232
0 0.3701923076923077 0.44471153846153844 0.019230769230769232 0.014423076923076924
0 0.3858173076923077 0.44350961538461536 0.016826923076923076 0.016826923076923076
0 0.02403846153846154 0.47836538461538464 0.04807692307692308 0.052884615384615384
0 0.8509615384615384 0.46875 0.09134615384615384 0.09134615384615384
0 0.9026442307692307 0.5228365384615384 0.18509615384615385 0.18509615384615385
0 0.5889423076923077 0.6850961538461539 0.5432692307692307 0.5913461538461539
0 0.24519230769230768 0.4543269230769231 0.038461538461538464 0.02403846153846154