0 0.8774038461538461 0.5132211538461539 0.19230769230769232 0.15625
0 0.5865384615384616 0.6778846153846154 0.5240384615384616 0.5625
0 0.08413461538461539 0.4735576923076923 0.052884615384615384 0.038461538461538464
0 0.14903846153846154 0.4387019230769231 0.10096153846153846 0.0889423076923077
0 0.1875 0.46153846153846156 0.057692307692307696 0.028846153846153848
0 0.23798076923076922 0.46033653846153844 0.038461538461538464 0.03125
0 0.2764423076923077 0.453125 0.04326923076923077 0.026442307692307692
0 0.31850961538461536 0.453125 0.03125 0.021634615384615384
0 0.3798076923076923 0.44591346153846156 0.019230769230769232 0.016826923076923076
0 0.39783653846153844 0.4423076923076923 0.021634615384615384 0.019230769230769232
2 0.015625 0.47596153846153844 0.026442307692307692 0.052884615384615384