0 0.07211538461538461 0.5228365384615384 0.13942307692307693 0.17067307692307693
0 0.171875 0.47596153846153844 0.06490384615384616 0.04807692307692308
0 0.21754807692307693 0.4675480769230769 0.036057692307692304 0.040865384615384616
0 0.30528846153846156 0.4495192307692308 0.08173076923076923 0.09134615384615384
0 0.5036057692307693 0.515625 0.16105769230769232 0.17067307692307693
0 0.8978365384615384 0.4675480769230769 0.07932692307692307 0.055288461538461536
0 0.7848557692307693 0.5072115384615384 0.18028846153846154 0.15865384615384615
0 0.6081730769230769 0.46634615384615385 0.052884615384615384 0.0673076923076923
0 0.6802884615384616 0.4855769230769231 0.07692307692307693 0.08173076923076923
0 0.25600961538461536 0.46634615384615385 0.016826923076923076 0.038461538461538464
0 0.3557692307692308 0.4579326923076923 0.019230769230769232 0.05048076923076923
0 0.3954326923076923 0.4495192307692308 0.01201923076923077 0.019230769230769232
0 0.38100961538461536 0.4519230769230769 0.01201923076923077 0.02403846153846154
0 0.36899038461538464 0.45913461538461536 0.016826923076923076 0.038461538461538464