0 0.10817307692307693 0.47115384615384615 0.028846153846153848 0.038461538461538464
0 0.13701923076923078 0.46634615384615385 0.028846153846153848 0.04326923076923077
0 0.17668269230769232 0.46153846153846156 0.055288461538461536 0.04807692307692308
0 0.2439903846153846 0.45913461538461536 0.036057692307692304 0.028846153846153848
0 0.22355769230769232 0.46153846153846156 0.02403846153846154 0.028846153846153848
0 0.3545673076923077 0.4675480769230769 0.06971153846153846 0.055288461538461536
0 0.7536057692307693 0.4987980769230769 0.15625 0.1466346153846154
0 0.6574519230769231 0.47596153846153844 0.06971153846153846 0.07692307692307693
0 0.6213942307692307 0.4579326923076923 0.040865384615384616 0.055288461538461536
0 0.5240384615384616 0.546875 0.23557692307692307 0.25240384615384615
0 0.019230769230769232 0.47716346153846156 0.038461538461538464 0.06490384615384616
0 0.2776442307692308 0.4567307692307692 0.026442307692307692 0.03365384615384615
0 0.31971153846153844 0.4519230769230769 0.02403846153846154 0.019230769230769232
0 0.36778846153846156 0.43990384615384615 0.04807692307692308 0.052884615384615384
0 0.11177884615384616 0.45072115384615385 0.04567307692307692 0.055288461538461536