0 0.7752403846153846 0.4951923076923077 0.17067307692307693 0.15384615384615385
0 0.6742788461538461 0.47596153846153844 0.07932692307692307 0.08173076923076923
0 0.5360576923076923 0.5504807692307693 0.25 0.2692307692307692
0 0.3762019230769231 0.46274038461538464 0.06490384615384616 0.05048076923076923
0 0.18389423076923078 0.4651442307692308 0.03125 0.026442307692307692
0 0.2127403846153846 0.46153846153846156 0.036057692307692304 0.02403846153846154
0 0.2512019230769231 0.45552884615384615 0.040865384615384616 0.036057692307692304
0 0.2956730769230769 0.45552884615384615 0.03365384615384615 0.021634615384615384
0 0.31850961538461536 0.45552884615384615 0.021634615384615384 0.021634615384615384
0 0.16947115384615385 0.453125 0.036057692307692304 0.05048076923076923
0 0.09975961538461539 0.47115384615384615 0.09375 0.052884615384615384
0 0.04567307692307692 0.4699519230769231 0.0673076923076923 0.07451923076923077