0 0.9435096153846154 0.53125 0.11298076923076923 0.2548076923076923
0 0.7548076923076923 0.47836538461538464 0.10096153846153846 0.09134615384615384
0 0.6790865384615384 0.4543269230769231 0.03125 0.038461538461538464
0 0.6418269230769231 0.46274038461538464 0.0625 0.06009615384615385
0 0.6165865384615384 0.45552884615384615 0.03125 0.055288461538461536
0 0.5853365384615384 0.4543269230769231 0.03125 0.038461538461538464
0 0.5336538461538461 0.46033653846153844 0.038461538461538464 0.05048076923076923
0 0.4735576923076923 0.4963942307692308 0.12980769230769232 0.14182692307692307
0 0.3954326923076923 0.4483173076923077 0.03125 0.03125
0 0.36658653846153844 0.45552884615384615 0.021634615384615384 0.026442307692307692
0 0.3269230769230769 0.4579326923076923 0.028846153846153848 0.040865384615384616
0 0.28725961538461536 0.45552884615384615 0.06490384615384616 0.05048076923076923
0 0.24158653846153846 0.4675480769230769 0.05048076923076923 0.05048076923076923
0 0.17668269230769232 0.46153846153846156 0.08413461538461539 0.07692307692307693
0 0.11899038461538461 0.4795673076923077 0.06971153846153846 0.06971153846153846
0 0.04567307692307692 0.45072115384615385 0.09134615384615384 0.25721153846153844