0 0.1875 0.4567307692307692 0.19230769230769232 0.16826923076923078
0 0.4230769230769231 0.44591346153846156 0.02403846153846154 0.016826923076923076
0 0.4050480769230769 0.4495192307692308 0.016826923076923076 0.014423076923076924
0 0.38341346153846156 0.4483173076923077 0.021634615384615384 0.021634615384615384
0 0.3545673076923077 0.44711538461538464 0.036057692307692304 0.028846153846153848
0 0.33774038461538464 0.4567307692307692 0.026442307692307692 0.019230769230769232
0 0.4963942307692308 0.5012019230769231 0.14182692307692307 0.1466346153846154
0 0.9038461538461539 0.5252403846153846 0.1875 0.2283653846153846
0 0.7427884615384616 0.47836538461538464 0.10096153846153846 0.08653846153846154
0 0.6838942307692307 0.4567307692307692 0.040865384615384616 0.038461538461538464
0 0.6370192307692307 0.46274038461538464 0.057692307692307696 0.06009615384615385
0 0.5841346153846154 0.4567307692307692 0.02403846153846154 0.038461538461538464
0 0.609375 0.45913461538461536 0.021634615384615384 0.052884615384615384
0 0.29086538461538464 0.4795673076923077 0.028846153846153848 0.06971153846153846
0 0.30528846153846156 0.4699519230769231 0.052884615384615384 0.06971153846153846
0 0.5649038461538461 0.4495192307692308 0.019230769230769232 0.019230769230769232