0 0.9411057692307693 0.53125 0.11298076923076923 0.25
0 0.7403846153846154 0.4807692307692308 0.10576923076923077 0.09134615384615384
0 0.6634615384615384 0.4567307692307692 0.03365384615384615 0.038461538461538464
0 0.6322115384615384 0.46634615384615385 0.057692307692307696 0.0625
0 0.5697115384615384 0.45072115384615385 0.03365384615384615 0.036057692307692304
0 0.5144230769230769 0.46033653846153844 0.04326923076923077 0.05048076923076923
0 0.4411057692307692 0.4963942307692308 0.11778846153846154 0.13701923076923078
0 0.3629807692307692 0.4519230769230769 0.03365384615384615 0.03365384615384615
0 0.32091346153846156 0.45913461538461536 0.026442307692307692 0.028846153846153848
0 0.28725961538461536 0.4567307692307692 0.05048076923076923 0.04807692307692308
0 0.25600961538461536 0.4639423076923077 0.040865384615384616 0.04326923076923077
0 0.20192307692307693 0.46634615384615385 0.09134615384615384 0.07692307692307693
0 0.1201923076923077 0.4807692307692308 0.08173076923076923 0.0673076923076923
0 0.038461538461538464 0.47836538461538464 0.07692307692307693 0.1201923076923077