0 0.9170673076923077 0.53125 0.16105769230769232 0.2548076923076923
0 0.7644230769230769 0.46274038461538464 0.057692307692307696 0.06490384615384616
0 0.7139423076923077 0.47716346153846156 0.10576923076923077 0.0985576923076923
0 0.65625 0.44711538461538464 0.02403846153846154 0.03365384615384615
0 0.6358173076923077 0.4519230769230769 0.036057692307692304 0.038461538461538464
0 0.5841346153846154 0.4579326923076923 0.0673076923076923 0.06971153846153846
0 0.5384615384615384 0.45072115384615385 0.028846153846153848 0.036057692307692304
0 0.5 0.45552884615384615 0.038461538461538464 0.04567307692307692
0 0.46875 0.4483173076923077 0.028846153846153848 0.03125
0 0.43149038461538464 0.46274038461538464 0.036057692307692304 0.055288461538461536
0 0.38221153846153844 0.48197115384615385 0.11057692307692307 0.12259615384615384
0 0.2776442307692308 0.4567307692307692 0.03125 0.019230769230769232
0 0.2439903846153846 0.4543269230769231 0.03125 0.02403846153846154
0 0.19951923076923078 0.48197115384615385 0.08653846153846154 0.08413461538461539
0 0.0625 0.49759615384615385 0.125 0.14423076923076922