0 0.1141826923076923 0.4651442307692308 0.2283653846153846 0.23317307692307693
0 0.3125 0.46153846153846156 0.03365384615384615 0.03365384615384615
0 0.33774038461538464 0.4567307692307692 0.040865384615384616 0.038461538461538464
0 0.375 0.4543269230769231 0.03365384615384615 0.03365384615384615
0 0.40384615384615385 0.45552884615384615 0.02403846153846154 0.021634615384615384
0 0.42427884615384615 0.4495192307692308 0.026442307692307692 0.019230769230769232
0 0.5 0.5024038461538461 0.12980769230769232 0.14423076923076922
0 0.9314903846153846 0.5300480769230769 0.12740384615384615 0.23317307692307693
0 0.7620192307692307 0.4795673076923077 0.10096153846153846 0.0889423076923077
0 0.6947115384615384 0.4567307692307692 0.038461538461538464 0.038461538461538464
0 0.5973557692307693 0.4543269230769231 0.03125 0.03365384615384615
0 0.6225961538461539 0.45913461538461536 0.028846153846153848 0.052884615384615384
0 0.6514423076923077 0.4639423076923077 0.057692307692307696 0.0625
0 0.23677884615384615 0.4879807692307692 0.055288461538461536 0.07211538461538461
0 0.5576923076923077 0.46153846153846156 0.02403846153846154 0.04807692307692308
0 0.5805288461538461 0.453125 0.016826923076923076 0.021634615384615384
1 0.4513942307692308 0.6798317307692308 0.9019711538461539 0.21302884615384615