0 0.05889423076923077 0.5036057692307693 0.11778846153846154 0.12259615384615384
0 0.23317307692307693 0.453125 0.038461538461538464 0.03125
0 0.265625 0.4543269230769231 0.036057692307692304 0.019230769230769232
0 0.3858173076923077 0.48197115384615385 0.10817307692307693 0.11778846153846154
0 0.4387019230769231 0.4567307692307692 0.03125 0.052884615384615384
0 0.4699519230769231 0.44350961538461536 0.021634615384615384 0.03125
0 0.4987980769230769 0.4519230769230769 0.040865384615384616 0.04807692307692308
0 0.5228365384615384 0.4519230769230769 0.026442307692307692 0.038461538461538464
0 0.5697115384615384 0.4567307692307692 0.0673076923076923 0.0673076923076923
0 0.6045673076923077 0.45072115384615385 0.036057692307692304 0.06009615384615385
0 0.6358173076923077 0.45072115384615385 0.040865384615384616 0.040865384615384616
0 0.6598557692307693 0.44591346153846156 0.026442307692307692 0.036057692307692304
0 0.7199519230769231 0.47716346153846156 0.10817307692307693 0.09375
0 0.7740384615384616 0.46153846153846156 0.057692307692307696 0.07211538461538461
0 0.9254807692307693 0.5324519230769231 0.14423076923076922 0.25721153846153844