0 0.7716346153846154 0.46274038461538464 0.07211538461538461 0.07451923076923077
0 0.7019230769230769 0.47475961538461536 0.10576923076923077 0.09375
2 0.6394230769230769 0.43990384615384615 0.009615384615384616 0.019230769230769232
0 0.6141826923076923 0.4519230769230769 0.021634615384615384 0.04326923076923077
0 0.5865384615384616 0.4567307692307692 0.052884615384615384 0.0625
0 0.5300480769230769 0.46033653846153844 0.06009615384615385 0.06971153846153846
0 0.48677884615384615 0.44591346153846156 0.021634615384615384 0.03125
0 0.44711538461538464 0.45552884615384615 0.03365384615384615 0.04567307692307692
0 0.4050480769230769 0.4735576923076923 0.0889423076923077 0.09615384615384616
0 0.22355769230769232 0.4675480769230769 0.07211538461538461 0.06971153846153846
0 0.33413461538461536 0.44591346153846156 0.019230769230769232 0.016826923076923076
0 0.13701923076923078 0.46153846153846156 0.057692307692307696 0.03365384615384615
0 0.9615384615384616 0.5264423076923077 0.07211538461538461 0.22596153846153846
0 0.6622596153846154 0.4495192307692308 0.03125 0.03365384615384615