0 0.9459134615384616 0.5384615384615384 0.10336538461538461 0.2692307692307692
0 0.7716346153846154 0.46634615384615385 0.0625 0.08173076923076923
0 0.7091346153846154 0.47836538461538464 0.10576923076923077 0.09615384615384616
0 0.6622596153846154 0.45072115384615385 0.036057692307692304 0.040865384615384616
0 0.6213942307692307 0.453125 0.026442307692307692 0.040865384615384616
0 0.5925480769230769 0.4543269230769231 0.04567307692307692 0.0625
0 0.546875 0.46153846153846156 0.055288461538461536 0.0673076923076923
0 0.5024038461538461 0.453125 0.038461538461538464 0.04567307692307692
0 0.47475961538461536 0.44711538461538464 0.026442307692307692 0.028846153846153848
0 0.4387019230769231 0.45552884615384615 0.036057692307692304 0.05048076923076923
0 0.390625 0.48197115384615385 0.0985576923076923 0.10336538461538461
0 0.18870192307692307 0.45552884615384615 0.05048076923076923 0.03125
0 0.23557692307692307 0.4567307692307692 0.04326923076923077 0.02403846153846154
0 0.35096153846153844 0.4495192307692308 0.019230769230769232 0.028846153846153848