0 0.7175480769230769 0.4807692307692308 0.11298076923076923 0.10576923076923077
0 0.5997596153846154 0.4519230769230769 0.03125 0.04326923076923077
0 0.5757211538461539 0.45913461538461536 0.026442307692307692 0.0673076923076923
0 0.5432692307692307 0.4651442307692308 0.0625 0.08413461538461539
0 0.5072115384615384 0.4519230769230769 0.038461538461538464 0.04807692307692308
0 0.47836538461538464 0.4423076923076923 0.02403846153846154 0.03365384615384615
0 0.44350961538461536 0.453125 0.040865384615384616 0.04567307692307692
0 0.39302884615384615 0.4735576923076923 0.08413461538461539 0.09615384615384616
0 0.07211538461538461 0.4639423076923077 0.0673076923076923 0.038461538461538464
0 0.2932692307692308 0.44471153846153844 0.019230769230769232 0.019230769230769232
2 0.6430288461538461 0.4411057692307692 0.007211538461538462 0.021634615384615384
0 0.6814903846153846 0.4495192307692308 0.04567307692307692 0.04326923076923077