0 0.8269230769230769 0.46634615384615385 0.0625 0.07692307692307693
0 0.7524038461538461 0.4855769230769231 0.14423076923076922 0.13942307692307693
0 0.6730769230769231 0.46875 0.07692307692307693 0.09134615384615384
0 0.6069711538461539 0.4543269230769231 0.04567307692307692 0.057692307692307696
0 0.546875 0.47596153846153844 0.0985576923076923 0.125
0 0.49278846153846156 0.45913461538461536 0.038461538461538464 0.0625
0 0.4254807692307692 0.45552884615384615 0.04807692307692308 0.055288461538461536
0 0.4519230769230769 0.4543269230769231 0.02403846153846154 0.038461538461538464
0 0.4639423076923077 0.4495192307692308 0.02403846153846154 0.03365384615384615
0 0.234375 0.5084134615384616 0.17548076923076922 0.1466346153846154
0 0.33774038461538464 0.43149038461538464 0.03125 0.04567307692307692
0 0.36658653846153844 0.4375 0.03125 0.03365384615384615
0 0.15625 0.4639423076923077 0.04807692307692308 0.038461538461538464
0 0.056490384615384616 0.46875 0.05048076923076923 0.038461538461538464
0 0.021634615384615384 0.46033653846153844 0.038461538461538464 0.036057692307692304