0 0.9206730769230769 0.4699519230769231 0.1346153846153846 0.10817307692307693
0 0.7415865384615384 0.4855769230769231 0.1658653846153846 0.16346153846153846
0 0.6706730769230769 0.4675480769230769 0.057692307692307696 0.09375
0 0.5877403846153846 0.4495192307692308 0.03125 0.052884615384615384
0 0.5324519230769231 0.47115384615384615 0.0985576923076923 0.12980769230769232
0 0.4735576923076923 0.4567307692307692 0.057692307692307696 0.07211538461538461
0 0.4182692307692308 0.44471153846153844 0.03365384615384615 0.04326923076923077
0 0.37740384615384615 0.4543269230769231 0.057692307692307696 0.0673076923076923
0 0.4423076923076923 0.4387019230769231 0.019230769230769232 0.03125
0 0.15504807692307693 0.4567307692307692 0.036057692307692304 0.03365384615384615
0 0.20072115384615385 0.45072115384615385 0.05048076923076923 0.04567307692307692
0 0.28725961538461536 0.4423076923076923 0.021634615384615384 0.019230769230769232
0 0.3076923076923077 0.44471153846153844 0.019230769230769232 0.019230769230769232
0 0.3473557692307692 0.4387019230769231 0.016826923076923076 0.021634615384615384