0 0.8918269230769231 0.4723557692307692 0.11538461538461539 0.09375
0 0.7632211538461539 0.49038461538461536 0.16105769230769232 0.15865384615384615
0 0.6838942307692307 0.47475961538461536 0.07451923076923077 0.0985576923076923
0 0.5973557692307693 0.45552884615384615 0.036057692307692304 0.055288461538461536
0 0.5444711538461539 0.47716346153846156 0.10336538461538461 0.13221153846153846
0 0.48197115384615385 0.46153846153846156 0.05048076923076923 0.07211538461538461
0 0.3954326923076923 0.45913461538461536 0.055288461538461536 0.0673076923076923
0 0.43149038461538464 0.4519230769230769 0.036057692307692304 0.04326923076923077
0 0.453125 0.44350961538461536 0.021634615384615384 0.03125
0 0.3449519230769231 0.44711538461538464 0.021634615384615384 0.019230769230769232
0 0.30408653846153844 0.4543269230769231 0.026442307692307692 0.02403846153846154
0 0.27524038461538464 0.4519230769230769 0.026442307692307692 0.02403846153846154
0 0.1310096153846154 0.46274038461538464 0.036057692307692304 0.03125
0 0.06850961538461539 0.4699519230769231 0.09375 0.06490384615384616
0 0.3641826923076923 0.43509615384615385 0.021634615384615384 0.02403846153846154