0 0.9435096153846154 0.4675480769230769 0.11298076923076923 0.11298076923076923
0 0.9603365384615384 0.5348557692307693 0.07932692307692307 0.19471153846153846
0 0.7103365384615384 0.4795673076923077 0.16105769230769232 0.16105769230769232
0 0.5288461538461539 0.4651442307692308 0.10576923076923077 0.12259615384615384
0 0.5853365384615384 0.44591346153846156 0.026442307692307692 0.05048076923076923
0 0.4699519230769231 0.453125 0.055288461538461536 0.07451923076923077
0 0.43509615384615385 0.4362980769230769 0.019230769230769232 0.026442307692307692
0 0.41466346153846156 0.43990384615384615 0.03125 0.04326923076923077
0 0.3701923076923077 0.45072115384615385 0.0625 0.06490384615384616
0 0.3173076923076923 0.43990384615384615 0.014423076923076924 0.014423076923076924
0 0.3004807692307692 0.43990384615384615 0.019230769230769232 0.019230769230769232
0 0.2668269230769231 0.4423076923076923 0.038461538461538464 0.038461538461538464
0 0.22355769230769232 0.4519230769230769 0.03365384615384615 0.03365384615384615
0 0.15745192307692307 0.45072115384615385 0.036057692307692304 0.03125
0 0.12620192307692307 0.4483173076923077 0.03125 0.036057692307692304