0 0.9098557692307693 0.5120192307692307 0.18028846153846154 0.18269230769230768
0 0.7427884615384616 0.46634615384615385 0.10096153846153846 0.10096153846153846
0 0.6478365384615384 0.46875 0.11298076923076923 0.125
0 0.5552884615384616 0.4579326923076923 0.08173076923076923 0.10336538461538461
0 0.5 0.45072115384615385 0.052884615384615384 0.06971153846153846
0 0.4651442307692308 0.43509615384615385 0.021634615384615384 0.03365384615384615
0 0.4423076923076923 0.4411057692307692 0.038461538461538464 0.04567307692307692
0 0.38822115384615385 0.4567307692307692 0.06971153846153846 0.07692307692307693
0 0.328125 0.43990384615384615 0.026442307692307692 0.019230769230769232
0 0.22115384615384615 0.4483173076923077 0.03365384615384615 0.03125
0 0.19951923076923078 0.44471153846153844 0.028846153846153848 0.028846153846153848
0 0.3557692307692308 0.4362980769230769 0.02403846153846154 0.026442307692307692