0 0.8713942307692307 0.46875 0.0889423076923077 0.09615384615384616
0 0.7680288461538461 0.4807692307692308 0.16105769230769232 0.14903846153846154
0 0.6838942307692307 0.47115384615384615 0.07932692307692307 0.09134615384615384
0 0.6069711538461539 0.4483173076923077 0.036057692307692304 0.05048076923076923
0 0.5444711538461539 0.4699519230769231 0.11778846153846154 0.13221153846153846
0 0.49278846153846156 0.4567307692307692 0.04807692307692308 0.07211538461538461
0 0.4110576923076923 0.453125 0.052884615384615384 0.06009615384615385
0 0.44350961538461536 0.44711538461538464 0.03125 0.04326923076923077
0 0.46153846153846156 0.43990384615384615 0.019230769230769232 0.028846153846153848
0 0.33413461538461536 0.4423076923076923 0.028846153846153848 0.028846153846153848
0 0.35216346153846156 0.4326923076923077 0.026442307692307692 0.038461538461538464
0 0.3713942307692308 0.4326923076923077 0.026442307692307692 0.038461538461538464
0 0.29086538461538464 0.45072115384615385 0.028846153846153848 0.026442307692307692
0 0.2512019230769231 0.45072115384615385 0.026442307692307692 0.026442307692307692
0 0.1141826923076923 0.4567307692307692 0.040865384615384616 0.028846153846153848
0 0.08052884615384616 0.453125 0.03125 0.03125
0 0.07211538461538461 0.5901442307692307 0.14423076923076922 0.29086538461538464