0 0.8509615384615384 0.4675480769230769 0.07692307692307693 0.0889423076923077
0 0.7596153846153846 0.4795673076923077 0.15384615384615385 0.1466346153846154
0 0.6778846153846154 0.47115384615384615 0.07211538461538461 0.08653846153846154
0 0.6081730769230769 0.453125 0.038461538461538464 0.055288461538461536
0 0.546875 0.47596153846153844 0.10817307692307693 0.1201923076923077
0 0.49759615384615385 0.46033653846153844 0.052884615384615384 0.06971153846153846
0 0.421875 0.4579326923076923 0.05048076923076923 0.055288461538461536
0 0.44591346153846156 0.4519230769230769 0.026442307692307692 0.038461538461538464
0 0.46274038461538464 0.43990384615384615 0.021634615384615384 0.028846153846153848
0 0.13701923076923078 0.5336538461538461 0.2548076923076923 0.19230769230769232
0 0.21995192307692307 0.4567307692307692 0.03125 0.028846153846153848
0 0.2692307692307692 0.45552884615384615 0.02403846153846154 0.026442307692307692
0 0.3137019230769231 0.4483173076923077 0.03125 0.03125
0 0.3473557692307692 0.4326923076923077 0.026442307692307692 0.038461538461538464
0 0.3713942307692308 0.43509615384615385 0.026442307692307692 0.03365384615384615
0 0.027644230769230768 0.4639423076923077 0.04567307692307692 0.038461538461538464