0 0.07091346153846154 0.46634615384615385 0.036057692307692304 0.038461538461538464
0 0.1141826923076923 0.4639423076923077 0.07451923076923077 0.0625
0 0.3112980769230769 0.48677884615384615 0.12259615384615384 0.11298076923076923
0 0.3076923076923077 0.42427884615384615 0.0673076923076923 0.04567307692307692
0 0.3545673076923077 0.43028846153846156 0.036057692307692304 0.03365384615384615
0 0.4206730769230769 0.4519230769230769 0.04807692307692308 0.04807692307692308
0 0.45552884615384615 0.43990384615384615 0.021634615384615384 0.028846153846153848
0 0.4879807692307692 0.45913461538461536 0.04807692307692308 0.0673076923076923
0 0.5348557692307693 0.47115384615384615 0.10336538461538461 0.1201923076923077
0 0.6057692307692307 0.45072115384615385 0.052884615384615384 0.055288461538461536
0 0.6634615384615384 0.4675480769230769 0.07692307692307693 0.0889423076923077
0 0.7427884615384616 0.48197115384615385 0.12980769230769232 0.13221153846153846
0 0.8088942307692307 0.46033653846153844 0.04567307692307692 0.07451923076923077