0 0.7620192307692307 0.47716346153846156 0.15384615384615385 0.15144230769230768
0 0.6658653846153846 0.4639423076923077 0.08653846153846154 0.09134615384615384
0 0.6153846153846154 0.453125 0.057692307692307696 0.06490384615384616
0 0.5192307692307693 0.48197115384615385 0.1346153846153846 0.16105769230769232
0 0.4543269230769231 0.46634615384615385 0.052884615384615384 0.10096153846153846
0 0.41225961538461536 0.44711538461538464 0.05048076923076923 0.057692307692307696
0 0.3245192307692308 0.4699519230769231 0.09615384615384616 0.0889423076923077
0 0.37259615384615385 0.4326923076923077 0.02403846153846154 0.02403846153846154
0 0.3076923076923077 0.4182692307692308 0.03365384615384615 0.03365384615384615
0 0.3293269230769231 0.4182692307692308 0.019230769230769232 0.028846153846153848
0 0.34375 0.4254807692307692 0.014423076923076924 0.019230769230769232
2 0.2439903846153846 0.4483173076923077 0.01201923076923077 0.026442307692307692
2 0.25841346153846156 0.44711538461538464 0.007211538461538462 0.019230769230769232
0 0.1310096153846154 0.43028846153846156 0.11778846153846154 0.09615384615384616
0 0.27884615384615385 0.43990384615384615 0.02403846153846154 0.028846153846153848