0 0.09134615384615384 0.44711538461538464 0.04326923076923077 0.028846153846153848
2 0.171875 0.45552884615384615 0.01201923076923077 0.03125
0 0.20673076923076922 0.44471153846153844 0.038461538461538464 0.038461538461538464
2 0.23197115384615385 0.4483173076923077 0.007211538461538462 0.026442307692307692
0 0.2848557692307692 0.44591346153846156 0.036057692307692304 0.03125
0 0.2956730769230769 0.41947115384615385 0.04326923076923077 0.05048076923076923
0 0.328125 0.4206730769230769 0.026442307692307692 0.038461538461538464
0 0.3473557692307692 0.421875 0.016826923076923076 0.026442307692307692
0 0.3329326923076923 0.44350961538461536 0.021634615384615384 0.021634615384615384
0 0.37259615384615385 0.4651442307692308 0.07211538461538461 0.07451923076923077
0 0.4206730769230769 0.4387019230769231 0.028846153846153848 0.036057692307692304
0 0.43990384615384615 0.49158653846153844 0.0673076923076923 0.16105769230769232
0 0.5564903846153846 0.5300480769230769 0.25721153846153844 0.30528846153846156
0 0.6995192307692307 0.46634615384615385 0.07211538461538461 0.09615384615384616
0 0.7932692307692307 0.4831730769230769 0.17307692307692307 0.16346153846153846