0 0.8185096153846154 0.4651442307692308 0.06009615384615385 0.07932692307692307
0 0.7463942307692307 0.484375 0.13221153846153846 0.12740384615384615
0 0.671875 0.4735576923076923 0.07451923076923077 0.08653846153846154
0 0.6069711538461539 0.45552884615384615 0.04567307692307692 0.055288461538461536
0 0.5432692307692307 0.47596153846153844 0.10576923076923077 0.125
0 0.49278846153846156 0.4639423076923077 0.04326923076923077 0.0673076923076923
0 0.42788461538461536 0.45913461538461536 0.04807692307692308 0.052884615384615384
0 0.453125 0.4519230769230769 0.021634615384615384 0.038461538461538464
0 0.46274038461538464 0.4519230769230769 0.021634615384615384 0.028846153846153848
0 0.2860576923076923 0.49759615384615385 0.13942307692307693 0.1201923076923077
0 0.328125 0.43509615384615385 0.04567307692307692 0.04326923076923077
0 0.3629807692307692 0.43509615384615385 0.03365384615384615 0.04326923076923077
0 0.22355769230769232 0.46033653846153844 0.04807692307692308 0.040865384615384616
0 0.18269230769230768 0.46634615384615385 0.04326923076923077 0.03365384615384615
0 0.057692307692307696 0.4723557692307692 0.057692307692307696 0.05048076923076923
0 0.018028846153846152 0.47716346153846156 0.036057692307692304 0.05048076923076923