2 0.11899038461538461 0.46634615384615385 0.016826923076923076 0.038461538461538464
2 0.07211538461538461 0.4735576923076923 0.019230769230769232 0.04326923076923077
2 0.021634615384615384 0.47475961538461536 0.02403846153846154 0.05048076923076923
0 0.08413461538461539 0.4567307692307692 0.052884615384615384 0.03365384615384615
0 0.17067307692307693 0.46274038461538464 0.07211538461538461 0.06009615384615385
0 0.30649038461538464 0.38822115384615385 0.20432692307692307 0.31971153846153844
0 0.4230769230769231 0.46033653846153844 0.038461538461538464 0.055288461538461536
0 0.4411057692307692 0.5144230769230769 0.06009615384615385 0.16346153846153846
0 0.59375 0.5721153846153846 0.3125 0.38461538461538464
0 0.7608173076923077 0.4795673076923077 0.09375 0.12259615384615384
0 0.8317307692307693 0.46153846153846156 0.057692307692307696 0.07692307692307693
0 0.9098557692307693 0.5204326923076923 0.17067307692307693 0.19471153846153846