0 0.9050480769230769 0.5384615384615384 0.18509615384615385 0.1971153846153846
0 0.42788461538461536 0.4951923076923077 0.1201923076923077 0.125
0 0.35096153846153844 0.4807692307692308 0.08173076923076923 0.08173076923076923
0 0.28846153846153844 0.46153846153846156 0.04807692307692308 0.052884615384615384
0 0.2620192307692308 0.45552884615384615 0.02403846153846154 0.03125
0 0.25 0.45072115384615385 0.02403846153846154 0.03125
0 0.21634615384615385 0.4675480769230769 0.052884615384615384 0.06009615384615385
0 0.18269230769230768 0.45552884615384615 0.02403846153846154 0.026442307692307692
0 0.10697115384615384 0.4723557692307692 0.040865384615384616 0.06971153846153846
0 0.1310096153846154 0.46634615384615385 0.026442307692307692 0.052884615384615384
0 0.04326923076923077 0.40865384615384615 0.08653846153846154 0.28365384615384615
0 0.14423076923076922 0.46274038461538464 0.038461538461538464 0.05048076923076923