0 0.19110576923076922 0.37740384615384615 0.3389423076923077 0.4519230769230769
0 0.07932692307692307 0.44591346153846156 0.15865384615384615 0.4879807692307692
0 0.3870192307692308 0.49038461538461536 0.0625 0.09615384615384616
0 0.41586538461538464 0.47836538461538464 0.0625 0.08173076923076923
0 0.4651442307692308 0.46634615384615385 0.036057692307692304 0.057692307692307696
0 0.5456730769230769 0.4567307692307692 0.02403846153846154 0.03365384615384615
0 0.5552884615384616 0.46033653846153844 0.019230769230769232 0.040865384615384616
0 0.5805288461538461 0.46153846153846156 0.040865384615384616 0.052884615384615384
0 0.6165865384615384 0.4519230769230769 0.021634615384615384 0.028846153846153848
0 0.6358173076923077 0.4567307692307692 0.03125 0.04326923076923077
0 0.671875 0.47115384615384615 0.05048076923076923 0.0673076923076923
0 0.7175480769230769 0.47836538461538464 0.07932692307692307 0.09134615384615384
0 0.8689903846153846 0.48197115384615385 0.0889423076923077 0.0889423076923077
0 0.4879807692307692 0.46634615384615385 0.03365384615384615 0.0625
0 0.4987980769230769 0.4579326923076923 0.03125 0.06009615384615385