0 0.8245192307692307 0.4338942307692308 0.052884615384615384 0.03125
0 0.7848557692307693 0.44471153846153844 0.036057692307692304 0.03365384615384615
0 0.7139423076923077 0.48197115384615385 0.11057692307692307 0.11778846153846154
0 0.6274038461538461 0.4639423076923077 0.07211538461538461 0.0673076923076923
0 0.5769230769230769 0.453125 0.038461538461538464 0.040865384615384616
0 0.5432692307692307 0.4495192307692308 0.028846153846153848 0.028846153846153848
0 0.5252403846153846 0.44350961538461536 0.021634615384615384 0.026442307692307692
0 0.48677884615384615 0.453125 0.04567307692307692 0.05048076923076923
0 0.45552884615384615 0.4423076923076923 0.01201923076923077 0.019230769230769232
0 0.2920673076923077 0.4411057692307692 0.040865384615384616 0.04567307692307692
0 0.3557692307692308 0.4326923076923077 0.02403846153846154 0.038461538461538464
0 0.33774038461538464 0.4483173076923077 0.016826923076923076 0.016826923076923076
0 0.38822115384615385 0.44350961538461536 0.016826923076923076 0.016826923076923076
4 0.11298076923076923 0.4579326923076923 0.014423076923076924 0.036057692307692304
0 0.042067307692307696 0.40384615384615385 0.08413461538461539 0.21153846153846154