0 0.96875 0.45913461538461536 0.057692307692307696 0.07692307692307693
4 0.8509615384615384 0.42908653846153844 0.019230769230769232 0.05048076923076923
0 0.7043269230769231 0.44711538461538464 0.057692307692307696 0.0673076923076923
0 0.6610576923076923 0.46875 0.09134615384615384 0.08653846153846154
0 0.6105769230769231 0.44471153846153844 0.03365384615384615 0.04326923076923077
0 0.5793269230769231 0.44591346153846156 0.038461538461538464 0.04567307692307692
0 0.47716346153846156 0.45072115384615385 0.036057692307692304 0.06009615384615385
0 0.5216346153846154 0.48197115384615385 0.10576923076923077 0.11298076923076923
0 0.038461538461538464 0.4362980769230769 0.07692307692307693 0.12259615384615384
0 0.23317307692307693 0.45552884615384615 0.057692307692307696 0.036057692307692304
0 0.2692307692307692 0.421875 0.10576923076923077 0.07932692307692307