0 0.203125 0.44591346153846156 0.026442307692307692 0.01201923076923077
0 0.30408653846153844 0.4326923076923077 0.040865384615384616 0.04807692307692308
0 0.37740384615384615 0.43990384615384615 0.009615384615384616 0.014423076923076924
0 0.38461538461538464 0.4411057692307692 0.004807692307692308 0.01201923076923077
0 0.39663461538461536 0.4387019230769231 0.009615384615384616 0.01201923076923077
0 0.40625 0.4387019230769231 0.009615384615384616 0.01201923076923077
0 0.41586538461538464 0.4362980769230769 0.014423076923076924 0.01201923076923077
0 0.43509615384615385 0.43509615384615385 0.009615384615384616 0.009615384615384616
0 0.484375 0.44711538461538464 0.03125 0.04326923076923077
0 0.53125 0.45913461538461536 0.0673076923076923 0.08653846153846154
0 0.5697115384615384 0.44350961538461536 0.019230769230769232 0.03125
0 0.5901442307692307 0.43990384615384615 0.026442307692307692 0.028846153846153848
0 0.6418269230769231 0.46153846153846156 0.0673076923076923 0.07211538461538461
0 0.6766826923076923 0.4423076923076923 0.021634615384615384 0.028846153846153848
0 0.7884615384615384 0.48677884615384615 0.14423076923076922 0.12259615384615384
2 0.14783653846153846 0.45552884615384615 0.036057692307692304 0.05048076923076923