0 0.33533653846153844 0.43149038461538464 0.03125 0.040865384615384616
0 0.2548076923076923 0.4411057692307692 0.019230769230769232 0.01201923076923077
0 0.3918269230769231 0.4387019230769231 0.009615384615384616 0.01201923076923077
0 0.40024038461538464 0.4387019230769231 0.007211538461538462 0.01201923076923077
0 0.4098557692307692 0.4362980769230769 0.007211538461538462 0.01201923076923077
0 0.41586538461538464 0.43509615384615385 0.009615384615384616 0.014423076923076924
0 0.4230769230769231 0.4326923076923077 0.004807692307692308 0.014423076923076924
0 0.47836538461538464 0.44591346153846156 0.038461538461538464 0.04567307692307692
0 0.5240384615384616 0.45072115384615385 0.057692307692307696 0.06971153846153846
0 0.5552884615384616 0.44711538461538464 0.02403846153846154 0.038461538461538464
0 0.5733173076923077 0.4411057692307692 0.021634615384615384 0.026442307692307692
0 0.6105769230769231 0.4675480769230769 0.07211538461538461 0.0889423076923077
0 0.6502403846153846 0.44471153846153844 0.03125 0.04326923076923077
0 0.796875 0.4879807692307692 0.15144230769230768 0.125