0 0.15745192307692307 0.44471153846153844 0.03125 0.014423076923076924
0 0.12860576923076922 0.44350961538461536 0.026442307692307692 0.016826923076923076
0 0.23798076923076922 0.4362980769230769 0.019230769230769232 0.01201923076923077
0 0.27884615384615385 0.43149038461538464 0.04807692307692308 0.055288461538461536
0 0.3858173076923077 0.4387019230769231 0.01201923076923077 0.01201923076923077
0 0.3942307692307692 0.43509615384615385 0.009615384615384616 0.014423076923076924
0 0.4074519230769231 0.43509615384615385 0.01201923076923077 0.014423076923076924
0 0.4483173076923077 0.43509615384615385 0.026442307692307692 0.014423076923076924
0 0.47836538461538464 0.44591346153846156 0.028846153846153848 0.040865384615384616
0 0.5300480769230769 0.46153846153846156 0.08413461538461539 0.09615384615384616
0 0.5841346153846154 0.45552884615384615 0.04326923076923077 0.06009615384615385
0 0.6177884615384616 0.4423076923076923 0.03365384615384615 0.038461538461538464
0 0.6899038461538461 0.44591346153846156 0.04807692307692308 0.036057692307692304
0 0.7668269230769231 0.48677884615384615 0.14423076923076922 0.12259615384615384
0 0.36538461538461536 0.4362980769230769 0.014423076923076924 0.016826923076923076
0 0.3762019230769231 0.4387019230769231 0.01201923076923077 0.01201923076923077
2 0.19471153846153846 0.4519230769230769 0.009615384615384616 0.028846153846153848