0 0.22115384615384615 0.43028846153846156 0.0625 0.0673076923076923
2 0.3125 0.4423076923076923 0.009615384615384616 0.019230769230769232
0 0.25841346153846156 0.44591346153846156 0.016826923076923076 0.021634615384615384
0 0.3485576923076923 0.4387019230769231 0.014423076923076924 0.016826923076923076
0 0.359375 0.4375 0.01201923076923077 0.014423076923076924
0 0.3737980769230769 0.4362980769230769 0.016826923076923076 0.016826923076923076
0 0.3858173076923077 0.4326923076923077 0.01201923076923077 0.014423076923076924
0 0.40024038461538464 0.43028846153846156 0.021634615384615384 0.019230769230769232
0 0.4206730769230769 0.4326923076923077 0.02403846153846154 0.019230769230769232
0 0.4495192307692308 0.43509615384615385 0.028846153846153848 0.019230769230769232
0 0.53125 0.47596153846153844 0.12980769230769232 0.14903846153846154
0 0.6105769230769231 0.4387019230769231 0.038461538461538464 0.040865384615384616
0 0.7079326923076923 0.4735576923076923 0.11778846153846154 0.10096153846153846
0 0.04927884615384615 0.4495192307692308 0.040865384615384616 0.019230769230769232