0 0.11057692307692307 0.5480769230769231 0.21634615384615385 0.3076923076923077
0 0.18990384615384615 0.46033653846153844 0.038461538461538464 0.05048076923076923
0 0.23076923076923078 0.46153846153846156 0.03365384615384615 0.03365384615384615
0 0.31490384615384615 0.4879807692307692 0.10576923076923077 0.09615384615384616
0 0.3762019230769231 0.46875 0.04567307692307692 0.0625
0 0.3954326923076923 0.46274038461538464 0.036057692307692304 0.05048076923076923
0 0.4182692307692308 0.4567307692307692 0.028846153846153848 0.04326923076923077
0 0.4495192307692308 0.44591346153846156 0.019230769230769232 0.026442307692307692
0 0.49278846153846156 0.46274038461538464 0.04807692307692308 0.06009615384615385
0 0.5528846153846154 0.4519230769230769 0.038461538461538464 0.04326923076923077
0 0.6213942307692307 0.46634615384615385 0.06490384615384616 0.0625
0 0.7367788461538461 0.4411057692307692 0.01201923076923077 0.03125
0 0.8209134615384616 0.453125 0.016826923076923076 0.06009615384615385
0 0.9783653846153846 0.46153846153846156 0.02403846153846154 0.08173076923076923
0 0.2668269230769231 0.46153846153846156 0.019230769230769232 0.03365384615384615