0 0.037259615384615384 0.484375 0.06490384615384616 0.05048076923076923
0 0.09615384615384616 0.4795673076923077 0.052884615384615384 0.05048076923076923
0 0.21033653846153846 0.5216346153846154 0.21875 0.20192307692307693
0 0.35216346153846156 0.484375 0.10336538461538461 0.0985576923076923
0 0.4266826923076923 0.47475961538461536 0.05048076923076923 0.06490384615384616
0 0.4579326923076923 0.46274038461538464 0.036057692307692304 0.055288461538461536
0 0.5372596153846154 0.46153846153846156 0.05048076923076923 0.0625
0 0.5973557692307693 0.4543269230769231 0.036057692307692304 0.04326923076923077
0 0.6502403846153846 0.4651442307692308 0.055288461538461536 0.06009615384615385
0 0.49038461538461536 0.4495192307692308 0.019230769230769232 0.028846153846153848
4 0.7271634615384616 0.44591346153846156 0.007211538461538462 0.036057692307692304
4 0.6995192307692307 0.4423076923076923 0.009615384615384616 0.02403846153846154