0 0.1814903846153846 0.5192307692307693 0.21394230769230768 0.19230769230769232
0 0.32091346153846156 0.4879807692307692 0.09375 0.09615384615384616
0 0.3942307692307692 0.47475961538461536 0.057692307692307696 0.06009615384615385
0 0.42788461538461536 0.4639423076923077 0.038461538461538464 0.04807692307692308
0 0.5048076923076923 0.46153846153846156 0.052884615384615384 0.0625
0 0.5661057692307693 0.45552884615384615 0.036057692307692304 0.04567307692307692
0 0.6165865384615384 0.46634615384615385 0.06009615384615385 0.0625
0 0.021634615384615384 0.4723557692307692 0.04326923076923077 0.03125
0 0.07091346153846154 0.47115384615384615 0.040865384615384616 0.02403846153846154
4 0.7307692307692307 0.45072115384615385 0.009615384615384616 0.040865384615384616
4 0.7379807692307693 0.4519230769230769 0.009615384615384616 0.038461538461538464
4 0.6802884615384616 0.44591346153846156 0.009615384615384616 0.036057692307692304
4 0.6598557692307693 0.4423076923076923 0.007211538461538462 0.02403846153846154