0 0.036057692307692304 0.59375 0.07211538461538461 0.23557692307692307
0 0.34375 0.4807692307692308 0.09615384615384616 0.09134615384615384
0 0.40865384615384615 0.4495192307692308 0.038461538461538464 0.038461538461538464
0 0.4362980769230769 0.44591346153846156 0.026442307692307692 0.040865384615384616
0 0.45913461538461536 0.4423076923076923 0.014423076923076924 0.02403846153846154
0 0.4891826923076923 0.4543269230769231 0.04567307692307692 0.057692307692307696
0 0.5192307692307693 0.4495192307692308 0.02403846153846154 0.038461538461538464
0 0.5444711538461539 0.4411057692307692 0.016826923076923076 0.026442307692307692
0 0.5949519230769231 0.45072115384615385 0.04567307692307692 0.055288461538461536
0 0.5685096153846154 0.45072115384615385 0.01201923076923077 0.040865384615384616
0 0.5588942307692307 0.44471153846153844 0.01201923076923077 0.03365384615384615
2 0.6262019230769231 0.44591346153846156 0.021634615384615384 0.040865384615384616