0 0.07692307692307693 0.41466346153846156 0.15384615384615385 0.10817307692307693
0 0.20192307692307693 0.45913461538461536 0.057692307692307696 0.052884615384615384
0 0.3004807692307692 0.4855769230769231 0.1201923076923077 0.11057692307692307
0 0.39903846153846156 0.4579326923076923 0.04807692307692308 0.055288461538461536
0 0.35697115384615385 0.4483173076923077 0.03125 0.04567307692307692
0 0.43149038461538464 0.45072115384615385 0.03125 0.04567307692307692
0 0.49038461538461536 0.45072115384615385 0.04807692307692308 0.05048076923076923
0 0.5853365384615384 0.45072115384615385 0.04567307692307692 0.05048076923076923
0 0.5528846153846154 0.4411057692307692 0.019230769230769232 0.026442307692307692
0 0.5168269230769231 0.4495192307692308 0.009615384615384616 0.038461538461538464
0 0.453125 0.4411057692307692 0.016826923076923076 0.026442307692307692
2 0.8161057692307693 0.4579326923076923 0.026442307692307692 0.08413461538461539