0 0.12379807692307693 0.4639423076923077 0.055288461538461536 0.02403846153846154
0 0.36658653846153844 0.48677884615384615 0.1466346153846154 0.14182692307692307
0 0.49158653846153844 0.4651442307692308 0.06971153846153846 0.07451923076923077
0 0.5348557692307693 0.4483173076923077 0.026442307692307692 0.04567307692307692
0 0.5793269230769231 0.45552884615384615 0.04326923076923077 0.06009615384615385
0 0.6129807692307693 0.4543269230769231 0.028846153846153848 0.038461538461538464
0 0.6346153846153846 0.45552884615384615 0.014423076923076924 0.016826923076923076
0 0.7175480769230769 0.46153846153846156 0.06009615384615385 0.0673076923076923
0 0.6875 0.4567307692307692 0.019230769230769232 0.04326923076923077
2 0.9278846153846154 0.46634615384615385 0.057692307692307696 0.08173076923076923
0 0.7487980769230769 0.4543269230769231 0.016826923076923076 0.038461538461538464