4 0.49278846153846156 0.46875 0.07692307692307693 0.09134615384615384
0 0.5564903846153846 0.453125 0.04567307692307692 0.05048076923076923
0 0.5841346153846154 0.44471153846153844 0.028846153846153848 0.04326923076923077
0 0.7199519230769231 0.4495192307692308 0.06490384615384616 0.0673076923076923
0 0.14302884615384615 0.45072115384615385 0.04567307692307692 0.026442307692307692
4 0.14182692307692307 0.4567307692307692 0.009615384615384616 0.038461538461538464
0 0.3629807692307692 0.43028846153846156 0.019230769230769232 0.028846153846153848
0 0.38221153846153844 0.4254807692307692 0.019230769230769232 0.019230769230769232
0 0.3870192307692308 0.4411057692307692 0.019230769230769232 0.01201923076923077
0 0.2932692307692308 0.4423076923076923 0.04326923076923077 0.02403846153846154
0 0.26802884615384615 0.44711538461538464 0.026442307692307692 0.02403846153846154
0 0.421875 0.43149038461538464 0.016826923076923076 0.016826923076923076
0 0.5072115384615384 0.41466346153846156 0.009615384615384616 0.01201923076923077
0 0.5228365384615384 0.4182692307692308 0.007211538461538462 0.009615384615384616
0 0.5192307692307693 0.4098557692307692 0.004807692307692308 0.007211538461538462
0 0.46875 0.40024038461538464 0.004807692307692308 0.01201923076923077
0 0.3317307692307692 0.44471153846153844 0.02403846153846154 0.019230769230769232
0 0.3425480769230769 0.4362980769230769 0.021634615384615384 0.03125