0 0.4879807692307692 0.47115384615384615 0.08653846153846154 0.10096153846153846
0 0.5444711538461539 0.453125 0.04567307692307692 0.05048076923076923
0 0.578125 0.44350961538461536 0.03125 0.04567307692307692
0 0.6911057692307693 0.45072115384615385 0.06009615384615385 0.07451923076923077
0 0.8197115384615384 0.4519230769230769 0.0673076923076923 0.0673076923076923
0 0.15625 0.4567307692307692 0.052884615384615384 0.028846153846153848
0 0.27524038461538464 0.44591346153846156 0.03125 0.021634615384615384
4 0.20072115384615385 0.4495192307692308 0.01201923076923077 0.028846153846153848
0 0.10096153846153846 0.4483173076923077 0.052884615384615384 0.016826923076923076
0 0.33774038461538464 0.4411057692307692 0.021634615384615384 0.016826923076923076
0 0.3737980769230769 0.43509615384615385 0.016826923076923076 0.014423076923076924
0 0.39663461538461536 0.4266826923076923 0.014423076923076924 0.021634615384615384
0 0.35697115384615385 0.4338942307692308 0.016826923076923076 0.026442307692307692