0 0.06610576923076923 0.484375 0.0889423076923077 0.06490384615384616
0 0.18389423076923078 0.45913461538461536 0.026442307692307692 0.028846153846153848
0 0.12860576923076922 0.46153846153846156 0.036057692307692304 0.03365384615384615
0 0.22355769230769232 0.4579326923076923 0.057692307692307696 0.021634615384615384
0 0.27403846153846156 0.4387019230769231 0.04326923076923077 0.05048076923076923
0 0.3317307692307692 0.4519230769230769 0.038461538461538464 0.038461538461538464
0 0.3485576923076923 0.43028846153846156 0.028846153846153848 0.028846153846153848
0 0.4987980769230769 0.4675480769230769 0.06971153846153846 0.07932692307692307
0 0.5516826923076923 0.4543269230769231 0.04567307692307692 0.04807692307692308
0 0.578125 0.4483173076923077 0.021634615384615384 0.036057692307692304
0 0.7019230769230769 0.453125 0.057692307692307696 0.06490384615384616
0 0.3942307692307692 0.421875 0.019230769230769232 0.026442307692307692
0 0.41225961538461536 0.4254807692307692 0.016826923076923076 0.014423076923076924
0 0.5228365384615384 0.41947115384615385 0.01201923076923077 0.01201923076923077
0 0.5396634615384616 0.4206730769230769 0.01201923076923077 0.014423076923076924
0 0.49158653846153844 0.4170673076923077 0.007211538461538462 0.01201923076923077
0 0.46274038461538464 0.39903846153846156 0.007211538461538462 0.014423076923076924
0 0.4387019230769231 0.4326923076923077 0.01201923076923077 0.014423076923076924
2 0.6334134615384616 0.43509615384615385 0.01201923076923077 0.028846153846153848
0 0.53125 0.4074519230769231 0.004807692307692308 0.007211538461538462
0 0.5180288461538461 0.41586538461538464 0.007211538461538462 0.009615384615384616