0 0.06971153846153846 0.47115384615384615 0.052884615384615384 0.038461538461538464
0 0.1971153846153846 0.4411057692307692 0.038461538461538464 0.06490384615384616
0 0.24278846153846154 0.46274038461538464 0.057692307692307696 0.06009615384615385
0 0.5012019230769231 0.4723557692307692 0.06971153846153846 0.07451923076923077
0 0.5420673076923077 0.4579326923076923 0.036057692307692304 0.05048076923076923
0 0.5709134615384616 0.4495192307692308 0.03125 0.04326923076923077
0 0.6947115384615384 0.45552884615384615 0.052884615384615384 0.06009615384615385
0 0.3173076923076923 0.46153846153846156 0.038461538461538464 0.038461538461538464
0 0.28725961538461536 0.45072115384615385 0.021634615384615384 0.026442307692307692
0 0.328125 0.43028846153846156 0.026442307692307692 0.02403846153846154
0 0.3870192307692308 0.42788461538461536 0.019230769230769232 0.038461538461538464
0 0.4026442307692308 0.42908653846153844 0.016826923076923076 0.021634615384615384
0 0.5396634615384616 0.41947115384615385 0.01201923076923077 0.016826923076923076
0 0.5240384615384616 0.41947115384615385 0.009615384615384616 0.01201923076923077
0 0.5324519230769231 0.40865384615384615 0.007211538461538462 0.009615384615384616
0 0.49399038461538464 0.4170673076923077 0.007211538461538462 0.01201923076923077
0 0.46274038461538464 0.4026442307692308 0.007211538461538462 0.01201923076923077