0 0.26322115384615385 0.49158653846153844 0.13221153846153846 0.12740384615384615
0 0.3125 0.4723557692307692 0.09134615384615384 0.10336538461538461
0 0.3545673076923077 0.41346153846153844 0.021634615384615384 0.019230769230769232
0 0.5228365384615384 0.45552884615384615 0.06971153846153846 0.07451923076923077
0 0.59375 0.4411057692307692 0.04807692307692308 0.05048076923076923
0 0.49038461538461536 0.42788461538461536 0.019230769230769232 0.04326923076923077
0 0.4831730769230769 0.4014423076923077 0.014423076923076924 0.019230769230769232
4 0.8942307692307693 0.44471153846153844 0.02403846153846154 0.0673076923076923
0 0.5685096153846154 0.4026442307692308 0.01201923076923077 0.021634615384615384
0 0.5612980769230769 0.43509615384615385 0.03125 0.038461538461538464
0 0.8185096153846154 0.4182692307692308 0.07451923076923077 0.052884615384615384
0 0.40865384615384615 0.3954326923076923 0.019230769230769232 0.036057692307692304
0 0.3954326923076923 0.39903846153846156 0.01201923076923077 0.014423076923076924
0 0.43990384615384615 0.39783653846153844 0.014423076923076924 0.01201923076923077
0 0.4987980769230769 0.4098557692307692 0.021634615384615384 0.021634615384615384
0 0.5504807692307693 0.3918269230769231 0.009615384615384616 0.014423076923076924
0 0.4543269230769231 0.3954326923076923 0.009615384615384616 0.01201923076923077
0 0.4639423076923077 0.3918269230769231 0.009615384615384616 0.014423076923076924
0 0.5901442307692307 0.41225961538461536 0.026442307692307692 0.01201923076923077