0 0.09134615384615384 0.46274038461538464 0.0673076923076923 0.06009615384615385
0 0.22956730769230768 0.45072115384615385 0.055288461538461536 0.05048076923076923
0 0.3269230769230769 0.4230769230769231 0.019230769230769232 0.02403846153846154
0 0.3641826923076923 0.4050480769230769 0.036057692307692304 0.055288461538461536
0 0.4050480769230769 0.4182692307692308 0.016826923076923076 0.019230769230769232
0 0.4326923076923077 0.41346153846153844 0.014423076923076924 0.014423076923076924
0 0.5252403846153846 0.45552884615384615 0.06971153846153846 0.07451923076923077
0 0.6105769230769231 0.44350961538461536 0.052884615384615384 0.05048076923076923
0 0.49399038461538464 0.42427884615384615 0.026442307692307692 0.036057692307692304
0 0.5600961538461539 0.41466346153846156 0.02403846153846154 0.021634615384615384
0 0.5949519230769231 0.43028846153846156 0.03125 0.038461538461538464
4 0.1310096153846154 0.44471153846153844 0.01201923076923077 0.03365384615384615