0 0.5168269230769231 0.4519230769230769 0.07211538461538461 0.07692307692307693
0 0.609375 0.43990384615384615 0.05048076923076923 0.04807692307692308
0 0.4879807692307692 0.4254807692307692 0.02403846153846154 0.038461538461538464
0 0.5552884615384616 0.41586538461538464 0.02403846153846154 0.019230769230769232
0 0.28725961538461536 0.42788461538461536 0.026442307692307692 0.02403846153846154
0 0.3317307692307692 0.4074519230769231 0.04807692307692308 0.06009615384615385
0 0.38100961538461536 0.4230769230769231 0.021634615384615384 0.02403846153846154
0 0.41586538461538464 0.41586538461538464 0.014423076923076924 0.014423076923076924
0 0.5949519230769231 0.4266826923076923 0.03125 0.036057692307692304
0 0.6550480769230769 0.40625 0.016826923076923076 0.02403846153846154
4 0.037259615384615384 0.4567307692307692 0.01201923076923077 0.04326923076923077