0 0.030048076923076924 0.4699519230769231 0.06009615384615385 0.040865384615384616
0 0.08533653846153846 0.46634615384615385 0.055288461538461536 0.038461538461538464
0 0.1658653846153846 0.4567307692307692 0.028846153846153848 0.038461538461538464
0 0.2127403846153846 0.4543269230769231 0.05048076923076923 0.038461538461538464
0 0.40024038461538464 0.45552884615384615 0.06009615384615385 0.055288461538461536
0 0.5264423076923077 0.46153846153846156 0.0625 0.08173076923076923
0 0.5985576923076923 0.4483173076923077 0.038461538461538464 0.055288461538461536
0 0.5661057692307693 0.4362980769230769 0.026442307692307692 0.03125
0 0.34615384615384615 0.4230769230769231 0.02403846153846154 0.02403846153846154
0 0.3954326923076923 0.40384615384615385 0.016826923076923076 0.02403846153846154
0 0.6213942307692307 0.42788461538461536 0.021634615384615384 0.038461538461538464
4 0.8100961538461539 0.43509615384615385 0.014423076923076924 0.04326923076923077
0 0.5036057692307693 0.43028846153846156 0.026442307692307692 0.03365384615384615
0 0.41586538461538464 0.39302884615384615 0.009615384615384616 0.016826923076923076
0 0.43149038461538464 0.3894230769230769 0.016826923076923076 0.028846153846153848
0 0.4543269230769231 0.3918269230769231 0.009615384615384616 0.009615384615384616
0 0.4879807692307692 0.4050480769230769 0.014423076923076924 0.016826923076923076
0 0.49399038461538464 0.39302884615384615 0.007211538461538462 0.01201923076923077
0 0.5096153846153846 0.39903846153846156 0.009615384615384616 0.019230769230769232
0 0.5709134615384616 0.40024038461538464 0.016826923076923076 0.016826923076923076
0 0.5360576923076923 0.39783653846153844 0.009615384615384616 0.01201923076923077
0 0.5552884615384616 0.3954326923076923 0.009615384615384616 0.01201923076923077
0 0.546875 0.4182692307692308 0.026442307692307692 0.028846153846153848
0 0.7463942307692307 0.4098557692307692 0.05048076923076923 0.04567307692307692