4 0.17668269230769232 0.4567307692307692 0.01201923076923077 0.03365384615384615
0 0.2824519230769231 0.4543269230769231 0.026442307692307692 0.02403846153846154
0 0.31490384615384615 0.45913461538461536 0.04326923076923077 0.04326923076923077
0 0.4014423076923077 0.44471153846153844 0.02403846153846154 0.019230769230769232
0 0.4014423076923077 0.4230769230769231 0.019230769230769232 0.019230769230769232
0 0.4326923076923077 0.43990384615384615 0.014423076923076924 0.019230769230769232
0 0.44591346153846156 0.4362980769230769 0.01201923076923077 0.021634615384615384
0 0.5024038461538461 0.4483173076923077 0.028846153846153848 0.05048076923076923
0 0.5877403846153846 0.45072115384615385 0.05048076923076923 0.05048076923076923
0 0.5540865384615384 0.44350961538461536 0.016826923076923076 0.03125
0 0.6382211538461539 0.44591346153846156 0.03125 0.040865384615384616
0 0.6923076923076923 0.453125 0.052884615384615384 0.055288461538461536
0 0.765625 0.4495192307692308 0.05048076923076923 0.04807692307692308
4 0.9002403846153846 0.4266826923076923 0.016826923076923076 0.055288461538461536