0 0.04807692307692308 0.4963942307692308 0.09615384615384616 0.11778846153846154
0 0.14182692307692307 0.4723557692307692 0.057692307692307696 0.05048076923076923
0 0.19591346153846154 0.4675480769230769 0.040865384615384616 0.036057692307692304
0 0.23317307692307693 0.45913461538461536 0.03365384615384615 0.03365384615384615
0 0.29447115384615385 0.46153846153846156 0.04567307692307692 0.04326923076923077
0 0.4014423076923077 0.4230769230769231 0.08653846153846154 0.08173076923076923
0 0.5084134615384616 0.45552884615384615 0.04567307692307692 0.06490384615384616
0 0.6382211538461539 0.4639423076923077 0.07451923076923077 0.07211538461538461
0 0.6730769230769231 0.45072115384615385 0.02403846153846154 0.04567307692307692
0 0.7139423076923077 0.4567307692307692 0.04807692307692308 0.052884615384615384
0 0.7439903846153846 0.4495192307692308 0.026442307692307692 0.04326923076923077
0 0.8533653846153846 0.47115384615384615 0.11057692307692307 0.08653846153846154
0 0.9675480769230769 0.47596153846153844 0.06009615384615385 0.08653846153846154
0 0.9338942307692307 0.4387019230769231 0.055288461538461536 0.03125
0 0.6021634615384616 0.45072115384615385 0.026442307692307692 0.04567307692307692
0 0.5552884615384616 0.44350961538461536 0.02403846153846154 0.026442307692307692
0 0.5793269230769231 0.44711538461538464 0.019230769230769232 0.03365384615384615
0 0.47475961538461536 0.44711538461538464 0.026442307692307692 0.03365384615384615