0 0.09134615384615384 0.4963942307692308 0.1201923076923077 0.09375
0 0.21634615384615385 0.46153846153846156 0.04807692307692308 0.04326923076923077
0 0.2644230769230769 0.4338942307692308 0.0673076923076923 0.07932692307692307
0 0.3317307692307692 0.44591346153846156 0.04807692307692308 0.06490384615384616
0 0.36899038461538464 0.44471153846153844 0.026442307692307692 0.038461538461538464
0 0.4074519230769231 0.4423076923076923 0.021634615384615384 0.02403846153846154
0 0.41346153846153844 0.42427884615384615 0.028846153846153848 0.04567307692307692
0 0.5144230769230769 0.4483173076923077 0.038461538461538464 0.06009615384615385
0 0.6322115384615384 0.46153846153846156 0.07692307692307693 0.07692307692307693
0 0.6971153846153846 0.4495192307692308 0.04326923076923077 0.04807692307692308
0 0.5997596153846154 0.4483173076923077 0.021634615384615384 0.040865384615384616
0 0.5817307692307693 0.4411057692307692 0.02403846153846154 0.036057692307692304
0 0.8028846153846154 0.46153846153846156 0.09134615384615384 0.08173076923076923
0 0.7536057692307693 0.44350961538461536 0.026442307692307692 0.05048076923076923
0 0.9074519230769231 0.46033653846153844 0.0889423076923077 0.06971153846153846