0 0.1875 0.47475961538461536 0.08173076923076923 0.06971153846153846
0 0.13581730769230768 0.45552884615384615 0.01201923076923077 0.036057692307692304
0 0.27283653846153844 0.453125 0.036057692307692304 0.036057692307692304
0 0.34375 0.45552884615384615 0.057692307692307696 0.040865384615384616
0 0.3713942307692308 0.44471153846153844 0.021634615384615384 0.028846153846153848
0 0.38822115384615385 0.44471153846153844 0.021634615384615384 0.019230769230769232
0 0.3942307692307692 0.42908653846153844 0.028846153846153848 0.040865384615384616
0 0.4206730769230769 0.43509615384615385 0.014423076923076924 0.02403846153846154
0 0.43990384615384615 0.43509615384615385 0.019230769230769232 0.02403846153846154
0 0.5084134615384616 0.4411057692307692 0.03125 0.04567307692307692
0 0.5480769230769231 0.4387019230769231 0.009615384615384616 0.021634615384615384
0 0.5384615384615384 0.4326923076923077 0.014423076923076924 0.019230769230769232
0 0.5625 0.4411057692307692 0.02403846153846154 0.03125
0 0.5949519230769231 0.45072115384615385 0.055288461538461536 0.055288461538461536
0 0.6358173076923077 0.43990384615384615 0.026442307692307692 0.028846153846153848
0 0.6670673076923077 0.44350961538461536 0.03125 0.040865384615384616
0 0.7091346153846154 0.4495192307692308 0.057692307692307696 0.057692307692307696
0 0.7800480769230769 0.4483173076923077 0.055288461538461536 0.05048076923076923
0 0.9891826923076923 0.43509615384615385 0.016826923076923076 0.052884615384615384