0 0.018028846153846152 0.4675480769230769 0.036057692307692304 0.06971153846153846
0 0.05048076923076923 0.45913461538461536 0.03365384615384615 0.03365384615384615
0 0.078125 0.4567307692307692 0.03125 0.028846153846153848
0 0.41466346153846156 0.46274038461538464 0.0889423076923077 0.14182692307692307
0 0.36177884615384615 0.4543269230769231 0.026442307692307692 0.07692307692307693
0 0.5252403846153846 0.4567307692307692 0.07932692307692307 0.08653846153846154
0 0.4807692307692308 0.4579326923076923 0.02403846153846154 0.055288461538461536
0 0.6069711538461539 0.4411057692307692 0.04567307692307692 0.05048076923076923
0 0.6550480769230769 0.4375 0.036057692307692304 0.038461538461538464
0 0.7415865384615384 0.4519230769230769 0.06971153846153846 0.0625
0 0.6935096153846154 0.43028846153846156 0.03125 0.03365384615384615