0 0.43149038461538464 0.4639423076923077 0.07932692307692307 0.1201923076923077
0 0.5216346153846154 0.4519230769230769 0.0673076923076923 0.07211538461538461
0 0.6117788461538461 0.44711538461538464 0.05048076923076923 0.052884615384615384
0 0.6622596153846154 0.4423076923076923 0.036057692307692304 0.038461538461538464
0 0.5697115384615384 0.43509615384615385 0.02403846153846154 0.028846153846153848
0 0.3894230769230769 0.46274038461538464 0.019230769230769232 0.06009615384615385
0 0.38341346153846156 0.45072115384615385 0.03125 0.06490384615384616
0 0.703125 0.4338942307692308 0.026442307692307692 0.03125
0 0.7367788461538461 0.44471153846153844 0.036057692307692304 0.038461538461538464
0 0.765625 0.4579326923076923 0.07451923076923077 0.06490384615384616
0 0.038461538461538464 0.4699519230769231 0.057692307692307696 0.05048076923076923
0 0.07932692307692307 0.4519230769230769 0.02403846153846154 0.028846153846153848
0 0.10096153846153846 0.45072115384615385 0.019230769230769232 0.026442307692307692