0 0.44711538461538464 0.4567307692307692 0.07211538461538461 0.11057692307692307
0 0.5168269230769231 0.44471153846153844 0.0625 0.0673076923076923
0 0.40625 0.4543269230769231 0.019230769230769232 0.057692307692307696
0 0.40024038461538464 0.44591346153846156 0.03125 0.06009615384615385
0 0.6165865384615384 0.44350961538461536 0.05048076923076923 0.055288461538461536
0 0.6622596153846154 0.4375 0.036057692307692304 0.038461538461538464
0 0.5721153846153846 0.43149038461538464 0.02403846153846154 0.03125
0 0.7896634615384616 0.45552884615384615 0.08413461538461539 0.07451923076923077
0 0.7367788461538461 0.4423076923076923 0.04567307692307692 0.04326923076923077
0 0.7103365384615384 0.43028846153846156 0.026442307692307692 0.02403846153846154
0 0.09735576923076923 0.4651442307692308 0.040865384615384616 0.040865384615384616
0 0.025240384615384616 0.4543269230769231 0.03125 0.03365384615384615
0 0.06129807692307692 0.4543269230769231 0.036057692307692304 0.04326923076923077
0 0.1201923076923077 0.45072115384615385 0.02403846153846154 0.026442307692307692