0 0.037259615384615384 0.4723557692307692 0.04567307692307692 0.055288461538461536
0 0.08052884615384616 0.4699519230769231 0.05048076923076923 0.05048076923076923
0 0.12139423076923077 0.46875 0.05048076923076923 0.04326923076923077
0 0.1622596153846154 0.46634615384615385 0.040865384615384616 0.038461538461538464
0 0.5252403846153846 0.5180288461538461 0.20432692307692307 0.31009615384615385
0 0.7127403846153846 0.47115384615384615 0.12740384615384615 0.125
0 0.6346153846153846 0.46153846153846156 0.0673076923076923 0.07692307692307693
0 0.7764423076923077 0.4411057692307692 0.02403846153846154 0.03125
0 0.7932692307692307 0.4375 0.019230769230769232 0.02403846153846154
0 0.8149038461538461 0.43509615384615385 0.014423076923076924 0.02403846153846154
0 0.8509615384615384 0.43509615384615385 0.028846153846153848 0.03365384615384615
0 0.9206730769230769 0.4387019230769231 0.038461538461538464 0.04567307692307692