0 0.016826923076923076 0.48197115384615385 0.03365384615384615 0.055288461538461536
0 0.056490384615384616 0.4807692307692308 0.055288461538461536 0.04807692307692308
0 0.09615384615384616 0.4699519230769231 0.038461538461538464 0.05048076923076923
0 0.21875 0.47596153846153844 0.0625 0.04807692307692308
0 0.28846153846153844 0.47475961538461536 0.057692307692307696 0.06490384615384616
0 0.33533653846153844 0.49158653846153844 0.06009615384615385 0.07451923076923077
0 0.41225961538461536 0.4951923076923077 0.09375 0.14423076923076922
0 0.5108173076923077 0.45913461538461536 0.03125 0.03365384615384615
0 0.5564903846153846 0.45552884615384615 0.040865384615384616 0.036057692307692304
0 0.7067307692307693 0.43509615384615385 0.1346153846153846 0.16826923076923078
0 0.6286057692307693 0.4735576923076923 0.026442307692307692 0.052884615384615384
0 0.609375 0.4651442307692308 0.026442307692307692 0.04567307692307692
0 0.6081730769230769 0.44591346153846156 0.052884615384615384 0.06971153846153846
0 0.8822115384615384 0.5024038461538461 0.17307692307692307 0.11538461538461539
0 0.7980769230769231 0.47475961538461536 0.038461538461538464 0.06009615384615385
0 0.9567307692307693 0.4951923076923077 0.08653846153846154 0.09134615384615384