0 0.8209134615384616 0.5612980769230769 0.31490384615384615 0.44471153846153844
0 0.36899038461538464 0.47596153846153844 0.06490384615384616 0.0625
0 0.04567307692307692 0.5120192307692307 0.09134615384615384 0.09615384615384616
0 0.13221153846153846 0.5072115384615384 0.1346153846153846 0.09134615384615384
0 0.24639423076923078 0.49278846153846156 0.0985576923076923 0.07692307692307693
0 0.3125 0.48677884615384615 0.0673076923076923 0.06971153846153846
0 0.5204326923076923 0.45913461538461536 0.026442307692307692 0.02403846153846154
0 0.6165865384615384 0.43990384615384615 0.01201923076923077 0.014423076923076924
0 0.6322115384615384 0.43990384615384615 0.009615384615384616 0.014423076923076924
0 0.6442307692307693 0.4411057692307692 0.009615384615384616 0.01201923076923077
0 0.6778846153846154 0.4411057692307692 0.014423076923076924 0.016826923076923076
0 0.6971153846153846 0.4326923076923077 0.009615384615384616 0.014423076923076924