0 0.06009615384615385 0.49158653846153844 0.07692307692307693 0.07451923076923077
0 0.14182692307692307 0.49278846153846156 0.08173076923076923 0.0673076923076923
0 0.20793269230769232 0.48197115384615385 0.055288461538461536 0.06009615384615385
0 0.25240384615384615 0.47716346153846156 0.04807692307692308 0.05048076923076923
0 0.2956730769230769 0.4723557692307692 0.04807692307692308 0.040865384615384616
0 0.5925480769230769 0.5492788461538461 0.2620192307692308 0.38221153846153844
0 0.9182692307692307 0.5721153846153846 0.15865384615384615 0.3173076923076923
0 0.4254807692307692 0.4567307692307692 0.014423076923076924 0.019230769230769232
0 0.4807692307692308 0.44591346153846156 0.009615384615384616 0.016826923076923076
1 0.2629326923076923 0.6060817307692308 0.40084134615384615 0.0815625
1 0.5 0.8086538461538461 1 0.25033653846153847