4 0.25721153846153844 0.43149038461538464 0.009615384615384616 0.016826923076923076
0 0.29086538461538464 0.4495192307692308 0.038461538461538464 0.038461538461538464
4 0.32572115384615385 0.4266826923076923 0.007211538461538462 0.007211538461538462
0 0.34975961538461536 0.43990384615384615 0.021634615384615384 0.02403846153846154
0 0.36899038461538464 0.4362980769230769 0.021634615384615384 0.021634615384615384
0 0.44711538461538464 0.4375 0.02403846153846154 0.02403846153846154
0 0.47596153846153844 0.4362980769230769 0.019230769230769232 0.021634615384615384
0 0.4987980769230769 0.45072115384615385 0.05048076923076923 0.05048076923076923
0 0.5228365384615384 0.42427884615384615 0.03125 0.04567307692307692
0 0.8413461538461539 0.5841346153846154 0.3125 0.47115384615384615
0 0.38822115384615385 0.42427884615384615 0.01201923076923077 0.016826923076923076
0 0.4026442307692308 0.4266826923076923 0.01201923076923077 0.01201923076923077
0 0.4182692307692308 0.41947115384615385 0.009615384615384616 0.01201923076923077
0 0.44350961538461536 0.421875 0.01201923076923077 0.01201923076923077
0 0.4639423076923077 0.421875 0.009615384615384616 0.01201923076923077
0 0.4735576923076923 0.4170673076923077 0.004807692307692308 0.01201923076923077
0 0.4795673076923077 0.4182692307692308 0.007211538461538462 0.009615384615384616