0 0.390625 0.44711538461538464 0.026442307692307692 0.03365384615384615
0 0.4495192307692308 0.43509615384615385 0.014423076923076924 0.019230769230769232
0 0.46274038461538464 0.43149038461538464 0.01201923076923077 0.016826923076923076
0 0.5240384615384616 0.4423076923076923 0.02403846153846154 0.02403846153846154
0 0.5625 0.43990384615384615 0.02403846153846154 0.028846153846153848
0 0.578125 0.4266826923076923 0.021634615384615384 0.03125
0 0.5961538461538461 0.45072115384615385 0.0625 0.06009615384615385
4 0.7896634615384616 0.43028846153846156 0.007211538461538462 0.019230769230769232
0 0.4723557692307692 0.43028846153846156 0.01201923076923077 0.014423076923076924
0 0.47836538461538464 0.42427884615384615 0.009615384615384616 0.01201923076923077
0 0.49038461538461536 0.4230769230769231 0.009615384615384616 0.009615384615384616
0 0.5132211538461539 0.4266826923076923 0.007211538461538462 0.01201923076923077
0 0.5300480769230769 0.42908653846153844 0.01201923076923077 0.01201923076923077
0 0.5408653846153846 0.4254807692307692 0.004807692307692308 0.009615384615384616
0 0.5300480769230769 0.41346153846153844 0.007211538461538462 0.004807692307692308
0 0.5240384615384616 0.4170673076923077 0.004807692307692308 0.007211538461538462