0 0.014423076923076924 0.4963942307692308 0.028846153846153848 0.08413461538461539
4 0.3112980769230769 0.4326923076923077 0.007211538461538462 0.009615384615384616
0 0.28846153846153844 0.4567307692307692 0.03365384615384615 0.03365384615384615
0 0.33533653846153844 0.4495192307692308 0.026442307692307692 0.028846153846153848
0 0.390625 0.43509615384615385 0.016826923076923076 0.019230769230769232
0 0.4110576923076923 0.43028846153846156 0.014423076923076924 0.019230769230769232
0 0.46033653846153844 0.4387019230769231 0.021634615384615384 0.021634615384615384
0 0.49399038461538464 0.453125 0.04567307692307692 0.04567307692307692
0 0.5420673076923077 0.43028846153846156 0.040865384615384616 0.052884615384615384
0 0.7379807692307693 0.5552884615384616 0.375 0.375
4 0.9891826923076923 0.43509615384615385 0.01201923076923077 0.038461538461538464
0 0.4266826923076923 0.42788461538461536 0.01201923076923077 0.014423076923076924
0 0.47596153846153844 0.42427884615384615 0.009615384615384616 0.01201923076923077
0 0.4879807692307692 0.41947115384615385 0.004807692307692308 0.007211538461538462
0 0.49399038461538464 0.421875 0.007211538461538462 0.01201923076923077