0 0.2127403846153846 0.4699519230769231 0.05048076923076923 0.04567307692307692
4 0.21754807692307693 0.4423076923076923 0.007211538461538462 0.014423076923076924
4 0.29927884615384615 0.43509615384615385 0.007211538461538462 0.009615384615384616
4 0.33533653846153844 0.43509615384615385 0.007211538461538462 0.019230769230769232
0 0.2956730769230769 0.4567307692307692 0.038461538461538464 0.03365384615384615
0 0.3762019230769231 0.4423076923076923 0.021634615384615384 0.02403846153846154
0 0.3894230769230769 0.43509615384615385 0.014423076923076924 0.02403846153846154
0 0.41466346153846156 0.4362980769230769 0.016826923076923076 0.021634615384615384
0 0.46634615384615385 0.4423076923076923 0.019230769230769232 0.02403846153846154
0 0.49158653846153844 0.45552884615384615 0.040865384615384616 0.04567307692307692
0 0.6670673076923077 0.5504807692307693 0.3389423076923077 0.35096153846153844
0 0.5432692307692307 0.43149038461538464 0.02403846153846154 0.06009615384615385
0 0.42908653846153844 0.4326923076923077 0.01201923076923077 0.019230769230769232
0 0.4375 0.42908653846153844 0.004807692307692308 0.01201923076923077
0 0.484375 0.42788461538461536 0.007211538461538462 0.009615384615384616
0 0.5024038461538461 0.42427884615384615 0.004807692307692308 0.007211538461538462
0 0.4951923076923077 0.4230769230769231 0.004807692307692308 0.004807692307692308