0 0.21995192307692307 0.48197115384615385 0.040865384615384616 0.055288461538461536
0 0.2620192307692308 0.4855769230769231 0.0673076923076923 0.0625
0 0.38100961538461536 0.46153846153846156 0.036057692307692304 0.03365384615384615
0 0.4362980769230769 0.4579326923076923 0.03125 0.03125
0 0.4110576923076923 0.45072115384615385 0.02403846153846154 0.026442307692307692
0 0.4543269230769231 0.42908653846153844 0.019230769230769232 0.016826923076923076
0 0.47115384615384615 0.4098557692307692 0.014423076923076924 0.016826923076923076
0 0.47836538461538464 0.39783653846153844 0.014423076923076924 0.016826923076923076
0 0.9146634615384616 0.4951923076923077 0.13221153846153846 0.10096153846153846
0 0.6935096153846154 0.484375 0.10336538461538461 0.11778846153846154
0 0.6322115384615384 0.45552884615384615 0.038461538461538464 0.040865384615384616
0 0.5757211538461539 0.4519230769230769 0.03125 0.038461538461538464
0 0.5697115384615384 0.42427884615384615 0.019230769230769232 0.021634615384615384
0 0.5853365384615384 0.4206730769230769 0.021634615384615384 0.02403846153846154
0 0.5576923076923077 0.41466346153846156 0.019230769230769232 0.021634615384615384
0 0.5637019230769231 0.39302884615384615 0.01201923076923077 0.01201923076923077
0 0.5528846153846154 0.3786057692307692 0.009615384615384616 0.01201923076923077
0 0.5432692307692307 0.3786057692307692 0.009615384615384616 0.01201923076923077
0 0.5384615384615384 0.3713942307692308 0.009615384615384616 0.007211538461538462
0 0.4963942307692308 0.36658653846153844 0.007211538461538462 0.007211538461538462
0 0.5036057692307693 0.35697115384615385 0.007211538461538462 0.007211538461538462