0 0.32572115384615385 0.49278846153846156 0.06971153846153846 0.052884615384615384
0 0.38100961538461536 0.49038461538461536 0.040865384615384616 0.03365384615384615
0 0.4375 0.4831730769230769 0.02403846153846154 0.019230769230769232
0 0.46153846153846156 0.48197115384615385 0.014423076923076924 0.016826923076923076
0 0.48197115384615385 0.47596153846153844 0.016826923076923076 0.019230769230769232
0 0.49158653846153844 0.4675480769230769 0.01201923076923077 0.016826923076923076
0 0.4963942307692308 0.4579326923076923 0.01201923076923077 0.016826923076923076
0 0.5120192307692307 0.46875 0.014423076923076924 0.019230769230769232
0 0.5096153846153846 0.45072115384615385 0.009615384615384616 0.01201923076923077
0 0.5168269230769231 0.4411057692307692 0.009615384615384616 0.01201923076923077
0 0.5240384615384616 0.43509615384615385 0.009615384615384616 0.014423076923076924
0 0.3016826923076923 0.47115384615384615 0.0985576923076923 0.10576923076923077
0 0.9110576923076923 0.5024038461538461 0.125 0.10096153846153846
0 0.671875 0.49038461538461536 0.07451923076923077 0.09615384615384616
0 0.6009615384615384 0.48677884615384615 0.028846153846153848 0.036057692307692304
0 0.5841346153846154 0.4675480769230769 0.019230769230769232 0.021634615384615384
0 0.6189903846153846 0.4723557692307692 0.016826923076923076 0.021634615384615384
0 0.6358173076923077 0.4831730769230769 0.026442307692307692 0.04326923076923077
0 0.5961538461538461 0.4411057692307692 0.014423076923076924 0.016826923076923076
0 0.5841346153846154 0.43028846153846156 0.009615384615384616 0.014423076923076924
0 0.5757211538461539 0.4266826923076923 0.01201923076923077 0.01201923076923077
0 0.5372596153846154 0.39783653846153844 0.007211538461538462 0.01201923076923077