0 0.11298076923076923 0.45072115384615385 0.20673076923076922 0.18509615384615385
0 0.23076923076923078 0.49399038461538464 0.08653846153846154 0.07451923076923077
0 0.3894230769230769 0.47115384615384615 0.028846153846153848 0.028846153846153848
0 0.41947115384615385 0.47115384615384615 0.026442307692307692 0.02403846153846154
0 0.4495192307692308 0.46153846153846156 0.019230769230769232 0.02403846153846154
0 0.46153846153846156 0.4543269230769231 0.014423076923076924 0.019230769230769232
0 0.4699519230769231 0.44471153846153844 0.01201923076923077 0.019230769230769232
0 0.4855769230769231 0.4567307692307692 0.019230769230769232 0.02403846153846154
0 0.4855769230769231 0.43509615384615385 0.014423076923076924 0.019230769230769232
0 0.4951923076923077 0.4230769230769231 0.009615384615384616 0.014423076923076924
0 0.4987980769230769 0.41466346153846156 0.01201923076923077 0.01201923076923077
0 0.9122596153846154 0.49158653846153844 0.12740384615384615 0.0985576923076923
0 0.6742788461538461 0.4807692307692308 0.07932692307692307 0.10096153846153846
0 0.6262019230769231 0.4735576923076923 0.036057692307692304 0.04807692307692308
0 0.5841346153846154 0.4675480769230769 0.028846153846153848 0.040865384615384616
0 0.6009615384615384 0.4495192307692308 0.019230769230769232 0.02403846153846154
0 0.5673076923076923 0.44591346153846156 0.019230769230769232 0.021634615384615384
0 0.578125 0.41947115384615385 0.01201923076923077 0.01201923076923077
0 0.5649038461538461 0.4074519230769231 0.009615384615384616 0.01201923076923077
0 0.5540865384615384 0.4026442307692308 0.01201923076923077 0.01201923076923077