0 0.46274038461538464 0.41947115384615385 0.01201923076923077 0.01201923076923077
0 0.49399038461538464 0.40865384615384615 0.01201923076923077 0.014423076923076924
0 0.5144230769230769 0.40024038461538464 0.009615384615384616 0.01201923076923077
0 0.5036057692307693 0.39903846153846156 0.007211538461538462 0.009615384615384616
0 0.49399038461538464 0.39783653846153844 0.007211538461538462 0.007211538461538462
0 0.6526442307692307 0.43509615384615385 0.036057692307692304 0.04326923076923077
0 0.6237980769230769 0.4326923076923077 0.026442307692307692 0.028846153846153848
0 0.5925480769230769 0.4375 0.036057692307692304 0.038461538461538464
0 0.5576923076923077 0.43149038461538464 0.019230769230769232 0.021634615384615384
0 0.5661057692307693 0.41466346153846156 0.01201923076923077 0.01201923076923077
0 0.5444711538461539 0.4074519230769231 0.01201923076923077 0.01201923076923077
0 0.5528846153846154 0.4014423076923077 0.009615384615384616 0.014423076923076924
0 0.5348557692307693 0.39903846153846156 0.01201923076923077 0.009615384615384616