0 0.19831730769230768 0.4723557692307692 0.0985576923076923 0.07932692307692307
0 0.38822115384615385 0.4254807692307692 0.040865384615384616 0.04326923076923077
0 0.4387019230769231 0.4014423076923077 0.026442307692307692 0.038461538461538464
0 0.9651442307692307 0.4795673076923077 0.06490384615384616 0.11298076923076923
0 0.8473557692307693 0.49038461538461536 0.18990384615384615 0.19230769230769232
0 0.6634615384615384 0.41466346153846156 0.038461538461538464 0.040865384615384616
0 0.6358173076923077 0.40384615384615385 0.026442307692307692 0.028846153846153848
0 0.5949519230769231 0.41346153846153844 0.03125 0.03365384615384615
0 0.5973557692307693 0.3918269230769231 0.021634615384615384 0.019230769230769232
0 0.5709134615384616 0.39302884615384615 0.016826923076923076 0.021634615384615384
0 0.5745192307692307 0.38100961538461536 0.009615384615384616 0.007211538461538462
0 0.5612980769230769 0.36778846153846156 0.007211538461538462 0.009615384615384616
0 0.5552884615384616 0.37259615384615385 0.009615384615384616 0.009615384615384616
0 0.5528846153846154 0.36658653846153844 0.009615384615384616 0.007211538461538462
0 0.49759615384615385 0.3713942307692308 0.009615384615384616 0.01201923076923077
0 0.5060096153846154 0.3641826923076923 0.007211538461538462 0.01201923076923077
0 0.5120192307692307 0.3545673076923077 0.004807692307692308 0.007211538461538462
0 0.5276442307692307 0.35336538461538464 0.007211538461538462 0.009615384615384616