0 0.9627403846153846 0.5637019230769231 0.06971153846153846 0.25721153846153844
0 0.9543269230769231 0.4795673076923077 0.08653846153846154 0.10817307692307693
0 0.578125 0.4411057692307692 0.03125 0.040865384615384616
0 0.5444711538461539 0.4326923076923077 0.016826923076923076 0.02403846153846154
0 0.6045673076923077 0.4338942307692308 0.026442307692307692 0.036057692307692304
0 0.6394230769230769 0.4411057692307692 0.038461538461538464 0.040865384615384616
0 0.4362980769230769 0.4254807692307692 0.016826923076923076 0.019230769230769232
0 0.47475961538461536 0.41586538461538464 0.01201923076923077 0.019230769230769232
0 0.47836538461538464 0.40024038461538464 0.009615384615384616 0.01201923076923077
0 0.49759615384615385 0.40024038461538464 0.009615384615384616 0.01201923076923077
0 0.5528846153846154 0.41225961538461536 0.009615384615384616 0.01201923076923077
0 0.53125 0.40865384615384615 0.009615384615384616 0.009615384615384616
0 0.5408653846153846 0.4026442307692308 0.009615384615384616 0.01201923076923077
0 0.5240384615384616 0.39783653846153844 0.009615384615384616 0.01201923076923077