0 0.9026442307692307 0.5396634615384616 0.18990384615384615 0.19471153846153846
0 0.5817307692307693 0.46153846153846156 0.0625 0.08653846153846154
4 0.24759615384615385 0.44711538461538464 0.014423076923076924 0.038461538461538464
0 0.2704326923076923 0.45552884615384615 0.040865384615384616 0.036057692307692304
0 0.30288461538461536 0.4543269230769231 0.02403846153846154 0.02403846153846154
0 0.33052884615384615 0.4483173076923077 0.03125 0.026442307692307692
0 0.36538461538461536 0.44471153846153844 0.019230769230769232 0.019230769230769232
0 0.3786057692307692 0.4423076923076923 0.016826923076923076 0.019230769230769232
0 0.2980769230769231 0.43149038461538464 0.028846153846153848 0.03125
0 0.4206730769230769 0.4375 0.014423076923076924 0.014423076923076924
0 0.4375 0.43509615384615385 0.014423076923076924 0.019230769230769232
0 0.5048076923076923 0.44350961538461536 0.02403846153846154 0.036057692307692304
0 0.5108173076923077 0.4254807692307692 0.016826923076923076 0.019230769230769232
0 0.546875 0.4423076923076923 0.021634615384615384 0.028846153846153848
0 0.5264423076923077 0.4375 0.014423076923076924 0.019230769230769232