4 0.12139423076923077 0.46153846153846156 0.01201923076923077 0.04807692307692308
0 0.2800480769230769 0.46033653846153844 0.036057692307692304 0.03125
0 0.3137019230769231 0.4543269230769231 0.026442307692307692 0.028846153846153848
0 0.40024038461538464 0.44591346153846156 0.021634615384615384 0.016826923076923076
0 0.4182692307692308 0.44471153846153844 0.014423076923076924 0.014423076923076924
0 0.43509615384615385 0.4423076923076923 0.019230769230769232 0.019230769230769232
0 0.8677884615384616 0.5204326923076923 0.1971153846153846 0.1658653846153846
0 0.6334134615384616 0.45913461538461536 0.06009615384615385 0.07211538461538461
0 0.5949519230769231 0.4519230769230769 0.03125 0.03365384615384615
0 0.5625 0.44350961538461536 0.02403846153846154 0.026442307692307692
0 0.5252403846153846 0.44711538461538464 0.021634615384615384 0.028846153846153848
0 0.5372596153846154 0.43028846153846156 0.016826923076923076 0.02403846153846154