4 0.38461538461538464 0.4110576923076923 0.009615384615384616 0.019230769230769232
0 0.44711538461538464 0.40625 0.014423076923076924 0.028846153846153848
0 0.46033653846153844 0.4110576923076923 0.01201923076923077 0.019230769230769232
0 0.4723557692307692 0.4110576923076923 0.01201923076923077 0.019230769230769232
0 0.49158653846153844 0.4050480769230769 0.01201923076923077 0.01201923076923077
0 0.5204326923076923 0.40384615384615385 0.007211538461538462 0.014423076923076924
0 0.5805288461538461 0.47115384615384615 0.09375 0.11538461538461539
0 0.6478365384615384 0.43990384615384615 0.040865384615384616 0.04807692307692308
0 0.5456730769230769 0.4050480769230769 0.014423076923076924 0.01201923076923077
0 0.5552884615384616 0.39663461538461536 0.014423076923076924 0.02403846153846154
0 0.5432692307692307 0.4254807692307692 0.02403846153846154 0.028846153846153848
0 0.5012019230769231 0.40384615384615385 0.01201923076923077 0.014423076923076924