0 0.9014423076923077 0.5300480769230769 0.1971153846153846 0.18028846153846154
0 0.6310096153846154 0.45552884615384615 0.05048076923076923 0.06009615384615385
0 0.5841346153846154 0.45072115384615385 0.028846153846153848 0.03125
0 0.5504807692307693 0.44471153846153844 0.02403846153846154 0.028846153846153848
0 0.5625 0.43509615384615385 0.014423076923076924 0.019230769230769232
0 0.5240384615384616 0.44711538461538464 0.02403846153846154 0.028846153846153848
0 0.5096153846153846 0.43990384615384615 0.014423076923076924 0.019230769230769232
0 0.5420673076923077 0.42427884615384615 0.016826923076923076 0.026442307692307692
0 0.45913461538461536 0.43990384615384615 0.014423076923076924 0.014423076923076924
0 0.47475961538461536 0.4362980769230769 0.01201923076923077 0.01201923076923077
0 0.49399038461538464 0.4375 0.01201923076923077 0.009615384615384616