0 0.040865384615384616 0.47475961538461536 0.08173076923076923 0.07451923076923077
0 0.14903846153846154 0.4699519230769231 0.07692307692307693 0.06490384615384616
0 0.27524038461538464 0.4519230769230769 0.040865384615384616 0.038461538461538464
0 0.35336538461538464 0.44591346153846156 0.03365384615384615 0.03125
0 0.38100961538461536 0.4483173076923077 0.021634615384615384 0.026442307692307692
0 0.4014423076923077 0.4483173076923077 0.019230769230769232 0.03125
0 0.421875 0.4483173076923077 0.026442307692307692 0.03125
0 0.44591346153846156 0.44471153846153844 0.016826923076923076 0.02403846153846154
0 0.45913461538461536 0.4411057692307692 0.014423076923076924 0.021634615384615384
0 0.53125 0.47115384615384615 0.08653846153846154 0.10096153846153846
0 0.5757211538461539 0.42788461538461536 0.03125 0.057692307692307696
0 0.7211538461538461 0.453125 0.07211538461538461 0.08413461538461539
0 0.7836538461538461 0.4495192307692308 0.0673076923076923 0.04326923076923077
0 0.890625 0.5360576923076923 0.21394230769230768 0.21153846153846154