0 0.4375 0.44471153846153844 0.014423076923076924 0.028846153846153848
0 0.45072115384615385 0.44471153846153844 0.01201923076923077 0.019230769230769232
0 0.46033653846153844 0.4423076923076923 0.01201923076923077 0.014423076923076924
0 0.41466346153846156 0.44350961538461536 0.021634615384615384 0.021634615384615384
0 0.3581730769230769 0.4495192307692308 0.028846153846153848 0.028846153846153848
0 0.37740384615384615 0.44711538461538464 0.019230769230769232 0.019230769230769232
0 0.3137019230769231 0.4483173076923077 0.03125 0.03125
0 0.0733173076923077 0.4831730769230769 0.0985576923076923 0.0625
0 0.5096153846153846 0.4831730769230769 0.10096153846153846 0.10576923076923077
0 0.5588942307692307 0.4411057692307692 0.026442307692307692 0.03125
0 0.5661057692307693 0.41947115384615385 0.026442307692307692 0.036057692307692304
0 0.6322115384615384 0.44711538461538464 0.038461538461538464 0.03365384615384615
0 0.6778846153846154 0.4543269230769231 0.0625 0.07692307692307693
0 0.9254807692307693 0.5516826923076923 0.14423076923076922 0.22355769230769232