0 0.22956730769230768 0.4543269230769231 0.05048076923076923 0.04326923076923077
0 0.2956730769230769 0.4543269230769231 0.04326923076923077 0.038461538461538464
0 0.33774038461538464 0.4495192307692308 0.03125 0.028846153846153848
0 0.3870192307692308 0.44350961538461536 0.02403846153846154 0.021634615384615384
0 0.43028846153846156 0.44471153846153844 0.02403846153846154 0.028846153846153848
0 0.453125 0.4423076923076923 0.016826923076923076 0.019230769230769232
0 0.5216346153846154 0.47596153846153844 0.09134615384615384 0.09615384615384616
0 0.5600961538461539 0.43990384615384615 0.02403846153846154 0.03365384615384615
0 0.5685096153846154 0.4254807692307692 0.026442307692307692 0.052884615384615384
0 0.4699519230769231 0.43509615384615385 0.01201923076923077 0.014423076923076924
0 0.6923076923076923 0.45072115384615385 0.0673076923076923 0.07932692307692307
0 0.9110576923076923 0.5456730769230769 0.1778846153846154 0.21634615384615385