0 0.14543269230769232 0.46274038461538464 0.0985576923076923 0.07451923076923077
0 0.27524038461538464 0.45913461538461536 0.07451923076923077 0.07211538461538461
0 0.3137019230769231 0.44711538461538464 0.036057692307692304 0.04326923076923077
0 0.3942307692307692 0.43028846153846156 0.019230769230769232 0.028846153846153848
0 0.41346153846153844 0.43509615384615385 0.02403846153846154 0.02403846153846154
0 0.4375 0.42788461538461536 0.02403846153846154 0.019230769230769232
0 0.45552884615384615 0.4254807692307692 0.016826923076923076 0.02403846153846154
0 0.5216346153846154 0.4495192307692308 0.07692307692307693 0.07692307692307693
0 0.5564903846153846 0.42908653846153844 0.026442307692307692 0.036057692307692304
0 0.59375 0.4098557692307692 0.038461538461538464 0.06971153846153846
0 0.7740384615384616 0.5012019230769231 0.18269230769230768 0.17067307692307693