0 0.04927884615384615 0.5024038461538461 0.0985576923076923 0.09615384615384616
0 0.3317307692307692 0.47115384615384615 0.04807692307692308 0.038461538461538464
0 0.40625 0.46153846153846156 0.028846153846153848 0.028846153846153848
0 0.39663461538461536 0.44591346153846156 0.04807692307692308 0.05048076923076923
0 0.47836538461538464 0.4423076923076923 0.02403846153846154 0.03365384615384615
0 0.5096153846153846 0.47716346153846156 0.0673076923076923 0.06971153846153846
0 0.5360576923076923 0.44711538461538464 0.019230769230769232 0.019230769230769232
0 0.5637019230769231 0.45913461538461536 0.03125 0.04326923076923077
0 0.5865384615384616 0.4519230769230769 0.019230769230769232 0.028846153846153848
0 0.6141826923076923 0.4326923076923077 0.04567307692307692 0.08653846153846154
0 0.7319711538461539 0.5108173076923077 0.1466346153846154 0.13701923076923078