0 0.390625 0.45552884615384615 0.026442307692307692 0.03125
0 0.4254807692307692 0.46033653846153844 0.028846153846153848 0.03125
0 0.44471153846153844 0.45552884615384615 0.019230769230769232 0.026442307692307692
0 0.4807692307692308 0.45552884615384615 0.028846153846153848 0.03125
0 0.5012019230769231 0.44591346153846156 0.016826923076923076 0.021634615384615384
0 0.5420673076923077 0.45552884615384615 0.040865384615384616 0.05048076923076923
0 0.5637019230769231 0.45552884615384615 0.016826923076923076 0.03125
0 0.6153846153846154 0.4567307692307692 0.03365384615384615 0.038461538461538464
0 0.6658653846153846 0.46274038461538464 0.0673076923076923 0.07451923076923077
0 0.7115384615384616 0.4543269230769231 0.038461538461538464 0.04807692307692308
0 0.5865384615384616 0.4483173076923077 0.02403846153846154 0.026442307692307692