0 0.3137019230769231 0.4567307692307692 0.040865384615384616 0.04326923076923077
0 0.3713942307692308 0.4579326923076923 0.040865384615384616 0.040865384615384616
0 0.40024038461538464 0.4519230769230769 0.03125 0.038461538461538464
0 0.44591346153846156 0.4567307692307692 0.040865384615384616 0.04326923076923077
0 0.48197115384615385 0.43990384615384615 0.021634615384615384 0.02403846153846154
0 0.5036057692307693 0.43990384615384615 0.01201923076923077 0.019230769230769232
0 0.5396634615384616 0.45072115384615385 0.04567307692307692 0.04567307692307692
0 0.5757211538461539 0.4411057692307692 0.021634615384615384 0.026442307692307692
0 0.5973557692307693 0.44471153846153844 0.026442307692307692 0.038461538461538464
0 0.6213942307692307 0.4519230769230769 0.040865384615384616 0.04326923076923077
0 0.7211538461538461 0.4699519230769231 0.11057692307692307 0.10817307692307693