0 0.05048076923076923 0.47115384615384615 0.10096153846153846 0.07211538461538461
0 0.3786057692307692 0.4423076923076923 0.026442307692307692 0.02403846153846154
0 0.4206730769230769 0.4387019230769231 0.02403846153846154 0.016826923076923076
0 0.484375 0.44350961538461536 0.026442307692307692 0.026442307692307692
0 0.5192307692307693 0.44471153846153844 0.03365384615384615 0.04326923076923077
0 0.5588942307692307 0.4831730769230769 0.0985576923076923 0.10576923076923077
0 0.6057692307692307 0.44471153846153844 0.03365384615384615 0.038461538461538464
0 0.7067307692307693 0.46153846153846156 0.09134615384615384 0.08653846153846154
0 0.4543269230769231 0.42788461538461536 0.02403846153846154 0.028846153846153848
0 0.49399038461538464 0.4110576923076923 0.007211538461538462 0.009615384615384616
0 0.5036057692307693 0.4110576923076923 0.007211538461538462 0.009615384615384616