0 0.22115384615384615 0.45072115384615385 0.0673076923076923 0.05048076923076923
0 0.328125 0.44471153846153844 0.05048076923076923 0.028846153846153848
0 0.43149038461538464 0.4266826923076923 0.026442307692307692 0.036057692307692304
0 0.46033653846153844 0.43028846153846156 0.01201923076923077 0.014423076923076924
0 0.4723557692307692 0.43028846153846156 0.007211538461538462 0.019230769230769232
0 0.49399038461538464 0.4375 0.026442307692307692 0.028846153846153848
0 0.5276442307692307 0.4326923076923077 0.03125 0.038461538461538464
0 0.5588942307692307 0.47836538461538464 0.09375 0.09615384615384616
0 0.6105769230769231 0.44591346153846156 0.03365384615384615 0.040865384615384616
0 0.7103365384615384 0.46033653846153844 0.0889423076923077 0.0889423076923077
0 0.5012019230769231 0.4170673076923077 0.007211538461538462 0.007211538461538462
0 0.5108173076923077 0.4098557692307692 0.007211538461538462 0.007211538461538462