0 0.22115384615384615 0.4639423076923077 0.057692307692307696 0.04326923076923077
0 0.3449519230769231 0.40865384615384615 0.19951923076923078 0.27884615384615385
0 0.46274038461538464 0.45552884615384615 0.040865384615384616 0.04567307692307692
0 0.4891826923076923 0.43990384615384615 0.026442307692307692 0.02403846153846154
0 0.5300480769230769 0.45072115384615385 0.036057692307692304 0.06009615384615385
0 0.5637019230769231 0.42788461538461536 0.021634615384615384 0.02403846153846154
0 0.5985576923076923 0.44711538461538464 0.038461538461538464 0.03365384615384615
0 0.6754807692307693 0.46153846153846156 0.07211538461538461 0.07211538461538461
0 0.48677884615384615 0.40865384615384615 0.01201923076923077 0.009615384615384616
0 0.5012019230769231 0.4074519230769231 0.01201923076923077 0.01201923076923077
0 0.5444711538461539 0.4098557692307692 0.01201923076923077 0.01201923076923077
0 0.5360576923076923 0.4014423076923077 0.009615384615384616 0.009615384615384616
0 0.5372596153846154 0.38822115384615385 0.01201923076923077 0.01201923076923077
0 0.5216346153846154 0.40384615384615385 0.009615384615384616 0.019230769230769232