0 0.2764423076923077 0.3942307692307692 0.2932692307692308 0.38461538461538464
0 0.4519230769230769 0.4567307692307692 0.04807692307692308 0.052884615384615384
0 0.49278846153846156 0.4411057692307692 0.02403846153846154 0.026442307692307692
0 0.5264423076923077 0.4495192307692308 0.038461538461538464 0.057692307692307696
0 0.5612980769230769 0.42788461538461536 0.021634615384615384 0.02403846153846154
0 0.5985576923076923 0.44711538461538464 0.038461538461538464 0.038461538461538464
0 0.6778846153846154 0.4579326923076923 0.07211538461538461 0.07451923076923077
0 0.49278846153846156 0.4074519230769231 0.009615384615384616 0.01201923076923077
0 0.5360576923076923 0.4074519230769231 0.009615384615384616 0.01201923076923077
0 0.5384615384615384 0.39302884615384615 0.009615384615384616 0.01201923076923077
0 0.5552884615384616 0.4098557692307692 0.014423076923076924 0.01201923076923077
0 0.5060096153846154 0.4050480769230769 0.01201923076923077 0.01201923076923077