0 0.40865384615384615 0.40384615384615385 0.1346153846153846 0.20673076923076922
0 0.4879807692307692 0.43028846153846156 0.03365384615384615 0.03365384615384615
0 0.5324519230769231 0.43990384615384615 0.040865384615384616 0.057692307692307696
0 0.5757211538461539 0.41947115384615385 0.021634615384615384 0.026442307692307692
0 0.6069711538461539 0.43509615384615385 0.036057692307692304 0.038461538461538464
0 0.6742788461538461 0.45072115384615385 0.06971153846153846 0.06971153846153846
0 0.5396634615384616 0.40024038461538464 0.01201923076923077 0.01201923076923077
0 0.5384615384615384 0.38822115384615385 0.009615384615384616 0.01201923076923077
0 0.48197115384615385 0.4050480769230769 0.01201923076923077 0.01201923076923077
0 0.4963942307692308 0.3786057692307692 0.01201923076923077 0.016826923076923076
0 0.5252403846153846 0.38822115384615385 0.01201923076923077 0.016826923076923076