0 0.40865384615384615 0.4014423076923077 0.12980769230769232 0.20673076923076922
0 0.4831730769230769 0.4326923076923077 0.028846153846153848 0.038461538461538464
0 0.5288461538461539 0.4375 0.038461538461538464 0.0625
0 0.5721153846153846 0.4230769230769231 0.02403846153846154 0.028846153846153848
0 0.6033653846153846 0.4338942307692308 0.038461538461538464 0.036057692307692304
0 0.6658653846153846 0.44711538461538464 0.0673076923076923 0.0673076923076923
0 0.5324519230769231 0.39663461538461536 0.01201923076923077 0.014423076923076924
0 0.5372596153846154 0.38822115384615385 0.01201923076923077 0.01201923076923077
0 0.49158653846153844 0.37740384615384615 0.01201923076923077 0.014423076923076924
0 0.49158653846153844 0.40865384615384615 0.01201923076923077 0.014423076923076924
0 0.5192307692307693 0.38822115384615385 0.009615384615384616 0.01201923076923077