0 0.5372596153846154 0.40865384615384615 0.13701923076923078 0.25961538461538464
0 0.44350961538461536 0.4098557692307692 0.036057692307692304 0.05048076923076923
0 0.43149038461538464 0.43028846153846156 0.026442307692307692 0.02403846153846154
0 0.3894230769230769 0.43149038461538464 0.019230769230769232 0.026442307692307692
0 0.4170673076923077 0.41346153846153844 0.016826923076923076 0.02403846153846154
0 0.34615384615384615 0.49399038461538464 0.11538461538461539 0.11298076923076923
0 0.6213942307692307 0.46033653846153844 0.04567307692307692 0.05048076923076923
0 0.6430288461538461 0.44711538461538464 0.04567307692307692 0.052884615384615384
0 0.7475961538461539 0.47596153846153844 0.11057692307692307 0.11057692307692307
4 0.9350961538461539 0.45913461538461536 0.028846153846153848 0.09134615384615384
0 0.39903846153846156 0.421875 0.02403846153846154 0.026442307692307692