0 0.43149038461538464 0.4326923076923077 0.016826923076923076 0.019230769230769232
0 0.44350961538461536 0.4326923076923077 0.01201923076923077 0.014423076923076924
0 0.44471153846153844 0.41947115384615385 0.019230769230769232 0.016826923076923076
0 0.47836538461538464 0.39903846153846156 0.009615384615384616 0.014423076923076924
0 0.4879807692307692 0.40384615384615385 0.009615384615384616 0.014423076923076924
0 0.5012019230769231 0.3954326923076923 0.01201923076923077 0.016826923076923076
0 0.5240384615384616 0.390625 0.019230769230769232 0.036057692307692304
0 0.5132211538461539 0.43509615384615385 0.03125 0.03365384615384615
0 0.49759615384615385 0.42908653846153844 0.014423076923076924 0.021634615384615384
0 0.5540865384615384 0.4411057692307692 0.040865384615384616 0.06490384615384616
0 0.5432692307692307 0.3954326923076923 0.009615384615384616 0.016826923076923076