0 0.8076923076923077 0.4014423076923077 0.028846153846153848 0.03365384615384615
0 0.8076923076923077 0.3581730769230769 0.019230769230769232 0.019230769230769232
0 0.828125 0.35336538461538464 0.016826923076923076 0.014423076923076924
0 0.8401442307692307 0.35096153846153844 0.01201923076923077 0.014423076923076924
0 0.8521634615384616 0.36899038461538464 0.016826923076923076 0.021634615384615384
0 0.8557692307692307 0.3629807692307692 0.014423076923076924 0.019230769230769232
0 0.8653846153846154 0.35336538461538464 0.014423076923076924 0.019230769230769232
0 0.859375 0.3425480769230769 0.01201923076923077 0.01201923076923077
0 0.9050480769230769 0.3401442307692308 0.01201923076923077 0.016826923076923076
0 0.8701923076923077 0.33774038461538464 0.009615384615384616 0.01201923076923077
0 0.6286057692307693 0.41586538461538464 0.03125 0.03365384615384615
0 0.6887019230769231 0.40865384615384615 0.03125 0.03365384615384615
2 0.3894230769230769 0.44591346153846156 0.019230769230769232 0.05048076923076923
0 0.8701923076923077 0.3269230769230769 0.009615384615384616 0.009615384615384616
0 0.8930288461538461 0.34975961538461536 0.01201923076923077 0.016826923076923076
0 0.9002403846153846 0.33774038461538464 0.01201923076923077 0.01201923076923077
0 0.8413461538461539 0.3317307692307692 0.009615384615384616 0.009615384615384616