2 0.15985576923076922 0.47475961538461536 0.036057692307692304 0.07932692307692307
0 0.5793269230769231 0.4254807692307692 0.03365384615384615 0.03365384615384615
0 0.6310096153846154 0.4206730769230769 0.036057692307692304 0.038461538461538464
0 0.7127403846153846 0.37740384615384615 0.021634615384615384 0.02403846153846154
0 0.7355769230769231 0.3762019230769231 0.019230769230769232 0.021634615384615384
0 0.7524038461538461 0.37259615384615385 0.019230769230769232 0.019230769230769232
0 0.7956730769230769 0.359375 0.014423076923076924 0.016826923076923076
0 0.8004807692307693 0.3449519230769231 0.009615384615384616 0.01201923076923077
0 0.8112980769230769 0.34975961538461536 0.01201923076923077 0.01201923076923077
0 0.8293269230769231 0.35216346153846156 0.009615384615384616 0.01201923076923077
0 0.8317307692307693 0.33774038461538464 0.009615384615384616 0.01201923076923077
0 0.8641826923076923 0.35096153846153844 0.01201923076923077 0.019230769230769232
0 0.8377403846153846 0.3629807692307692 0.01201923076923077 0.019230769230769232
0 0.8040865384615384 0.38221153846153844 0.016826923076923076 0.02403846153846154
0 0.8100961538461539 0.33653846153846156 0.009615384615384616 0.009615384615384616