0 0.8605769230769231 0.34615384615384615 0.009615384615384616 0.014423076923076924
0 0.8125 0.34375 0.009615384615384616 0.009615384615384616
0 0.7932692307692307 0.34134615384615385 0.009615384615384616 0.009615384615384616
0 0.7992788461538461 0.359375 0.01201923076923077 0.016826923076923076
0 0.7848557692307693 0.36778846153846156 0.016826923076923076 0.019230769230769232
0 0.7608173076923077 0.3737980769230769 0.016826923076923076 0.016826923076923076
0 0.671875 0.3942307692307692 0.021634615384615384 0.02403846153846154
0 0.6105769230769231 0.41586538461538464 0.019230769230769232 0.028846153846153848
0 0.6274038461538461 0.4050480769230769 0.02403846153846154 0.021634615384615384
0 0.6322115384615384 0.4230769230769231 0.038461538461538464 0.038461538461538464
0 0.5793269230769231 0.4254807692307692 0.03365384615384615 0.03365384615384615
0 0.5901442307692307 0.41586538461538464 0.036057692307692304 0.038461538461538464
0 0.8245192307692307 0.3473557692307692 0.014423076923076924 0.021634615384615384