0 0.796875 0.3389423076923077 0.016826923076923076 0.019230769230769232
0 0.8653846153846154 0.3485576923076923 0.009615384615384616 0.014423076923076924
0 0.8197115384615384 0.33653846153846156 0.009615384615384616 0.009615384615384616
0 0.8257211538461539 0.33774038461538464 0.007211538461538462 0.01201923076923077
0 0.8365384615384616 0.3449519230769231 0.014423076923076924 0.01201923076923077
0 0.7992788461538461 0.36177884615384615 0.01201923076923077 0.01201923076923077
0 0.8137019230769231 0.3545673076923077 0.01201923076923077 0.01201923076923077
0 0.8112980769230769 0.34615384615384615 0.007211538461538462 0.009615384615384616
0 0.8209134615384616 0.34975961538461536 0.01201923076923077 0.01201923076923077
0 0.8293269230769231 0.3545673076923077 0.009615384615384616 0.01201923076923077
0 0.7463942307692307 0.37259615384615385 0.016826923076923076 0.019230769230769232
0 0.6850961538461539 0.38822115384615385 0.02403846153846154 0.026442307692307692
0 0.6310096153846154 0.4206730769230769 0.03125 0.038461538461538464
0 0.6466346153846154 0.41586538461538464 0.02403846153846154 0.03365384615384615
0 0.6189903846153846 0.41466346153846156 0.026442307692307692 0.03125
0 0.59375 0.41586538461538464 0.038461538461538464 0.03365384615384615
0 0.5793269230769231 0.4254807692307692 0.03365384615384615 0.03365384615384615