0 0.7908653846153846 0.33653846153846156 0.014423076923076924 0.019230769230769232
0 0.5973557692307693 0.41466346153846156 0.03125 0.036057692307692304
0 0.5793269230769231 0.4254807692307692 0.03365384615384615 0.03365384615384615
0 0.6310096153846154 0.4254807692307692 0.036057692307692304 0.03365384615384615
0 0.6310096153846154 0.40384615384615385 0.026442307692307692 0.019230769230769232
0 0.6526442307692307 0.41346153846153844 0.026442307692307692 0.03365384615384615
0 0.6971153846153846 0.38461538461538464 0.02403846153846154 0.02403846153846154
0 0.7584134615384616 0.3701923076923077 0.016826923076923076 0.019230769230769232
0 0.8641826923076923 0.35096153846153844 0.01201923076923077 0.014423076923076924
0 0.8028846153846154 0.3605769230769231 0.009615384615384616 0.014423076923076924
0 0.8137019230769231 0.3545673076923077 0.01201923076923077 0.01201923076923077
0 0.8257211538461539 0.3545673076923077 0.01201923076923077 0.01201923076923077
0 0.8185096153846154 0.3473557692307692 0.01201923076923077 0.01201923076923077
0 0.8052884615384616 0.3473557692307692 0.009615384615384616 0.01201923076923077
0 0.8341346153846154 0.3401442307692308 0.009615384615384616 0.01201923076923077
0 0.8245192307692307 0.33653846153846156 0.009615384615384616 0.009615384615384616
0 0.8112980769230769 0.33774038461538464 0.01201923076923077 0.01201923076923077