0 0.5901442307692307 0.4170673076923077 0.036057692307692304 0.036057692307692304
0 0.8052884615384616 0.3401442307692308 0.014423076923076924 0.021634615384615384
0 0.6766826923076923 0.3918269230769231 0.021634615384615384 0.02403846153846154
0 0.7379807692307693 0.3737980769230769 0.019230769230769232 0.016826923076923076
0 0.6322115384615384 0.4230769230769231 0.03365384615384615 0.038461538461538464
0 0.6430288461538461 0.4182692307692308 0.026442307692307692 0.03365384615384615
0 0.6117788461538461 0.4170673076923077 0.026442307692307692 0.03125
0 0.5805288461538461 0.4254807692307692 0.03125 0.03365384615384615
0 0.7944711538461539 0.3641826923076923 0.01201923076923077 0.01201923076923077
0 0.8112980769230769 0.3557692307692308 0.01201923076923077 0.009615384615384616
0 0.8245192307692307 0.35216346153846156 0.009615384615384616 0.01201923076923077
0 0.8161057692307693 0.3485576923076923 0.007211538461538462 0.009615384615384616
0 0.8365384615384616 0.3401442307692308 0.009615384615384616 0.01201923076923077
0 0.8197115384615384 0.3389423076923077 0.009615384615384616 0.009615384615384616
0 0.8653846153846154 0.34975961538461536 0.009615384615384616 0.01201923076923077
0 0.7800480769230769 0.33533653846153844 0.01201923076923077 0.01201923076923077