0 0.7980769230769231 0.3641826923076923 0.009615384615384616 0.01201923076923077
0 0.7860576923076923 0.36177884615384615 0.014423076923076924 0.016826923076923076
0 0.7692307692307693 0.37259615384615385 0.014423076923076924 0.019230769230769232
0 0.7608173076923077 0.375 0.021634615384615384 0.019230769230769232
0 0.9326923076923077 0.44711538461538464 0.08653846153846154 0.0625
0 0.6442307692307693 0.40384615384615385 0.019230769230769232 0.02403846153846154
0 0.6322115384615384 0.41947115384615385 0.03365384615384615 0.036057692307692304
0 0.6105769230769231 0.41586538461538464 0.019230769230769232 0.028846153846153848
0 0.5793269230769231 0.4254807692307692 0.03365384615384615 0.03365384615384615
0 0.5901442307692307 0.41586538461538464 0.036057692307692304 0.03365384615384615
0 0.8257211538461539 0.35216346153846156 0.016826923076923076 0.021634615384615384
0 0.8365384615384616 0.3401442307692308 0.009615384615384616 0.01201923076923077
0 0.8028846153846154 0.34615384615384615 0.009615384615384616 0.009615384615384616
0 0.7884615384615384 0.33533653846153844 0.009615384615384616 0.01201923076923077