0 0.5793269230769231 0.4254807692307692 0.03365384615384615 0.03365384615384615
0 0.6105769230769231 0.41586538461538464 0.019230769230769232 0.028846153846153848
0 0.6322115384615384 0.4206730769230769 0.03365384615384615 0.038461538461538464
0 0.6502403846153846 0.40384615384615385 0.026442307692307692 0.02403846153846154
0 0.7560096153846154 0.3762019230769231 0.016826923076923076 0.021634615384615384
0 0.7728365384615384 0.3701923076923077 0.016826923076923076 0.019230769230769232
0 0.7908653846153846 0.36177884615384615 0.014423076923076924 0.016826923076923076
0 0.7932692307692307 0.33533653846153844 0.009615384615384616 0.01201923076923077
0 0.8004807692307693 0.34375 0.009615384615384616 0.009615384615384616
0 0.8557692307692307 0.3449519230769231 0.009615384615384616 0.01201923076923077
0 0.8269230769230769 0.3485576923076923 0.014423076923076924 0.02403846153846154
0 0.5901442307692307 0.41466346153846156 0.036057692307692304 0.036057692307692304
0 0.8040865384615384 0.36177884615384615 0.01201923076923077 0.01201923076923077