0 0.8064903846153846 0.38221153846153844 0.016826923076923076 0.019230769230769232
0 0.8040865384615384 0.3581730769230769 0.01201923076923077 0.014423076923076924
0 0.7788461538461539 0.36778846153846156 0.014423076923076924 0.019230769230769232
0 0.7223557692307693 0.390625 0.021634615384615384 0.021634615384615384
0 0.7151442307692307 0.38100961538461536 0.016826923076923076 0.021634615384615384
0 0.6971153846153846 0.39903846153846156 0.02403846153846154 0.028846153846153848
0 0.6923076923076923 0.3894230769230769 0.019230769230769232 0.019230769230769232
0 0.6105769230769231 0.41586538461538464 0.019230769230769232 0.028846153846153848
0 0.6225961538461539 0.40625 0.019230769230769232 0.02403846153846154
0 0.6310096153846154 0.4206730769230769 0.036057692307692304 0.038461538461538464
0 0.5793269230769231 0.4254807692307692 0.03365384615384615 0.03365384615384615
0 0.5901442307692307 0.4170673076923077 0.036057692307692304 0.036057692307692304
0 0.7608173076923077 0.36778846153846156 0.026442307692307692 0.038461538461538464
0 0.8557692307692307 0.3701923076923077 0.009615384615384616 0.019230769230769232
0 0.7836538461538461 0.33413461538461536 0.009615384615384616 0.009615384615384616
0 0.7956730769230769 0.33653846153846156 0.009615384615384616 0.009615384615384616
0 0.8064903846153846 0.33653846153846156 0.007211538461538462 0.009615384615384616