0 0.9507211538461539 0.44350961538461536 0.0889423076923077 0.06009615384615385
0 0.8641826923076923 0.35096153846153844 0.01201923076923077 0.014423076923076924
0 0.7391826923076923 0.3762019230769231 0.016826923076923076 0.016826923076923076
0 0.7163461538461539 0.3942307692307692 0.014423076923076924 0.02403846153846154
0 0.5805288461538461 0.4254807692307692 0.03125 0.03365384615384615
0 0.6081730769230769 0.41586538461538464 0.019230769230769232 0.028846153846153848
0 0.625 0.4074519230769231 0.019230769230769232 0.021634615384615384
0 0.6610576923076923 0.39663461538461536 0.019230769230769232 0.019230769230769232
0 0.6430288461538461 0.40384615384615385 0.021634615384615384 0.019230769230769232
0 0.6322115384615384 0.42427884615384615 0.03365384615384615 0.036057692307692304
0 0.6526442307692307 0.41586538461538464 0.026442307692307692 0.028846153846153848
0 0.671875 0.40865384615384615 0.026442307692307692 0.028846153846153848
0 0.5901442307692307 0.41586538461538464 0.03125 0.03365384615384615
0 0.6959134615384616 0.38341346153846156 0.036057692307692304 0.05048076923076923
2 0.8221153846153846 0.42427884615384615 0.014423076923076924 0.036057692307692304
0 0.8533653846153846 0.3713942307692308 0.009615384615384616 0.016826923076923076
0 0.7836538461538461 0.33533653846153844 0.009615384615384616 0.01201923076923077
0 0.7908653846153846 0.33533653846153844 0.009615384615384616 0.01201923076923077