2 0.8161057692307693 0.40865384615384615 0.01201923076923077 0.028846153846153848
0 0.6959134615384616 0.38822115384615385 0.016826923076923076 0.021634615384615384
0 0.7704326923076923 0.40625 0.026442307692307692 0.03365384615384615
0 0.6923076923076923 0.4026442307692308 0.014423076923076924 0.021634615384615384
0 0.6622596153846154 0.41346153846153844 0.021634615384615384 0.028846153846153848
0 0.6514423076923077 0.4170673076923077 0.02403846153846154 0.03125
0 0.6310096153846154 0.421875 0.036057692307692304 0.036057692307692304
0 0.6117788461538461 0.41586538461538464 0.016826923076923076 0.028846153846153848
0 0.625 0.4050480769230769 0.019230769230769232 0.021634615384615384
0 0.6418269230769231 0.40024038461538464 0.019230769230769232 0.016826923076923076
0 0.6514423076923077 0.3942307692307692 0.014423076923076924 0.014423076923076924
0 0.5793269230769231 0.4254807692307692 0.03365384615384615 0.03365384615384615
0 0.5901442307692307 0.41466346153846156 0.036057692307692304 0.036057692307692304
0 0.671875 0.3894230769230769 0.036057692307692304 0.057692307692307696
0 0.8533653846153846 0.36778846153846156 0.009615384615384616 0.014423076923076924
0 0.78125 0.33413461538461536 0.009615384615384616 0.009615384615384616
0 0.7908653846153846 0.33533653846153844 0.009615384615384616 0.01201923076923077