0 0.6766826923076923 0.3894230769230769 0.036057692307692304 0.057692307692307696
0 0.5901442307692307 0.41586538461538464 0.036057692307692304 0.038461538461538464
0 0.5793269230769231 0.4254807692307692 0.03365384615384615 0.03365384615384615
0 0.6117788461538461 0.4170673076923077 0.016826923076923076 0.03125
0 0.6213942307692307 0.4050480769230769 0.021634615384615384 0.026442307692307692
0 0.6310096153846154 0.42427884615384615 0.03125 0.036057692307692304
0 0.6502403846153846 0.4182692307692308 0.026442307692307692 0.028846153846153848
0 0.6646634615384616 0.41225961538461536 0.021634615384615384 0.026442307692307692
0 0.6947115384615384 0.4014423076923077 0.014423076923076924 0.02403846153846154
0 0.7007211538461539 0.3870192307692308 0.021634615384615384 0.02403846153846154
0 0.7644230769230769 0.41346153846153844 0.028846153846153848 0.03365384615384615
0 0.8557692307692307 0.3449519230769231 0.009615384615384616 0.01201923076923077
2 0.8137019230769231 0.41225961538461536 0.01201923076923077 0.026442307692307692
0 0.6526442307692307 0.3954326923076923 0.016826923076923076 0.016826923076923076
0 0.6418269230769231 0.40024038461538464 0.019230769230769232 0.016826923076923076
0 0.8533653846153846 0.36778846153846156 0.009615384615384616 0.014423076923076924
0 0.7836538461538461 0.33413461538461536 0.009615384615384616 0.009615384615384616
0 0.7932692307692307 0.33413461538461536 0.009615384615384616 0.009615384615384616