0 0.6658653846153846 0.39302884615384615 0.04326923076923077 0.06009615384615385
0 0.5889423076923077 0.4170673076923077 0.038461538461538464 0.036057692307692304
0 0.6105769230769231 0.41586538461538464 0.019230769230769232 0.028846153846153848
0 0.6225961538461539 0.40384615384615385 0.019230769230769232 0.019230769230769232
0 0.6394230769230769 0.39903846153846156 0.019230769230769232 0.014423076923076924
0 0.6310096153846154 0.42427884615384615 0.036057692307692304 0.03125
0 0.6478365384615384 0.41586538461538464 0.026442307692307692 0.028846153846153848
0 0.6634615384615384 0.41346153846153844 0.019230769230769232 0.028846153846153848
0 0.5793269230769231 0.4254807692307692 0.03365384615384615 0.03365384615384615
0 0.6862980769230769 0.40384615384615385 0.01201923076923077 0.02403846153846154
0 0.8040865384615384 0.38100961538461536 0.016826923076923076 0.021634615384615384
2 0.8221153846153846 0.39903846153846156 0.009615384615384616 0.02403846153846154
2 0.8016826923076923 0.35096153846153844 0.007211538461538462 0.014423076923076924
0 0.8353365384615384 0.3401442307692308 0.01201923076923077 0.01201923076923077
0 0.8533653846153846 0.36778846153846156 0.009615384615384616 0.014423076923076924
0 0.78125 0.33533653846153844 0.009615384615384616 0.01201923076923077
0 0.7908653846153846 0.33533653846153844 0.009615384615384616 0.01201923076923077