0 0.6117788461538461 0.41586538461538464 0.016826923076923076 0.028846153846153848
0 0.6213942307692307 0.40625 0.021634615384615384 0.02403846153846154
0 0.6310096153846154 0.421875 0.036057692307692304 0.036057692307692304
0 0.6502403846153846 0.4170673076923077 0.026442307692307692 0.03125
0 0.6634615384615384 0.41346153846153844 0.019230769230769232 0.028846153846153848
0 0.6850961538461539 0.40384615384615385 0.014423076923076924 0.02403846153846154
0 0.5793269230769231 0.4254807692307692 0.03365384615384615 0.03365384615384615
0 0.5901442307692307 0.4170673076923077 0.036057692307692304 0.036057692307692304
0 0.6658653846153846 0.390625 0.04326923076923077 0.06009615384615385
0 0.6394230769230769 0.40024038461538464 0.019230769230769232 0.016826923076923076
0 0.7596153846153846 0.4170673076923077 0.04326923076923077 0.06490384615384616
2 0.7536057692307693 0.36778846153846156 0.007211538461538462 0.014423076923076924
0 0.8341346153846154 0.3401442307692308 0.009615384615384616 0.01201923076923077