0 0.8028846153846154 0.34615384615384615 0.009615384615384616 0.009615384615384616
0 0.7932692307692307 0.3485576923076923 0.009615384615384616 0.009615384615384616
0 0.7704326923076923 0.34134615384615385 0.007211538461538462 0.009615384615384616
0 0.7944711538461539 0.36177884615384615 0.01201923076923077 0.01201923076923077
0 0.8076923076923077 0.3545673076923077 0.009615384615384616 0.01201923076923077
0 0.8088942307692307 0.3713942307692308 0.01201923076923077 0.016826923076923076
0 0.8353365384615384 0.36177884615384615 0.01201923076923077 0.016826923076923076
0 0.8233173076923077 0.37259615384615385 0.016826923076923076 0.014423076923076924
0 0.6754807692307693 0.40865384615384615 0.014423076923076924 0.02403846153846154
0 0.6129807692307693 0.41346153846153844 0.019230769230769232 0.02403846153846154
0 0.5949519230769231 0.41466346153846156 0.021634615384615384 0.016826923076923076
0 0.6514423076923077 0.4170673076923077 0.02403846153846154 0.026442307692307692
0 0.6310096153846154 0.4230769230769231 0.03125 0.03365384615384615
0 0.6009615384615384 0.43028846153846156 0.038461538461538464 0.038461538461538464
0 0.5625 0.44471153846153844 0.04807692307692308 0.052884615384615384
0 0.5132211538461539 0.4411057692307692 0.040865384615384616 0.040865384615384616
2 0.47475961538461536 0.43509615384615385 0.026442307692307692 0.038461538461538464
0 0.5733173076923077 0.4170673076923077 0.040865384615384616 0.03125
0 0.65625 0.3942307692307692 0.04326923076923077 0.057692307692307696