0 0.828125 0.3641826923076923 0.016826923076923076 0.026442307692307692
0 0.65625 0.3942307692307692 0.04326923076923077 0.057692307692307696
0 0.5829326923076923 0.4182692307692308 0.036057692307692304 0.038461538461538464
2 0.5408653846153846 0.42427884615384615 0.019230769230769232 0.03125
0 0.5637019230769231 0.43028846153846156 0.036057692307692304 0.03365384615384615
0 0.6021634615384616 0.4182692307692308 0.021634615384615384 0.028846153846153848
0 0.6165865384615384 0.4266826923076923 0.036057692307692304 0.036057692307692304
0 0.640625 0.4206730769230769 0.026442307692307692 0.028846153846153848
0 0.6550480769230769 0.4170673076923077 0.021634615384615384 0.026442307692307692
0 0.6766826923076923 0.4074519230769231 0.016826923076923076 0.026442307692307692
0 0.8064903846153846 0.3701923076923077 0.016826923076923076 0.019230769230769232
0 0.7908653846153846 0.3870192307692308 0.019230769230769232 0.02403846153846154
0 0.6141826923076923 0.4074519230769231 0.021634615384615384 0.016826923076923076
0 0.6310096153846154 0.4026442307692308 0.016826923076923076 0.016826923076923076
0 0.8137019230769231 0.35216346153846156 0.01201923076923077 0.01201923076923077
0 0.7896634615384616 0.34615384615384615 0.01201923076923077 0.009615384615384616
0 0.7788461538461539 0.3389423076923077 0.009615384615384616 0.009615384615384616