2 0.5120192307692307 0.42788461538461536 0.019230769230769232 0.03365384615384615
0 0.546875 0.4338942307692308 0.036057692307692304 0.036057692307692304
0 0.5961538461538461 0.4338942307692308 0.038461538461538464 0.040865384615384616
0 0.6189903846153846 0.4254807692307692 0.026442307692307692 0.03365384615384615
0 0.640625 0.41947115384615385 0.026442307692307692 0.026442307692307692
0 0.6550480769230769 0.4170673076923077 0.021634615384615384 0.026442307692307692
0 0.6754807692307693 0.4074519230769231 0.014423076923076924 0.026442307692307692
0 0.5817307692307693 0.4206730769230769 0.03365384615384615 0.04326923076923077
0 0.6550480769230769 0.3942307692307692 0.040865384615384616 0.057692307692307696
0 0.8353365384615384 0.3605769230769231 0.016826923076923076 0.02403846153846154
0 0.7920673076923077 0.34375 0.007211538461538462 0.009615384615384616
0 0.8004807692307693 0.34975961538461536 0.009615384615384616 0.01201923076923077
0 0.8064903846153846 0.359375 0.01201923076923077 0.01201923076923077
0 0.8221153846153846 0.3641826923076923 0.014423076923076924 0.01201923076923077
0 0.8016826923076923 0.3762019230769231 0.01201923076923077 0.016826923076923076
0 0.8088942307692307 0.3798076923076923 0.021634615384615384 0.019230769230769232