0 0.6225961538461539 0.42427884615384615 0.03365384615384615 0.036057692307692304
0 0.6430288461538461 0.4206730769230769 0.021634615384615384 0.028846153846153848
0 0.6550480769230769 0.4170673076923077 0.021634615384615384 0.026442307692307692
0 0.5697115384615384 0.43149038461538464 0.03365384615384615 0.03125
0 0.5829326923076923 0.41947115384615385 0.036057692307692304 0.040865384615384616
0 0.6033653846153846 0.4182692307692308 0.019230769230769232 0.03365384615384615
0 0.8161057692307693 0.36778846153846156 0.016826923076923076 0.02403846153846154
0 0.7920673076923077 0.375 0.016826923076923076 0.019230769230769232
0 0.7800480769230769 0.39663461538461536 0.021634615384615384 0.028846153846153848
0 0.65625 0.3954326923076923 0.04326923076923077 0.06009615384615385
2 0.5588942307692307 0.41466346153846156 0.01201923076923077 0.021634615384615384
0 0.6778846153846154 0.4050480769230769 0.014423076923076924 0.026442307692307692
0 0.8173076923076923 0.34975961538461536 0.009615384615384616 0.01201923076923077