0 0.5709134615384616 0.43028846153846156 0.03125 0.03365384615384615
0 0.6057692307692307 0.41947115384615385 0.019230769230769232 0.026442307692307692
0 0.6165865384615384 0.4110576923076923 0.021634615384615384 0.02403846153846154
0 0.6334134615384616 0.40625 0.021634615384615384 0.019230769230769232
0 0.625 0.4254807692307692 0.03365384615384615 0.03365384615384615
0 0.6442307692307693 0.4206730769230769 0.02403846153846154 0.028846153846153848
0 0.6610576923076923 0.4182692307692308 0.019230769230769232 0.028846153846153848
0 0.6802884615384616 0.40865384615384615 0.014423076923076924 0.02403846153846154
0 0.7872596153846154 0.3798076923076923 0.016826923076923076 0.019230769230769232
0 0.78125 0.3954326923076923 0.019230769230769232 0.021634615384615384
0 0.7764423076923077 0.40625 0.02403846153846154 0.028846153846153848
0 0.8137019230769231 0.3701923076923077 0.016826923076923076 0.02403846153846154
0 0.6598557692307693 0.3942307692307692 0.04567307692307692 0.057692307692307696
0 0.5853365384615384 0.4206730769230769 0.036057692307692304 0.038461538461538464
2 0.5685096153846154 0.40865384615384615 0.01201923076923077 0.014423076923076924
0 0.8161057692307693 0.3485576923076923 0.01201923076923077 0.014423076923076924
0 0.8545673076923077 0.3449519230769231 0.007211538461538462 0.01201923076923077