0 0.8365384615384616 0.36538461538461536 0.014423076923076924 0.014423076923076924
0 0.8341346153846154 0.34134615384615385 0.004807692307692308 0.009615384615384616
0 0.8137019230769231 0.34615384615384615 0.007211538461538462 0.009615384615384616
0 0.7932692307692307 0.3473557692307692 0.009615384615384616 0.01201923076923077
0 0.8040865384615384 0.35697115384615385 0.01201923076923077 0.01201923076923077
0 0.8064903846153846 0.35336538461538464 0.007211538461538462 0.009615384615384616
0 0.8221153846153846 0.3641826923076923 0.009615384615384616 0.01201923076923077
0 0.765625 0.3701923076923077 0.016826923076923076 0.019230769230769232
0 0.671875 0.4098557692307692 0.016826923076923076 0.026442307692307692
0 0.6370192307692307 0.42427884615384615 0.028846153846153848 0.03125
0 0.6225961538461539 0.41346153846153844 0.019230769230769232 0.019230769230769232
0 0.6033653846153846 0.41586538461538464 0.028846153846153848 0.028846153846153848
0 0.578125 0.4266826923076923 0.036057692307692304 0.03125
0 0.6081730769230769 0.43028846153846156 0.03365384615384615 0.03365384615384615
0 0.5444711538461539 0.44471153846153844 0.05048076923076923 0.04807692307692308
0 0.42908653846153844 0.45552884615384615 0.055288461538461536 0.05048076923076923
0 0.36177884615384615 0.47115384615384615 0.11298076923076923 0.10096153846153846
0 0.5360576923076923 0.43028846153846156 0.04807692307692308 0.04807692307692308
0 0.6478365384615384 0.39783653846153844 0.04567307692307692 0.06490384615384616
0 0.8521634615384616 0.35216346153846156 0.01201923076923077 0.01201923076923077