0 0.859375 0.35096153846153844 0.01201923076923077 0.019230769230769232
0 0.8269230769230769 0.3401442307692308 0.009615384615384616 0.01201923076923077
0 0.8341346153846154 0.34975961538461536 0.009615384615384616 0.01201923076923077
0 0.8197115384615384 0.35697115384615385 0.009615384615384616 0.01201923076923077
0 0.8028846153846154 0.35697115384615385 0.009615384615384616 0.01201923076923077
0 0.7920673076923077 0.36177884615384615 0.01201923076923077 0.01201923076923077
0 0.7716346153846154 0.36899038461538464 0.014423076923076924 0.016826923076923076
0 0.7199519230769231 0.38341346153846156 0.016826923076923076 0.021634615384615384
0 0.6923076923076923 0.45072115384615385 0.0625 0.055288461538461536
0 0.6514423076923077 0.4182692307692308 0.019230769230769232 0.028846153846153848
0 0.5973557692307693 0.41466346153846156 0.021634615384615384 0.021634615384615384
0 0.578125 0.42908653846153844 0.03125 0.03125
0 0.5925480769230769 0.4411057692307692 0.040865384615384616 0.040865384615384616
0 0.5348557692307693 0.43509615384615385 0.040865384615384616 0.04326923076923077
0 0.48677884615384615 0.44711538461538464 0.05048076923076923 0.04326923076923077
0 0.3894230769230769 0.4519230769230769 0.07692307692307693 0.07692307692307693
0 0.6274038461538461 0.4050480769230769 0.04807692307692308 0.07451923076923077