0 0.8581730769230769 0.3485576923076923 0.009615384615384616 0.014423076923076924
0 0.6021634615384616 0.41225961538461536 0.05048076923076923 0.08413461538461539
0 0.16466346153846154 0.47475961538461536 0.1466346153846154 0.12740384615384615
0 0.35336538461538464 0.4675480769230769 0.07692307692307693 0.06009615384615385
0 0.48677884615384615 0.4519230769230769 0.05048076923076923 0.052884615384615384
0 0.53125 0.4387019230769231 0.038461538461538464 0.036057692307692304
0 0.5637019230769231 0.43028846153846156 0.03125 0.03365384615384615
0 0.6310096153846154 0.4182692307692308 0.021634615384615384 0.028846153846153848
0 0.6454326923076923 0.4543269230769231 0.06490384615384616 0.057692307692307696
0 0.6959134615384616 0.3942307692307692 0.021634615384615384 0.02403846153846154
0 0.8137019230769231 0.359375 0.01201923076923077 0.01201923076923077
0 0.8245192307692307 0.34615384615384615 0.009615384615384616 0.014423076923076924
0 0.8197115384615384 0.3389423076923077 0.009615384615384616 0.009615384615384616
0 0.7896634615384616 0.36177884615384615 0.01201923076923077 0.01201923076923077
0 0.7668269230769231 0.36899038461538464 0.014423076923076924 0.016826923076923076
0 0.7415865384615384 0.3762019230769231 0.016826923076923076 0.016826923076923076