0 0.9375 0.4182692307692308 0.125 0.1201923076923077
0 0.8569711538461539 0.34975961538461536 0.01201923076923077 0.016826923076923076
0 0.5985576923076923 0.41346153846153844 0.057692307692307696 0.09134615384615384
0 0.6286057692307693 0.42788461538461536 0.016826923076923076 0.028846153846153848
0 0.8197115384615384 0.34615384615384615 0.009615384615384616 0.009615384615384616
0 0.8137019230769231 0.33774038461538464 0.007211538461538462 0.007211538461538462
0 0.8088942307692307 0.3605769230769231 0.01201923076923077 0.014423076923076924
0 0.7836538461538461 0.3641826923076923 0.014423076923076924 0.01201923076923077
0 0.7548076923076923 0.37259615384615385 0.014423076923076924 0.019230769230769232
0 0.7271634615384616 0.3798076923076923 0.016826923076923076 0.019230769230769232
0 0.6850961538461539 0.39903846153846156 0.02403846153846154 0.028846153846153848
0 0.7283653846153846 0.46033653846153844 0.09615384615384616 0.06971153846153846
0 0.546875 0.4338942307692308 0.036057692307692304 0.036057692307692304
0 0.5072115384615384 0.44591346153846156 0.04326923076923077 0.040865384615384616
0 0.45913461538461536 0.4567307692307692 0.0625 0.0625
0 0.2776442307692308 0.47716346153846156 0.09375 0.07451923076923077
0 0.054086538461538464 0.4891826923076923 0.10817307692307693 0.17067307692307693