0 0.8569711538461539 0.35096153846153844 0.01201923076923077 0.014423076923076924
0 0.8293269230769231 0.34134615384615385 0.009615384615384616 0.009615384615384616
0 0.8197115384615384 0.3557692307692308 0.009615384615384616 0.009615384615384616
0 0.8028846153846154 0.35216346153846156 0.009615384615384616 0.01201923076923077
0 0.8016826923076923 0.359375 0.01201923076923077 0.01201923076923077
0 0.8341346153846154 0.36177884615384615 0.009615384615384616 0.01201923076923077
0 0.7872596153846154 0.3641826923076923 0.01201923076923077 0.01201923076923077
0 0.7319711538461539 0.3798076923076923 0.016826923076923076 0.019230769230769232
0 0.15985576923076922 0.49038461538461536 0.11778846153846154 0.09134615384615384
0 0.3762019230769231 0.46875 0.09375 0.08653846153846154
0 0.5348557692307693 0.4362980769230769 0.040865384615384616 0.040865384615384616
0 0.5685096153846154 0.4266826923076923 0.036057692307692304 0.036057692307692304
0 0.5985576923076923 0.4206730769230769 0.028846153846153848 0.03365384615384615
0 0.6105769230769231 0.4326923076923077 0.03365384615384615 0.038461538461538464
0 0.6598557692307693 0.41346153846153844 0.016826923076923076 0.028846153846153848
0 0.6298076923076923 0.44471153846153844 0.04807692307692308 0.04326923076923077
0 0.6346153846153846 0.39903846153846156 0.04807692307692308 0.0673076923076923
0 0.46274038461538464 0.44350961538461536 0.055288461538461536 0.06490384615384616