0 0.8509615384615384 0.3473557692307692 0.009615384615384616 0.016826923076923076
0 0.7475961538461539 0.41466346153846156 0.038461538461538464 0.06490384615384616
0 0.8257211538461539 0.3473557692307692 0.007211538461538462 0.01201923076923077
0 0.8004807692307693 0.3389423076923077 0.009615384615384616 0.009615384615384616
0 0.7872596153846154 0.36899038461538464 0.01201923076923077 0.01201923076923077
0 0.7451923076923077 0.375 0.014423076923076924 0.014423076923076924
0 0.7091346153846154 0.38461538461538464 0.019230769230769232 0.019230769230769232
0 0.5805288461538461 0.4266826923076923 0.03125 0.03125
0 0.5949519230769231 0.44591346153846156 0.03125 0.040865384615384616
0 0.5408653846153846 0.4338942307692308 0.038461538461538464 0.040865384615384616
0 0.31850961538461536 0.4795673076923077 0.0985576923076923 0.08413461538461539
0 0.4375 0.4579326923076923 0.057692307692307696 0.055288461538461536
0 0.6526442307692307 0.41466346153846156 0.10336538461538461 0.13221153846153846