0 0.8329326923076923 0.3401442307692308 0.007211538461538462 0.016826923076923076
0 0.7824519230769231 0.33653846153846156 0.007211538461538462 0.009615384615384616
0 0.8064903846153846 0.3389423076923077 0.007211538461538462 0.009615384615384616
0 0.7319711538461539 0.38461538461538464 0.021634615384615384 0.019230769230769232
0 0.7848557692307693 0.38221153846153844 0.026442307692307692 0.038461538461538464
0 0.7608173076923077 0.33774038461538464 0.007211538461538462 0.007211538461538462
0 0.6346153846153846 0.421875 0.03365384615384615 0.036057692307692304
0 0.6105769230769231 0.41586538461538464 0.02403846153846154 0.028846153846153848
0 0.5516826923076923 0.43028846153846156 0.036057692307692304 0.03365384615384615
0 0.4831730769230769 0.4519230769230769 0.04807692307692308 0.04807692307692308
0 0.41947115384615385 0.4675480769230769 0.08413461538461539 0.07451923076923077
0 0.3629807692307692 0.4639423076923077 0.0673076923076923 0.0673076923076923