0 0.7860576923076923 0.33653846153846156 0.009615384615384616 0.009615384615384616
0 0.8245192307692307 0.34134615384615385 0.009615384615384616 0.014423076923076924
0 0.8076923076923077 0.3701923076923077 0.019230769230769232 0.03365384615384615
0 0.6947115384615384 0.39903846153846156 0.02403846153846154 0.02403846153846154
0 0.5300480769230769 0.4375 0.03125 0.03365384615384615
0 0.5096153846153846 0.45072115384615385 0.0625 0.06009615384615385
0 0.42788461538461536 0.4543269230769231 0.052884615384615384 0.04807692307692308
0 0.36899038461538464 0.47596153846153844 0.0889423076923077 0.08173076923076923
0 0.10576923076923077 0.49038461538461536 0.13942307692307693 0.11057692307692307
0 0.7716346153846154 0.33774038461538464 0.009615384615384616 0.01201923076923077
1 0.5 0.857764423076923 1 0.28444711538461537