0 0.040865384615384616 0.7728365384615384 0.08173076923076923 0.31490384615384615
0 0.11899038461538461 0.6947115384615384 0.09375 0.08653846153846154
0 0.21995192307692307 0.6899038461538461 0.13701923076923078 0.09615384615384616
0 0.2956730769230769 0.6706730769230769 0.057692307692307696 0.07211538461538461
0 0.3605769230769231 0.6682692307692307 0.10096153846153846 0.09615384615384616
0 0.4182692307692308 0.6538461538461539 0.038461538461538464 0.0625
0 0.44471153846153844 0.6442307692307693 0.02403846153846154 0.04807692307692308
0 0.49399038461538464 0.6358173076923077 0.036057692307692304 0.040865384615384616
4 0.24639423076923078 0.6334134615384616 0.01201923076923077 0.021634615384615384
4 0.13701923076923078 0.6454326923076923 0.014423076923076924 0.01201923076923077
4 0.07692307692307693 0.6538461538461539 0.014423076923076924 0.04326923076923077