0 0.042067307692307696 0.6442307692307693 0.08413461538461539 0.038461538461538464
0 0.11057692307692307 0.6418269230769231 0.057692307692307696 0.038461538461538464
0 0.1622596153846154 0.6382211538461539 0.040865384615384616 0.03125
4 0.23557692307692307 0.6346153846153846 0.019230769230769232 0.028846153846153848
0 0.34134615384615385 0.6538461538461539 0.08653846153846154 0.08173076923076923
4 0.984375 0.5817307692307693 0.007211538461538462 0.03365384615384615
4 0.9747596153846154 0.5865384615384616 0.01201923076923077 0.03365384615384615
0 0.8521634615384616 0.6033653846153846 0.08413461538461539 0.04326923076923077
0 0.7728365384615384 0.6069711538461539 0.07451923076923077 0.040865384615384616
0 0.44350961538461536 0.6274038461538461 0.036057692307692304 0.02403846153846154
0 0.5120192307692307 0.6177884615384616 0.09615384615384616 0.038461538461538464
4 0.2860576923076923 0.6310096153846154 0.009615384615384616 0.021634615384615384
0 0.3786057692307692 0.6177884615384616 0.03125 0.04326923076923077