0 0.24879807692307693 0.6971153846153846 0.18028846153846154 0.16346153846153846
0 0.3401442307692308 0.6694711538461539 0.08413461538461539 0.11778846153846154
0 0.3894230769230769 0.6177884615384616 0.10096153846153846 0.057692307692307696
0 0.46274038461538464 0.6225961538461539 0.07451923076923077 0.04326923076923077
0 0.5829326923076923 0.6117788461538461 0.11298076923076923 0.06009615384615385
4 0.6959134615384616 0.6081730769230769 0.016826923076923076 0.04326923076923077
0 0.8605769230769231 0.6009615384615384 0.16826923076923078 0.0673076923076923
0 0.7692307692307693 0.6009615384615384 0.0673076923076923 0.04326923076923077
0 0.9699519230769231 0.5913461538461539 0.055288461538461536 0.052884615384615384
0 0.08774038461538461 0.6382211538461539 0.12740384615384615 0.05048076923076923
0 0.43028846153846156 0.5949519230769231 0.038461538461538464 0.026442307692307692