0 0.04807692307692308 0.6658653846153846 0.09615384615384616 0.0673076923076923
2 0.13341346153846154 0.6634615384615384 0.021634615384615384 0.04807692307692308
2 0.18509615384615385 0.6586538461538461 0.019230769230769232 0.052884615384615384
0 0.3112980769230769 0.6538461538461539 0.055288461538461536 0.04807692307692308
0 0.37740384615384615 0.6526442307692307 0.04326923076923077 0.040865384615384616
4 0.34975961538461536 0.6526442307692307 0.01201923076923077 0.036057692307692304
0 0.49759615384615385 0.6442307692307693 0.057692307692307696 0.04807692307692308
0 0.6310096153846154 0.6274038461538461 0.17548076923076922 0.08173076923076923
0 0.8882211538461539 0.6358173076923077 0.21875 0.10336538461538461
0 0.9711538461538461 0.5865384615384616 0.057692307692307696 0.057692307692307696
0 0.8978365384615384 0.5552884615384616 0.20432692307692307 0.125
0 0.41346153846153844 0.6262019230769231 0.052884615384615384 0.06971153846153846
0 0.019230769230769232 0.8942307692307693 0.038461538461538464 0.20673076923076922
0 0.40625 0.6490384615384616 0.019230769230769232 0.038461538461538464
4 0.4266826923076923 0.6478365384615384 0.016826923076923076 0.04567307692307692