2 0.12740384615384615 0.6622596153846154 0.02403846153846154 0.05048076923076923
2 0.06850961538461539 0.6682692307692307 0.026442307692307692 0.052884615384615384
2 0.18389423076923078 0.6610576923076923 0.021634615384615384 0.04807692307692308
0 0.3125 0.6538461538461539 0.04807692307692308 0.052884615384615384
0 0.38221153846153844 0.6526442307692307 0.04326923076923077 0.04567307692307692
4 0.35096153846153844 0.65625 0.009615384615384616 0.03365384615384615
0 0.6454326923076923 0.6322115384615384 0.18509615384615385 0.08653846153846154
0 0.6069711538461539 0.5961538461538461 0.4110576923076923 0.16346153846153846
4 0.8581730769230769 0.6262019230769231 0.014423076923076924 0.055288461538461536
4 0.8713942307692307 0.6262019230769231 0.01201923076923077 0.055288461538461536
4 0.9387019230769231 0.6177884615384616 0.016826923076923076 0.052884615384615384