0 0.15384615384615385 0.7379807692307693 0.24519230769230768 0.23076923076923078
4 0.35096153846153844 0.6334134615384616 0.014423076923076924 0.04567307692307692
0 0.4098557692307692 0.6009615384615384 0.04567307692307692 0.038461538461538464
0 0.31490384615384615 0.640625 0.04326923076923077 0.040865384615384616
0 0.4206730769230769 0.6358173076923077 0.125 0.055288461538461536
0 0.6009615384615384 0.6189903846153846 0.16346153846153846 0.06971153846153846
2 0.6814903846153846 0.6454326923076923 0.0985576923076923 0.12740384615384615
4 0.7512019230769231 0.6117788461538461 0.01201923076923077 0.04567307692307692
4 0.7620192307692307 0.6117788461538461 0.009615384615384616 0.05048076923076923
0 0.8317307692307693 0.6105769230769231 0.12980769230769232 0.057692307692307696
0 0.9675480769230769 0.5961538461538461 0.06009615384615385 0.08173076923076923
0 0.06129807692307692 0.8197115384615384 0.12259615384615384 0.3317307692307692