2 0.06129807692307692 0.6706730769230769 0.026442307692307692 0.052884615384615384
2 0.12139423076923077 0.6658653846153846 0.021634615384615384 0.052884615384615384
2 0.18028846153846154 0.6646634615384616 0.019230769230769232 0.05048076923076923
0 0.3701923076923077 0.6646634615384616 0.18269230769230768 0.11298076923076923
0 0.42908653846153844 0.6117788461538461 0.05048076923076923 0.036057692307692304
0 0.4987980769230769 0.6442307692307693 0.026442307692307692 0.028846153846153848
4 0.5480769230769231 0.65625 0.019230769230769232 0.038461538461538464
0 0.6598557692307693 0.6430288461538461 0.18028846153846154 0.09375
2 0.7512019230769231 0.6394230769230769 0.021634615384615384 0.07211538461538461
4 0.8858173076923077 0.6334134615384616 0.01201923076923077 0.055288461538461536
4 0.9002403846153846 0.6334134615384616 0.01201923076923077 0.06009615384615385
4 0.9627403846153846 0.6237980769230769 0.016826923076923076 0.06009615384615385