0 0.10336538461538461 0.6646634615384616 0.20673076923076922 0.07932692307692307
0 0.3112980769230769 0.6586538461538461 0.04567307692307692 0.052884615384615384
4 0.3557692307692308 0.6586538461538461 0.014423076923076924 0.03365384615384615
0 0.38461538461538464 0.6574519230769231 0.04326923076923077 0.05048076923076923
0 0.41225961538461536 0.65625 0.01201923076923077 0.04807692307692308
0 0.4266826923076923 0.6490384615384616 0.016826923076923076 0.03365384615384615
0 0.4254807692307692 0.6274038461538461 0.057692307692307696 0.07211538461538461
0 0.5372596153846154 0.6454326923076923 0.18509615384615385 0.0985576923076923
4 0.6370192307692307 0.6454326923076923 0.014423076923076924 0.055288461538461536
2 0.71875 0.640625 0.04807692307692308 0.06009615384615385
0 0.8449519230769231 0.6310096153846154 0.19471153846153846 0.0889423076923077
4 0.9326923076923077 0.6105769230769231 0.014423076923076924 0.028846153846153848
4 0.9603365384615384 0.6237980769230769 0.021634615384615384 0.06009615384615385
0 0.34375 0.65625 0.019230769230769232 0.04326923076923077