0 0.08533653846153846 0.6670673076923077 0.17067307692307693 0.07451923076923077
2 0.18028846153846154 0.6622596153846154 0.014423076923076924 0.04567307692307692
4 0.24278846153846154 0.6538461538461539 0.014423076923076924 0.04326923076923077
4 0.25600961538461536 0.6550480769230769 0.01201923076923077 0.036057692307692304
2 0.31490384615384615 0.6598557692307693 0.052884615384615384 0.10336538461538461
0 0.3713942307692308 0.6586538461538461 0.0889423076923077 0.0625
0 0.4182692307692308 0.6538461538461539 0.019230769230769232 0.038461538461538464
0 0.43028846153846156 0.6502403846153846 0.014423076923076924 0.036057692307692304
0 0.42788461538461536 0.6286057692307693 0.057692307692307696 0.07451923076923077
0 0.5168269230769231 0.6394230769230769 0.019230769230769232 0.02403846153846154
2 0.5324519230769231 0.6538461538461539 0.016826923076923076 0.0625
2 0.5528846153846154 0.6454326923076923 0.014423076923076924 0.036057692307692304
4 0.5829326923076923 0.6466346153846154 0.016826923076923076 0.07211538461538461
4 0.5949519230769231 0.6490384615384616 0.007211538461538462 0.0625
4 0.640625 0.6394230769230769 0.016826923076923076 0.038461538461538464
4 0.9615384615384616 0.6225961538461539 0.014423076923076924 0.057692307692307696
4 0.8798076923076923 0.6262019230769231 0.014423076923076924 0.06490384615384616
4 0.890625 0.6310096153846154 0.01201923076923077 0.06009615384615385
4 0.8990384615384616 0.6322115384615384 0.009615384615384616 0.057692307692307696