2 0.06129807692307692 0.6790865384615384 0.026442307692307692 0.055288461538461536
2 0.12259615384615384 0.6730769230769231 0.02403846153846154 0.057692307692307696
2 0.18028846153846154 0.6682692307692307 0.02403846153846154 0.052884615384615384
4 0.22956730769230768 0.6610576923076923 0.01201923076923077 0.04326923076923077
4 0.24278846153846154 0.6610576923076923 0.009615384615384616 0.038461538461538464
0 0.3112980769230769 0.6622596153846154 0.04567307692307692 0.055288461538461536
0 0.34375 0.6646634615384616 0.019230769230769232 0.040865384615384616
4 0.35336538461538464 0.6646634615384616 0.009615384615384616 0.040865384615384616
0 0.38341346153846156 0.6598557692307693 0.04567307692307692 0.04567307692307692
0 0.41225961538461536 0.6610576923076923 0.016826923076923076 0.04326923076923077
0 0.4206730769230769 0.6574519230769231 0.014423076923076924 0.036057692307692304
0 0.4254807692307692 0.6189903846153846 0.057692307692307696 0.040865384615384616
0 0.47596153846153844 0.6574519230769231 0.10096153846153846 0.06490384615384616
4 0.6875 0.6418269230769231 0.019230769230769232 0.04326923076923077
4 0.8810096153846154 0.6322115384615384 0.01201923076923077 0.057692307692307696
4 0.8954326923076923 0.6382211538461539 0.01201923076923077 0.05048076923076923
4 0.9002403846153846 0.6322115384615384 0.01201923076923077 0.057692307692307696
4 0.9627403846153846 0.6237980769230769 0.016826923076923076 0.055288461538461536