2 0.07692307692307693 0.6742788461538461 0.0625 0.0889423076923077
2 0.12139423076923077 0.6646634615384616 0.016826923076923076 0.05048076923076923
2 0.18028846153846154 0.6610576923076923 0.019230769230769232 0.052884615384615384
4 0.2512019230769231 0.6538461538461539 0.01201923076923077 0.038461538461538464
4 0.26322115384615385 0.6538461538461539 0.01201923076923077 0.03365384615384615
0 0.3137019230769231 0.6598557692307693 0.05048076923076923 0.055288461538461536
0 0.34375 0.6574519230769231 0.014423076923076924 0.04567307692307692
0 0.38461538461538464 0.65625 0.04326923076923077 0.04807692307692308
0 0.41466346153846156 0.65625 0.016826923076923076 0.04326923076923077
0 0.4206730769230769 0.6526442307692307 0.019230769230769232 0.036057692307692304
0 0.42788461538461536 0.6502403846153846 0.014423076923076924 0.03125
0 0.42908653846153844 0.6298076923076923 0.055288461538461536 0.07211538461538461
0 0.515625 0.6466346153846154 0.026442307692307692 0.028846153846153848
0 0.5012019230769231 0.640625 0.01201923076923077 0.016826923076923076
2 0.5685096153846154 0.6454326923076923 0.04567307692307692 0.08413461538461539
4 0.6057692307692307 0.6334134615384616 0.004807692307692308 0.021634615384615384
2 0.6971153846153846 0.6358173076923077 0.019230769230769232 0.036057692307692304
4 0.9627403846153846 0.6237980769230769 0.01201923076923077 0.055288461538461536
4 0.8798076923076923 0.6262019230769231 0.014423076923076924 0.06009615384615385
4 0.8918269230769231 0.6310096153846154 0.009615384615384616 0.06009615384615385
4 0.9014423076923077 0.6310096153846154 0.009615384615384616 0.06009615384615385
4 0.3545673076923077 0.6586538461538461 0.01201923076923077 0.038461538461538464