2 0.0625 0.6742788461538461 0.028846153846153848 0.055288461538461536
2 0.1201923076923077 0.6682692307692307 0.02403846153846154 0.057692307692307696
2 0.1778846153846154 0.6670673076923077 0.019230769230769232 0.055288461538461536
4 0.2127403846153846 0.6610576923076923 0.01201923076923077 0.04326923076923077
4 0.2247596153846154 0.6610576923076923 0.01201923076923077 0.04326923076923077
0 0.3125 0.6646634615384616 0.052884615384615384 0.055288461538461536
0 0.3425480769230769 0.6586538461538461 0.016826923076923076 0.04326923076923077
0 0.3870192307692308 0.6586538461538461 0.052884615384615384 0.04807692307692308
0 0.41947115384615385 0.6550480769230769 0.03125 0.040865384615384616
0 0.42908653846153844 0.6346153846153846 0.055288461538461536 0.07692307692307693
2 0.4987980769230769 0.6538461538461539 0.036057692307692304 0.07211538461538461
0 0.5264423076923077 0.65625 0.038461538461538464 0.04326923076923077
4 0.5973557692307693 0.6358173076923077 0.007211538461538462 0.026442307692307692
0 0.4639423076923077 0.6442307692307693 0.014423076923076924 0.028846153846153848
4 0.8798076923076923 0.6310096153846154 0.014423076923076924 0.06009615384615385
4 0.8966346153846154 0.6334134615384616 0.014423076923076924 0.055288461538461536
4 0.8870192307692307 0.6358173076923077 0.009615384615384616 0.05048076923076923
4 0.9615384615384616 0.6274038461538461 0.014423076923076924 0.0625
1 0.5022115384615384 0.9368990384615384 0.9956009615384616 0.12620192307692307