2 0.0625 0.6742788461538461 0.028846153846153848 0.055288461538461536
2 0.1201923076923077 0.6682692307692307 0.02403846153846154 0.057692307692307696
2 0.1778846153846154 0.6670673076923077 0.019230769230769232 0.055288461538461536
4 0.19471153846153846 0.6634615384615384 0.014423076923076924 0.04807692307692308
4 0.21153846153846154 0.6622596153846154 0.014423076923076924 0.04567307692307692
0 0.3137019230769231 0.6634615384615384 0.055288461538461536 0.052884615384615384
0 0.3449519230769231 0.6586538461538461 0.026442307692307692 0.038461538461538464
0 0.38461538461538464 0.6586538461538461 0.052884615384615384 0.04807692307692308
0 0.4206730769230769 0.6574519230769231 0.038461538461538464 0.04567307692307692
0 0.4266826923076923 0.6346153846153846 0.06009615384615385 0.07692307692307693
0 0.5204326923076923 0.6502403846153846 0.026442307692307692 0.03125
0 0.5 0.6430288461538461 0.019230769230769232 0.026442307692307692
4 0.7211538461538461 0.6418269230769231 0.019230769230769232 0.057692307692307696
4 0.9603365384615384 0.625 0.016826923076923076 0.057692307692307696
4 0.8810096153846154 0.6322115384615384 0.01201923076923077 0.0625
4 0.9002403846153846 0.6334134615384616 0.01201923076923077 0.06009615384615385
4 0.8894230769230769 0.6370192307692307 0.014423076923076924 0.052884615384615384