2 0.0625 0.6742788461538461 0.028846153846153848 0.055288461538461536
2 0.1201923076923077 0.6682692307692307 0.02403846153846154 0.057692307692307696
2 0.1778846153846154 0.6670673076923077 0.019230769230769232 0.055288461538461536
4 0.22355769230769232 0.6610576923076923 0.014423076923076924 0.04326923076923077
4 0.23677884615384615 0.6610576923076923 0.01201923076923077 0.04326923076923077
0 0.31490384615384615 0.6610576923076923 0.057692307692307696 0.04807692307692308
0 0.3449519230769231 0.6586538461538461 0.026442307692307692 0.04326923076923077
0 0.38461538461538464 0.6574519230769231 0.04807692307692308 0.04567307692307692
0 0.40865384615384615 0.6574519230769231 0.019230769230769232 0.040865384615384616
0 0.421875 0.6550480769230769 0.021634615384615384 0.036057692307692304
0 0.4266826923076923 0.6334134615384616 0.06009615384615385 0.07451923076923077
0 0.5324519230769231 0.6574519230769231 0.055288461538461536 0.05048076923076923
0 0.5024038461538461 0.6574519230769231 0.02403846153846154 0.040865384615384616
0 0.4807692307692308 0.6538461538461539 0.019230769230769232 0.038461538461538464
4 0.5997596153846154 0.6370192307692307 0.007211538461538462 0.028846153846153848
4 0.9603365384615384 0.6262019230769231 0.016826923076923076 0.06490384615384616
4 0.8810096153846154 0.6334134615384616 0.01201923076923077 0.06490384615384616
4 0.8882211538461539 0.6370192307692307 0.007211538461538462 0.057692307692307696
4 0.8990384615384616 0.6334134615384616 0.014423076923076924 0.06009615384615385
4 0.6370192307692307 0.6430288461538461 0.014423076923076924 0.04567307692307692