0 0.06129807692307692 0.6754807692307693 0.026442307692307692 0.057692307692307696
2 0.09495192307692307 0.6706730769230769 0.021634615384615384 0.057692307692307696
4 0.13221153846153846 0.6634615384615384 0.014423076923076924 0.057692307692307696
4 0.15144230769230768 0.6634615384615384 0.014423076923076924 0.052884615384615384
4 0.17668269230769232 0.6670673076923077 0.01201923076923077 0.05048076923076923
2 0.23677884615384615 0.6598557692307693 0.016826923076923076 0.04567307692307692
0 0.2980769230769231 0.6586538461538461 0.057692307692307696 0.057692307692307696
0 0.33774038461538464 0.6586538461538461 0.036057692307692304 0.04807692307692308
0 0.38461538461538464 0.6610576923076923 0.04807692307692308 0.052884615384615384
0 0.5144230769230769 0.6550480769230769 0.0625 0.06009615384615385
4 0.6322115384615384 0.6430288461538461 0.014423076923076924 0.040865384615384616
0 0.42788461538461536 0.6322115384615384 0.057692307692307696 0.07692307692307693
0 0.421875 0.6538461538461539 0.03125 0.04326923076923077
4 0.890625 0.6346153846153846 0.021634615384615384 0.0673076923076923
4 0.9338942307692307 0.6298076923076923 0.01201923076923077 0.0673076923076923
4 0.9627403846153846 0.6262019230769231 0.016826923076923076 0.06971153846153846
4 0.9459134615384616 0.6286057692307693 0.021634615384615384 0.06490384615384616