0 0.5204326923076923 0.6682692307692307 0.040865384615384616 0.04807692307692308
4 0.9411057692307693 0.6394230769230769 0.021634615384615384 0.07211538461538461
4 0.9711538461538461 0.6394230769230769 0.019230769230769232 0.0625
0 0.4110576923076923 0.6694711538461539 0.07211538461538461 0.06009615384615385
0 0.36778846153846156 0.6742788461538461 0.019230769230769232 0.05048076923076923
0 0.4230769230769231 0.6466346153846154 0.057692307692307696 0.07692307692307693
0 0.21995192307692307 0.6754807692307693 0.0889423076923077 0.07211538461538461
0 0.30408653846153844 0.6766826923076923 0.055288461538461536 0.055288461538461536
0 0.3401442307692308 0.6778846153846154 0.036057692307692304 0.04326923076923077
2 0.14302884615384615 0.6887019230769231 0.021634615384615384 0.05048076923076923
4 0.07572115384615384 0.6814903846153846 0.016826923076923076 0.05048076923076923
4 0.04807692307692308 0.6814903846153846 0.02403846153846154 0.05048076923076923
4 0.015625 0.6862980769230769 0.026442307692307692 0.06490384615384616
0 0.051682692307692304 0.8269230769230769 0.10336538461538461 0.28365384615384615