0 0.11057692307692307 0.6935096153846154 0.16346153846153846 0.13221153846153846
0 0.1971153846153846 0.6634615384615384 0.10096153846153846 0.10576923076923077
0 0.24639423076923078 0.65625 0.05048076923076923 0.08653846153846154
0 0.28966346153846156 0.6574519230769231 0.05048076923076923 0.06490384615384616
0 0.32572115384615385 0.6454326923076923 0.036057692307692304 0.055288461538461536
0 0.3641826923076923 0.640625 0.036057692307692304 0.04567307692307692
0 0.40024038461538464 0.6322115384615384 0.026442307692307692 0.03365384615384615
0 0.47475961538461536 0.6298076923076923 0.03125 0.038461538461538464
4 0.6959134615384616 0.6141826923076923 0.01201923076923077 0.05048076923076923
0 0.04326923076923077 0.6754807692307693 0.08653846153846154 0.08653846153846154
4 0.8846153846153846 0.5865384615384616 0.009615384615384616 0.04807692307692308