4 0.8028846153846154 0.6141826923076923 0.019230769230769232 0.06971153846153846
2 0.6838942307692307 0.6105769230769231 0.016826923076923076 0.052884615384615384
0 0.49399038461538464 0.6298076923076923 0.036057692307692304 0.038461538461538464
0 0.5204326923076923 0.6201923076923077 0.021634615384615384 0.02403846153846154
0 0.43149038461538464 0.6274038461538461 0.026442307692307692 0.03365384615384615
0 0.3954326923076923 0.6334134615384616 0.036057692307692304 0.040865384615384616
0 0.3762019230769231 0.640625 0.03125 0.040865384615384616
0 0.34134615384615385 0.6454326923076923 0.052884615384615384 0.055288461538461536
0 0.3112980769230769 0.6490384615384616 0.03125 0.0673076923076923
0 0.27884615384615385 0.6502403846153846 0.0673076923076923 0.07932692307692307
0 0.23798076923076922 0.6682692307692307 0.08653846153846154 0.09134615384615384
0 0.140625 0.6899038461538461 0.14182692307692307 0.11057692307692307
0 0.08533653846153846 0.6682692307692307 0.10817307692307693 0.11538461538461539
0 0.030048076923076924 0.6995192307692307 0.06009615384615385 0.16826923076923078
0 0.3233173076923077 0.5961538461538461 0.07932692307692307 0.057692307692307696