0 0.9471153846153846 0.6129807692307693 0.028846153846153848 0.10576923076923077
0 0.6923076923076923 0.6550480769230769 0.1201923076923077 0.14182692307692307
0 0.5697115384615384 0.6310096153846154 0.038461538461538464 0.04567307692307692
0 0.5168269230769231 0.6165865384615384 0.019230769230769232 0.026442307692307692
0 0.35096153846153844 0.6430288461538461 0.04807692307692308 0.06490384615384616
4 0.3233173076923077 0.6358173076923077 0.01201923076923077 0.05048076923076923
0 0.40865384615384615 0.6430288461538461 0.057692307692307696 0.06009615384615385
0 0.4483173076923077 0.6322115384615384 0.036057692307692304 0.04326923076923077
0 0.47596153846153844 0.6286057692307693 0.028846153846153848 0.03125
0 0.16346153846153846 0.6959134615384616 0.20673076923076922 0.18990384615384615
0 0.06850961538461539 0.6574519230769231 0.07451923076923077 0.06009615384615385