2 0.8485576923076923 0.65625 0.052884615384615384 0.125
2 0.7367788461538461 0.65625 0.040865384615384616 0.09615384615384616
2 0.7079326923076923 0.6334134615384616 0.03125 0.055288461538461536
0 0.09735576923076923 0.7908653846153846 0.19471153846153846 0.41346153846153844
0 0.22235576923076922 0.7127403846153846 0.22355769230769232 0.21875
0 0.3317307692307692 0.6706730769230769 0.10096153846153846 0.1346153846153846
0 0.38341346153846156 0.6646634615384616 0.040865384615384616 0.10336538461538461
0 0.4074519230769231 0.6574519230769231 0.03125 0.06971153846153846
0 0.42788461538461536 0.6394230769230769 0.03365384615384615 0.04807692307692308
0 0.4951923076923077 0.6646634615384616 0.07692307692307693 0.09375
0 0.5612980769230769 0.6502403846153846 0.06009615384615385 0.06490384615384616
0 0.6502403846153846 0.6694711538461539 0.11778846153846154 0.10817307692307693