0 0.6033653846153846 0.6682692307692307 0.09134615384615384 0.09134615384615384
0 0.4807692307692308 0.6610576923076923 0.0673076923076923 0.07692307692307693
0 0.5420673076923077 0.6502403846153846 0.04567307692307692 0.055288461538461536
2 0.734375 0.6610576923076923 0.036057692307692304 0.09615384615384616
2 0.7692307692307693 0.6550480769230769 0.03365384615384615 0.0889423076923077
2 0.6670673076923077 0.6502403846153846 0.021634615384615384 0.06009615384615385
2 0.6911057692307693 0.6502403846153846 0.026442307692307692 0.07932692307692307
0 0.42427884615384615 0.6490384615384616 0.03125 0.038461538461538464
0 0.10576923076923077 0.7932692307692307 0.21153846153846154 0.28365384615384615
0 0.1971153846153846 0.7139423076923077 0.22596153846153846 0.22115384615384615
0 0.3125 0.6887019230769231 0.09615384615384616 0.15144230769230768
0 0.3762019230769231 0.6742788461538461 0.05048076923076923 0.09375