0 0.8725961538461539 0.6117788461538461 0.019230769230769232 0.06971153846153846
2 0.7584134615384616 0.6586538461538461 0.036057692307692304 0.10576923076923077
2 0.8137019230769231 0.6550480769230769 0.036057692307692304 0.10336538461538461
2 0.7860576923076923 0.6526442307692307 0.028846153846153848 0.08413461538461539
0 0.2956730769230769 0.7019230769230769 0.07692307692307693 0.14423076923076922
0 0.19951923076923078 0.7307692307692307 0.20673076923076922 0.22115384615384615
0 0.06971153846153846 0.7944711538461539 0.13942307692307693 0.40625
0 0.5949519230769231 0.6550480769230769 0.06971153846153846 0.07451923076923077
0 0.4891826923076923 0.6514423076923077 0.06009615384615385 0.0625
0 0.5504807692307693 0.6418269230769231 0.03365384615384615 0.04326923076923077
0 0.4495192307692308 0.6382211538461539 0.02403846153846154 0.036057692307692304