0 0.703125 0.6742788461538461 0.14182692307692307 0.13701923076923078
4 0.7560096153846154 0.6129807692307693 0.026442307692307692 0.04807692307692308
0 0.49278846153846156 0.6574519230769231 0.09615384615384616 0.10336538461538461
0 0.5985576923076923 0.6466346153846154 0.07211538461538461 0.08173076923076923
0 0.6358173076923077 0.6189903846153846 0.021634615384615384 0.055288461538461536
0 0.5480769230769231 0.6298076923076923 0.03365384615384615 0.04326923076923077
0 0.054086538461538464 0.8509615384615384 0.10817307692307693 0.2932692307692308
0 0.14783653846153846 0.7524038461538461 0.28125 0.2548076923076923
0 0.25961538461538464 0.6899038461538461 0.16346153846153846 0.18269230769230768
0 0.3401442307692308 0.6682692307692307 0.08413461538461539 0.1346153846153846
0 0.037259615384615384 0.6586538461538461 0.07451923076923077 0.08653846153846154