4 0.11538461538461539 0.6394230769230769 0.009615384615384616 0.04326923076923077
4 0.12139423076923077 0.6430288461538461 0.007211538461538462 0.040865384615384616
4 0.13942307692307693 0.6430288461538461 0.009615384615384616 0.036057692307692304
0 0.17307692307692307 0.6454326923076923 0.052884615384615384 0.05048076923076923
0 0.37740384615384615 0.6814903846153846 0.14903846153846154 0.13701923076923078
0 0.4387019230769231 0.6274038461538461 0.026442307692307692 0.03365384615384615
0 0.5060096153846154 0.6574519230769231 0.0985576923076923 0.11298076923076923
0 0.6911057692307693 0.6526442307692307 0.11778846153846154 0.0985576923076923
4 0.7223557692307693 0.5985576923076923 0.016826923076923076 0.028846153846153848
0 0.5805288461538461 0.6334134615384616 0.055288461538461536 0.05048076923076923
0 0.6189903846153846 0.6310096153846154 0.03125 0.06490384615384616
0 0.6526442307692307 0.5757211538461539 0.10336538461538461 0.05048076923076923