0 0.09735576923076923 0.6887019230769231 0.12259615384615384 0.10817307692307693
0 0.37740384615384615 0.6442307692307693 0.038461538461538464 0.04326923076923077
0 0.44591346153846156 0.6394230769230769 0.040865384615384616 0.03365384615384615
0 0.6177884615384616 0.6442307692307693 0.057692307692307696 0.0625
0 0.6466346153846154 0.6394230769230769 0.028846153846153848 0.052884615384615384
0 0.7860576923076923 0.6778846153846154 0.15384615384615385 0.13942307692307693
0 0.7367788461538461 0.6346153846153846 0.07932692307692307 0.1201923076923077
0 0.9507211538461539 0.6454326923076923 0.0985576923076923 0.13221153846153846
0 0.8978365384615384 0.640625 0.06490384615384616 0.10336538461538461
0 0.8629807692307693 0.6225961538461539 0.052884615384615384 0.04807692307692308
0 0.4230769230769231 0.6430288461538461 0.03365384615384615 0.03125