4 0.009615384615384616 0.6634615384615384 0.019230769230769232 0.0625
0 0.15985576923076922 0.6682692307692307 0.09375 0.0673076923076923
0 0.22355769230769232 0.6550480769230769 0.0625 0.05048076923076923
0 0.40384615384615385 0.6358173076923077 0.02403846153846154 0.026442307692307692
0 0.42427884615384615 0.6286057692307693 0.03125 0.026442307692307692
0 0.5324519230769231 0.6526442307692307 0.07451923076923077 0.07451923076923077
0 0.6502403846153846 0.6838942307692307 0.15144230769230768 0.15625
0 0.6550480769230769 0.5901442307692307 0.0889423076923077 0.036057692307692304
0 0.7271634615384616 0.5877403846153846 0.055288461538461536 0.040865384615384616
0 0.8810096153846154 0.5492788461538461 0.19951923076923078 0.0889423076923077
0 0.8137019230769231 0.6586538461538461 0.12259615384615384 0.1201923076923077
0 0.9182692307692307 0.6658653846153846 0.13942307692307693 0.14423076923076922
0 0.9651442307692307 0.6850961538461539 0.06490384615384616 0.18269230769230768