0 0.09975961538461539 0.6959134615384616 0.13701923076923078 0.0985576923076923
0 0.18269230769230768 0.671875 0.07692307692307693 0.07932692307692307
0 0.3088942307692308 0.6586538461538461 0.07451923076923077 0.07211538461538461
0 0.36538461538461536 0.6502403846153846 0.04326923076923077 0.040865384615384616
0 0.5973557692307693 0.6334134615384616 0.036057692307692304 0.040865384615384616
0 0.6298076923076923 0.625 0.019230769230769232 0.03365384615384615
0 0.6526442307692307 0.6322115384615384 0.036057692307692304 0.04326923076923077
0 0.6742788461538461 0.625 0.021634615384615384 0.03365384615384615
0 0.6911057692307693 0.6262019230769231 0.021634615384615384 0.036057692307692304
0 0.7115384615384616 0.6201923076923077 0.02403846153846154 0.03365384615384615
0 0.7524038461538461 0.6550480769230769 0.11538461538461539 0.0985576923076923
0 0.7259615384615384 0.5925480769230769 0.04807692307692308 0.03125
0 0.7620192307692307 0.6129807692307693 0.0625 0.057692307692307696
0 0.9122596153846154 0.5913461538461539 0.17067307692307693 0.15865384615384615
0 0.9411057692307693 0.6766826923076923 0.11298076923076923 0.16105769230769232