0 0.22956730769230768 0.6598557692307693 0.055288461538461536 0.06490384615384616
0 0.2512019230769231 0.6634615384615384 0.08413461538461539 0.0625
0 0.3473557692307692 0.6454326923076923 0.055288461538461536 0.055288461538461536
0 0.5348557692307693 0.6189903846153846 0.03125 0.055288461538461536
0 0.5721153846153846 0.6274038461538461 0.03365384615384615 0.038461538461538464
0 0.625 0.6298076923076923 0.038461538461538464 0.04326923076923077
0 0.7427884615384616 0.6538461538461539 0.1201923076923077 0.10576923076923077
0 0.9314903846153846 0.6826923076923077 0.13221153846153846 0.1778846153846154
0 0.9026442307692307 0.5901442307692307 0.18990384615384615 0.16105769230769232
0 0.6682692307692307 0.6225961538461539 0.019230769230769232 0.038461538461538464
0 0.6850961538461539 0.6310096153846154 0.028846153846153848 0.05048076923076923
0 0.7319711538461539 0.5925480769230769 0.06009615384615385 0.021634615384615384
0 0.7067307692307693 0.5865384615384616 0.052884615384615384 0.028846153846153848