0 0.019230769230769232 0.703125 0.038461538461538464 0.10817307692307693
0 0.265625 0.6550480769230769 0.05048076923076923 0.055288461538461536
0 0.3125 0.6502403846153846 0.057692307692307696 0.04567307692307692
0 0.3605769230769231 0.6418269230769231 0.04326923076923077 0.04326923076923077
0 0.546875 0.6322115384615384 0.036057692307692304 0.038461538461538464
0 0.5120192307692307 0.6225961538461539 0.03365384615384615 0.057692307692307696
0 0.5973557692307693 0.6358173076923077 0.04567307692307692 0.055288461538461536
0 0.7259615384615384 0.6598557692307693 0.1201923076923077 0.10817307692307693
0 0.8810096153846154 0.5961538461538461 0.19951923076923078 0.16346153846153846
0 0.921875 0.6923076923076923 0.15144230769230768 0.20673076923076922
0 0.6310096153846154 0.6262019230769231 0.021634615384615384 0.036057692307692304
0 0.6430288461538461 0.6298076923076923 0.016826923076923076 0.038461538461538464
0 0.65625 0.6334134615384616 0.02403846153846154 0.055288461538461536
0 0.7019230769230769 0.6069711538461539 0.0673076923076923 0.04567307692307692
0 0.6814903846153846 0.5925480769230769 0.04567307692307692 0.03125