0 0.10216346153846154 0.8112980769230769 0.20432692307692307 0.3581730769230769
0 0.1466346153846154 0.7055288461538461 0.19230769230769232 0.17067307692307693
0 0.22716346153846154 0.6778846153846154 0.13701923076923078 0.15384615384615385
0 0.3016826923076923 0.6670673076923077 0.07451923076923077 0.11298076923076923
0 0.34375 0.6514423076923077 0.0673076923076923 0.08173076923076923
0 0.37740384615384615 0.6454326923076923 0.038461538461538464 0.06971153846153846
2 0.5072115384615384 0.6237980769230769 0.014423076923076924 0.04567307692307692
2 0.5348557692307693 0.6274038461538461 0.026442307692307692 0.052884615384615384
0 0.40024038461538464 0.6382211538461539 0.021634615384615384 0.05048076923076923
0 0.4987980769230769 0.6189903846153846 0.06490384615384616 0.03125
0 0.640625 0.6033653846153846 0.055288461538461536 0.03365384615384615
0 0.4483173076923077 0.6237980769230769 0.021634615384615384 0.021634615384615384
0 0.46033653846153844 0.625 0.026442307692307692 0.019230769230769232
2 0.41947115384615385 0.6225961538461539 0.021634615384615384 0.028846153846153848