0 0.06971153846153846 0.8052884615384616 0.13942307692307693 0.34615384615384615
0 0.15384615384615385 0.7043269230769231 0.21153846153846154 0.21153846153846154
0 0.27163461538461536 0.6826923076923077 0.11538461538461539 0.14423076923076922
0 0.3425480769230769 0.6622596153846154 0.0889423076923077 0.10817307692307693
0 0.3870192307692308 0.6502403846153846 0.052884615384615384 0.08413461538461539
0 0.41466346153846156 0.6430288461538461 0.03125 0.06009615384615385
0 0.4579326923076923 0.6225961538461539 0.06971153846153846 0.03365384615384615
0 0.5144230769230769 0.6189903846153846 0.0673076923076923 0.03125
2 0.5492788461538461 0.6237980769230769 0.016826923076923076 0.05048076923076923
2 0.5685096153846154 0.6298076923076923 0.026442307692307692 0.057692307692307696
0 0.6129807692307693 0.6069711538461539 0.07692307692307693 0.036057692307692304