0 0.10817307692307693 0.7896634615384616 0.21634615384615385 0.3918269230769231
0 0.24519230769230768 0.7247596153846154 0.18269230769230768 0.18509615384615385
0 0.3137019230769231 0.6850961538461539 0.13221153846153846 0.14903846153846154
0 0.3894230769230769 0.6754807692307693 0.07211538461538461 0.10576923076923077
0 0.5036057692307693 0.6298076923076923 0.0889423076923077 0.04326923076923077
2 0.6574519230769231 0.6442307692307693 0.040865384615384616 0.09134615384615384
0 0.4723557692307692 0.6334134615384616 0.06009615384615385 0.040865384615384616
4 0.5528846153846154 0.6274038461538461 0.004807692307692308 0.03365384615384615
0 0.6911057692307693 0.6129807692307693 0.06009615384615385 0.03365384615384615
4 0.6322115384615384 0.6225961538461539 0.009615384615384616 0.03365384615384615
0 0.4206730769230769 0.6370192307692307 0.02403846153846154 0.028846153846153848
0 0.44350961538461536 0.6322115384615384 0.021634615384615384 0.02403846153846154