0 0.10576923076923077 0.6706730769230769 0.16826923076923078 0.08173076923076923
0 0.24158653846153846 0.6706730769230769 0.18990384615384615 0.09134615384615384
0 0.6081730769230769 0.6334134615384616 0.1346153846153846 0.06490384615384616
0 0.7223557692307693 0.6286057692307693 0.1466346153846154 0.06971153846153846
0 0.8701923076923077 0.6177884615384616 0.12980769230769232 0.0625
4 0.5504807692307693 0.6286057692307693 0.004807692307692308 0.016826923076923076
4 0.5420673076923077 0.6298076923076923 0.007211538461538462 0.014423076923076924
0 0.5240384615384616 0.6370192307692307 0.02403846153846154 0.028846153846153848
0 0.4879807692307692 0.6382211538461539 0.028846153846153848 0.026442307692307692
0 0.4326923076923077 0.640625 0.038461538461538464 0.036057692307692304
0 0.38221153846153844 0.6430288461538461 0.038461538461538464 0.036057692307692304