0 0.12259615384615384 0.7896634615384616 0.24519230769230768 0.31009615384615385
0 0.23557692307692307 0.7199519230769231 0.15384615384615385 0.18028846153846154
0 0.32091346153846156 0.6502403846153846 0.0985576923076923 0.06009615384615385
2 0.7872596153846154 0.6778846153846154 0.07451923076923077 0.1778846153846154
2 0.734375 0.6670673076923077 0.04567307692307692 0.13701923076923078
0 0.7043269230769231 0.6141826923076923 0.10576923076923077 0.05048076923076923
0 0.6129807692307693 0.6225961538461539 0.09134615384615384 0.04807692307692308
0 0.4206730769230769 0.6334134615384616 0.03365384615384615 0.03125
0 0.4675480769230769 0.6346153846153846 0.026442307692307692 0.028846153846153848
0 0.4987980769230769 0.6322115384615384 0.021634615384615384 0.028846153846153848
2 0.5240384615384616 0.6262019230769231 0.004807692307692308 0.021634615384615384
0 0.3713942307692308 0.6382211538461539 0.026442307692307692 0.03125
0 0.9182692307692307 0.5961538461538461 0.07211538461538461 0.03365384615384615
0 0.9483173076923077 0.5961538461538461 0.07451923076923077 0.04326923076923077