0 0.4326923076923077 0.6454326923076923 0.14903846153846154 0.06971153846153846
0 0.3125 0.6490384615384616 0.12980769230769232 0.0625
4 0.6670673076923077 0.6213942307692307 0.01201923076923077 0.040865384615384616
4 0.6923076923076923 0.6021634615384616 0.009615384615384616 0.021634615384615384
0 0.7019230769230769 0.6201923076923077 0.07692307692307693 0.052884615384615384
0 0.7487980769230769 0.6165865384615384 0.13701923076923078 0.055288461538461536
0 0.8762019230769231 0.6069711538461539 0.11298076923076923 0.06009615384615385
2 0.9543269230769231 0.6262019230769231 0.04807692307692308 0.0889423076923077
2 0.9651442307692307 0.7091346153846154 0.06490384615384616 0.2692307692307692
2 0.5348557692307693 0.6274038461538461 0.007211538461538462 0.02403846153846154
0 0.5060096153846154 0.6274038461538461 0.026442307692307692 0.03365384615384615
0 0.10576923076923077 0.6502403846153846 0.04326923076923077 0.036057692307692304
0 0.140625 0.6502403846153846 0.026442307692307692 0.03125
0 0.17067307692307693 0.6466346153846154 0.038461538461538464 0.03365384615384615
0 0.21754807692307693 0.6478365384615384 0.040865384615384616 0.03125
3 0.5035096153846154 0.5105288461538462 0.012620192307692308 0.038677884615384614
3 0.3811298076923077 0.5139182692307692 0.020240384615384615 0.04146634615384615
5 0.40394230769230766 0.5103125 0.025865384615384616 0.02625
5 0.44600961538461537 0.5087259615384615 0.021850961538461538 0.023052884615384614
5 0.42478365384615385 0.5101201923076923 0.019447115384615386 0.02985576923076923