0 0.5336538461538461 0.6358173076923077 0.03365384615384615 0.036057692307692304
0 0.02403846153846154 0.6802884615384616 0.04807692307692308 0.09134615384615384
0 0.11778846153846154 0.6586538461538461 0.08173076923076923 0.09134615384615384
0 0.21754807692307693 0.6550480769230769 0.06490384615384616 0.06009615384615385
0 0.25240384615384615 0.6514423076923077 0.02403846153846154 0.04326923076923077
0 0.2848557692307692 0.6526442307692307 0.036057692307692304 0.040865384615384616
0 0.1814903846153846 0.6598557692307693 0.026442307692307692 0.05048076923076923
0 0.07211538461538461 0.6838942307692307 0.057692307692307696 0.06490384615384616
0 0.28846153846153844 0.6466346153846154 0.03365384615384615 0.04807692307692308
0 0.3137019230769231 0.6442307692307693 0.016826923076923076 0.03365384615384615
0 0.37740384615384615 0.6298076923076923 0.03365384615384615 0.02403846153846154
0 0.33533653846153844 0.6346153846153846 0.026442307692307692 0.019230769230769232
0 0.35216346153846156 0.6334134615384616 0.016826923076923076 0.021634615384615384