0 0.8425480769230769 0.7367788461538461 0.31009615384615385 0.25721153846153844
0 0.3798076923076923 0.6598557692307693 0.07692307692307693 0.07451923076923077
0 0.49038461538461536 0.6322115384615384 0.028846153846153848 0.03365384615384615
0 0.2091346153846154 0.6598557692307693 0.0625 0.055288461538461536
0 0.038461538461538464 0.671875 0.0673076923076923 0.06009615384615385
0 0.08052884615384616 0.6670673076923077 0.05048076923076923 0.06009615384615385
0 0.13581730769230768 0.6598557692307693 0.06971153846153846 0.055288461538461536
0 0.27163461538461536 0.6454326923076923 0.028846153846153848 0.03125
0 0.28846153846153844 0.6382211538461539 0.019230769230769232 0.026442307692307692
0 0.4567307692307692 0.625 0.014423076923076924 0.019230769230769232
0 0.34134615384615385 0.6382211538461539 0.02403846153846154 0.03125