4 0.08052884615384616 0.6430288461538461 0.01201923076923077 0.03125
4 0.11778846153846154 0.6418269230769231 0.009615384615384616 0.028846153846153848
4 0.1502403846153846 0.640625 0.01201923076923077 0.026442307692307692
4 0.1814903846153846 0.6310096153846154 0.007211538461538462 0.016826923076923076
4 0.3269230769230769 0.6237980769230769 0.004807692307692308 0.01201923076923077
0 0.3713942307692308 0.6538461538461539 0.0985576923076923 0.08653846153846154
0 0.42427884615384615 0.6394230769230769 0.04567307692307692 0.052884615384615384
2 0.7391826923076923 0.6117788461538461 0.016826923076923076 0.026442307692307692
2 0.6382211538461539 0.6153846153846154 0.01201923076923077 0.02403846153846154
0 0.5504807692307693 0.6201923076923077 0.028846153846153848 0.028846153846153848
0 0.5168269230769231 0.6658653846153846 0.10576923076923077 0.11057692307692307
0 0.6009615384615384 0.6310096153846154 0.052884615384615384 0.055288461538461536
0 0.9350961538461539 0.7548076923076923 0.125 0.28365384615384615