2 0.04326923076923077 0.6598557692307693 0.07211538461538461 0.10336538461538461
0 0.04326923076923077 0.6634615384615384 0.08653846153846154 0.09134615384615384
0 0.18629807692307693 0.7019230769230769 0.22355769230769232 0.1875
0 0.2860576923076923 0.671875 0.09134615384615384 0.12740384615384615
2 0.33774038461538464 0.6442307692307693 0.06971153846153846 0.10096153846153846
0 0.4675480769230769 0.6069711538461539 0.13701923076923078 0.026442307692307692
0 0.5120192307692307 0.8064903846153846 0.4182692307692308 0.3870192307692308
0 0.703125 0.609375 0.0985576923076923 0.06009615384615385
0 0.7740384615384616 0.5913461538461539 0.0625 0.019230769230769232
0 0.7295673076923077 0.6658653846153846 0.15625 0.14903846153846154
2 0.9338942307692307 0.5829326923076923 0.016826923076923076 0.016826923076923076
0 0.8834134615384616 0.5913461538461539 0.11298076923076923 0.052884615384615384
0 0.8810096153846154 0.7175480769230769 0.23317307692307693 0.2620192307692308