4 0.004807692307692308 0.6490384615384616 0.009615384615384616 0.038461538461538464
4 0.013221153846153846 0.6442307692307693 0.01201923076923077 0.028846153846153848
2 0.05889423076923077 0.65625 0.07932692307692307 0.10576923076923077
0 0.2127403846153846 0.6971153846153846 0.20432692307692307 0.17307692307692307
0 0.30288461538461536 0.6694711538461539 0.07692307692307693 0.12259615384615384
0 0.32211538461538464 0.6201923076923077 0.019230769230769232 0.019230769230769232
2 0.3858173076923077 0.6274038461538461 0.036057692307692304 0.04807692307692308
2 0.5432692307692307 0.6069711538461539 0.014423076923076924 0.021634615384615384
2 0.5709134615384616 0.6069711538461539 0.021634615384615384 0.021634615384615384
2 0.9182692307692307 0.5841346153846154 0.019230769230769232 0.02403846153846154
0 0.9819711538461539 0.5829326923076923 0.01201923076923077 0.016826923076923076
4 0.8737980769230769 0.578125 0.01201923076923077 0.016826923076923076
0 0.5084134615384616 0.7896634615384616 0.3389423076923077 0.35336538461538464
0 0.6322115384615384 0.6141826923076923 0.11057692307692307 0.055288461538461536
0 0.7175480769230769 0.6646634615384616 0.15144230769230768 0.13701923076923078
0 0.7920673076923077 0.5973557692307693 0.06490384615384616 0.036057692307692304
0 0.8461538461538461 0.5973557692307693 0.07211538461538461 0.026442307692307692
0 0.8870192307692307 0.7271634615384616 0.22115384615384615 0.27163461538461536