4 0.056490384615384616 0.6478365384615384 0.016826923076923076 0.040865384615384616
0 0.02283653846153846 0.6538461538461539 0.04567307692307692 0.0625
0 0.16346153846153846 0.7139423076923077 0.23557692307692307 0.1971153846153846
0 0.27403846153846156 0.6850961538461539 0.10096153846153846 0.12980769230769232
0 0.32572115384615385 0.6574519230769231 0.055288461538461536 0.055288461538461536
0 0.5132211538461539 0.6153846153846154 0.10336538461538461 0.019230769230769232
0 0.3233173076923077 0.6262019230769231 0.021634615384615384 0.016826923076923076
0 0.3473557692307692 0.6225961538461539 0.016826923076923076 0.019230769230769232
0 0.5180288461538461 0.8112980769230769 0.4879807692307692 0.37740384615384615
0 0.7091346153846154 0.6165865384615384 0.12980769230769232 0.06490384615384616
0 0.7319711538461539 0.6730769230769231 0.13701923076923078 0.14903846153846154
0 0.8665865384615384 0.7103365384615384 0.2620192307692308 0.23798076923076922
4 0.8894230769230769 0.5841346153846154 0.014423076923076924 0.019230769230769232
2 0.9423076923076923 0.5877403846153846 0.028846153846153848 0.026442307692307692