0 0.08774038461538461 0.6418269230769231 0.17548076923076922 0.1346153846153846
0 0.29927884615384615 0.5889423076923077 0.2620192307692308 0.07211538461538461
0 0.16706730769230768 0.7139423076923077 0.23798076923076922 0.1971153846153846
0 0.2764423076923077 0.6838942307692307 0.09615384615384616 0.13221153846153846
0 0.33413461538461536 0.6466346153846154 0.09134615384615384 0.0673076923076923
0 0.3762019230769231 0.6225961538461539 0.055288461538461536 0.02403846153846154
0 0.5108173076923077 0.6117788461538461 0.10817307692307693 0.021634615384615384
0 0.5168269230769231 0.8088942307692307 0.49038461538461536 0.37740384615384615
0 0.7091346153846154 0.6177884615384616 0.12980769230769232 0.07692307692307693
0 0.7319711538461539 0.6682692307692307 0.13701923076923078 0.14423076923076922
0 0.8677884615384616 0.7127403846153846 0.25961538461538464 0.24278846153846154
4 0.8894230769230769 0.5829326923076923 0.014423076923076924 0.021634615384615384