0 0.06009615384615385 0.6634615384615384 0.08653846153846154 0.07692307692307693
0 0.16346153846153846 0.7151442307692307 0.23557692307692307 0.20432692307692307
0 0.27163461538461536 0.6814903846153846 0.11057692307692307 0.13701923076923078
0 0.3629807692307692 0.6358173076923077 0.1201923076923077 0.06490384615384616
0 0.5180288461538461 0.8112980769230769 0.4879807692307692 0.37740384615384615
0 0.48677884615384615 0.6286057692307693 0.16105769230769232 0.05048076923076923
0 0.6478365384615384 0.6334134615384616 0.11778846153846154 0.08413461538461539
0 0.7331730769230769 0.6850961538461539 0.14903846153846154 0.16826923076923078
0 0.8401442307692307 0.5925480769230769 0.13701923076923078 0.040865384615384616
0 0.8689903846153846 0.7115384615384616 0.25721153846153844 0.23557692307692307
0 0.3088942307692308 0.6262019230769231 0.021634615384615384 0.016826923076923076
0 0.33413461538461536 0.6201923076923077 0.019230769230769232 0.014423076923076924