0 0.515625 0.8100961538461539 0.49278846153846156 0.375
0 0.8677884615384616 0.7139423076923077 0.25961538461538464 0.23076923076923078
0 0.17067307692307693 0.7103365384615384 0.22596153846153846 0.19471153846153846
0 0.06370192307692307 0.7860576923076923 0.12740384615384615 0.33653846153846156
0 0.734375 0.6694711538461539 0.15144230769230768 0.15144230769230768
0 0.28125 0.6814903846153846 0.09615384615384616 0.13221153846153846
0 0.078125 0.6454326923076923 0.040865384615384616 0.04567307692307692
0 0.31009615384615385 0.6262019230769231 0.02403846153846154 0.026442307692307692
0 0.3269230769230769 0.6274038461538461 0.02403846153846154 0.028846153846153848
0 0.7067307692307693 0.6189903846153846 0.1346153846153846 0.06490384615384616
4 0.890625 0.5841346153846154 0.01201923076923077 0.02403846153846154