0 0.5072115384615384 0.8076923076923077 0.4855769230769231 0.3798076923076923
0 0.8677884615384616 0.7127403846153846 0.25961538461538464 0.2283653846153846
0 0.171875 0.7103365384615384 0.22355769230769232 0.19471153846153846
0 0.06129807692307692 0.7872596153846154 0.12259615384615384 0.3389423076923077
0 0.27884615384615385 0.6778846153846154 0.09615384615384616 0.12980769230769232
0 0.3485576923076923 0.6454326923076923 0.11057692307692307 0.07451923076923077
0 0.7355769230769231 0.6790865384615384 0.15865384615384615 0.15625
0 0.7115384615384616 0.6129807692307693 0.12980769230769232 0.0673076923076923
4 0.8112980769230769 0.5889423076923077 0.03125 0.038461538461538464
4 0.8918269230769231 0.5853365384615384 0.014423076923076924 0.026442307692307692
4 0.9447115384615384 0.5865384615384616 0.019230769230769232 0.028846153846153848
0 0.078125 0.6442307692307693 0.036057692307692304 0.038461538461538464