0 0.5168269230769231 0.8112980769230769 0.49038461538461536 0.37259615384615385
0 0.8701923076923077 0.7115384615384616 0.25961538461538464 0.22596153846153846
0 0.7367788461538461 0.6730769230769231 0.13221153846153846 0.14423076923076922
0 0.6802884615384616 0.6262019230769231 0.1201923076923077 0.06490384615384616
0 0.06129807692307692 0.796875 0.12259615384615384 0.31490384615384615
0 0.171875 0.7127403846153846 0.21875 0.18990384615384615
0 0.2800480769230769 0.6862980769230769 0.0889423076923077 0.13221153846153846
0 0.34134615384615385 0.6262019230769231 0.019230769230769232 0.026442307692307692
0 0.33052884615384615 0.6225961538461539 0.021634615384615384 0.02403846153846154
4 0.8918269230769231 0.5841346153846154 0.014423076923076924 0.02403846153846154
4 0.9459134615384616 0.5865384615384616 0.016826923076923076 0.02403846153846154