0 0.5144230769230769 0.8112980769230769 0.4855769230769231 0.37740384615384615
0 0.8701923076923077 0.7127403846153846 0.2548076923076923 0.2283653846153846
0 0.7355769230769231 0.6694711538461539 0.1346153846153846 0.13701923076923078
0 0.06129807692307692 0.7992788461538461 0.12259615384615384 0.31490384615384615
0 0.17427884615384615 0.7115384615384616 0.21875 0.19230769230769232
0 0.27884615384615385 0.6887019230769231 0.09134615384615384 0.13701923076923078
0 0.7103365384615384 0.6189903846153846 0.13221153846153846 0.06490384615384616
0 0.39663461538461536 0.6382211538461539 0.11057692307692307 0.06971153846153846
4 0.5420673076923077 0.6021634615384616 0.026442307692307692 0.040865384615384616
0 0.29927884615384615 0.6298076923076923 0.021634615384615384 0.02403846153846154
0 0.32211538461538464 0.6262019230769231 0.019230769230769232 0.021634615384615384
4 0.8882211538461539 0.5829326923076923 0.01201923076923077 0.021634615384615384
4 0.9447115384615384 0.5865384615384616 0.019230769230769232 0.02403846153846154