0 0.5144230769230769 0.8112980769230769 0.4855769230769231 0.37259615384615385
0 0.06129807692307692 0.8004807692307693 0.12259615384615384 0.3173076923076923
0 0.8689903846153846 0.7115384615384616 0.25721153846153844 0.23557692307692307
0 0.7367788461538461 0.6694711538461539 0.13221153846153846 0.13701923076923078
0 0.17668269230769232 0.7115384615384616 0.2091346153846154 0.19230769230769232
0 0.25240384615384615 0.6838942307692307 0.14423076923076922 0.16105769230769232
4 0.3605769230769231 0.6274038461538461 0.02403846153846154 0.07211538461538461
0 0.7115384615384616 0.6165865384615384 0.1346153846153846 0.06971153846153846
0 0.32091346153846156 0.625 0.021634615384615384 0.019230769230769232
0 0.32572115384615385 0.6598557692307693 0.05048076923076923 0.055288461538461536
4 0.9459134615384616 0.5889423076923077 0.021634615384615384 0.02403846153846154
4 0.8894230769230769 0.5829326923076923 0.014423076923076924 0.016826923076923076