0 0.06129807692307692 0.7992788461538461 0.12259615384615384 0.31971153846153844
0 0.17067307692307693 0.7127403846153846 0.22115384615384615 0.19471153846153846
0 0.25 0.6838942307692307 0.14903846153846154 0.12740384615384615
0 0.515625 0.8088942307692307 0.4879807692307692 0.37740384615384615
0 0.7463942307692307 0.6742788461538461 0.15144230769230768 0.15144230769230768
0 0.8701923076923077 0.7115384615384616 0.25961538461538464 0.23076923076923078
0 0.7127403846153846 0.6274038461538461 0.13221153846153846 0.08653846153846154
4 0.27403846153846156 0.6069711538461539 0.02403846153846154 0.026442307692307692
0 0.30649038461538464 0.6310096153846154 0.026442307692307692 0.026442307692307692
0 0.33413461538461536 0.625 0.019230769230769232 0.02403846153846154
4 0.8894230769230769 0.5817307692307693 0.014423076923076924 0.019230769230769232