0 0.5108173076923077 0.8112980769230769 0.4735576923076923 0.37740384615384615
0 0.8677884615384616 0.7103365384615384 0.25961538461538464 0.23317307692307693
0 0.16947115384615385 0.7127403846153846 0.2283653846153846 0.19951923076923078
0 0.06129807692307692 0.7980769230769231 0.12259615384615384 0.3173076923076923
0 0.6418269230769231 0.6262019230769231 0.14903846153846154 0.07451923076923077
0 0.2620192307692308 0.6875 0.12980769230769232 0.14903846153846154
0 0.7391826923076923 0.6778846153846154 0.1466346153846154 0.16346153846153846
0 0.4074519230769231 0.6370192307692307 0.13221153846153846 0.057692307692307696
0 0.31490384615384615 0.6262019230769231 0.019230769230769232 0.021634615384615384
0 0.33533653846153844 0.6262019230769231 0.021634615384615384 0.026442307692307692
0 0.078125 0.6442307692307693 0.040865384615384616 0.038461538461538464
4 0.9435096153846154 0.5865384615384616 0.016826923076923076 0.028846153846153848