0 0.06129807692307692 0.7932692307692307 0.12259615384615384 0.3076923076923077
0 0.8689903846153846 0.7091346153846154 0.25721153846153844 0.23076923076923078
0 0.5120192307692307 0.8088942307692307 0.4855769230769231 0.36778846153846156
0 0.17668269230769232 0.7127403846153846 0.21394230769230768 0.18990384615384615
0 0.7403846153846154 0.6670673076923077 0.13942307692307693 0.13701923076923078
0 0.2800480769230769 0.6742788461538461 0.0889423076923077 0.11298076923076923
0 0.65625 0.6189903846153846 0.0673076923076923 0.04567307692307692
0 0.33533653846153844 0.6274038461538461 0.05048076923076923 0.04807692307692308
0 0.078125 0.6442307692307693 0.040865384615384616 0.04326923076923077
4 0.890625 0.5829326923076923 0.01201923076923077 0.021634615384615384
4 0.9447115384615384 0.5877403846153846 0.019230769230769232 0.021634615384615384