0 0.5144230769230769 0.8112980769230769 0.4855769230769231 0.37259615384615385
0 0.8701923076923077 0.7079326923076923 0.25961538461538464 0.2283653846153846
0 0.06009615384615385 0.7944711538461539 0.1201923076923077 0.31971153846153844
0 0.17548076923076922 0.7103365384615384 0.21634615384615385 0.19471153846153846
0 0.7439903846153846 0.6694711538461539 0.13701923076923078 0.14182692307692307
0 0.2800480769230769 0.6862980769230769 0.0889423076923077 0.13701923076923078
4 0.6466346153846154 0.6189903846153846 0.019230769230769232 0.040865384615384616
0 0.3016826923076923 0.625 0.021634615384615384 0.028846153846153848
0 0.32091346153846156 0.6237980769230769 0.021634615384615384 0.026442307692307692
0 0.05048076923076923 0.6538461538461539 0.07692307692307693 0.04807692307692308
4 0.890625 0.5817307692307693 0.01201923076923077 0.02403846153846154
4 0.9423076923076923 0.5865384615384616 0.019230769230769232 0.02403846153846154