0 0.5120192307692307 0.8076923076923077 0.4855769230769231 0.375
0 0.8701923076923077 0.7103365384615384 0.25961538461538464 0.2283653846153846
0 0.734375 0.6670673076923077 0.13701923076923078 0.13701923076923078
0 0.06129807692307692 0.7932692307692307 0.12259615384615384 0.3125
0 0.17548076923076922 0.7127403846153846 0.21153846153846154 0.18990384615384615
0 0.2776442307692308 0.6766826923076923 0.0889423076923077 0.12259615384615384
0 0.3798076923076923 0.6322115384615384 0.04807692307692308 0.038461538461538464
4 0.6790865384615384 0.6141826923076923 0.016826923076923076 0.04567307692307692
4 0.6478365384615384 0.6105769230769231 0.016826923076923076 0.04326923076923077
4 0.890625 0.5841346153846154 0.016826923076923076 0.028846153846153848
0 0.31971153846153844 0.6286057692307693 0.028846153846153848 0.03125
0 0.07572115384615384 0.6430288461538461 0.040865384615384616 0.040865384615384616
4 0.9435096153846154 0.5865384615384616 0.021634615384615384 0.02403846153846154