0 0.06370192307692307 0.7331730769230769 0.12740384615384615 0.2548076923076923
0 0.10096153846153846 0.6694711538461539 0.0625 0.06971153846153846
0 0.16706730769230768 0.6634615384615384 0.06971153846153846 0.0673076923076923
0 0.30288461538461536 0.6814903846153846 0.10576923076923077 0.0985576923076923
0 0.38100961538461536 0.6526442307692307 0.055288461538461536 0.055288461538461536
0 0.4651442307692308 0.6730769230769231 0.036057692307692304 0.08173076923076923
0 0.5132211538461539 0.6911057692307693 0.11298076923076923 0.11778846153846154
0 0.5769230769230769 0.6502403846153846 0.038461538461538464 0.055288461538461536
0 0.6213942307692307 0.6646634615384616 0.07451923076923077 0.08413461538461539
3 0.6939903846153845 0.13788461538461538 0.07709134615384615 0.1748076923076923
3 0.37610576923076927 0.14629807692307692 0.062307692307692314 0.1515625
3 0.044230769230769226 0.1649278846153846 0.07230769230769231 0.15596153846153846
5 0.4470192307692308 0.13346153846153846 0.08394230769230769 0.1098798076923077
5 0.5267307692307692 0.14048076923076921 0.0751201923076923 0.09586538461538462
5 0.6100721153846154 0.13466346153846154 0.08151442307692307 0.10427884615384617