0 0.020432692307692308 0.7007211538461539 0.040865384615384616 0.09375
0 0.06610576923076923 0.6814903846153846 0.07932692307692307 0.06009615384615385
0 0.2536057692307692 0.6490384615384616 0.026442307692307692 0.028846153846153848
0 0.27403846153846156 0.6634615384615384 0.038461538461538464 0.04326923076923077
0 0.3401442307692308 0.6875 0.09375 0.09134615384615384
0 0.4266826923076923 0.6610576923076923 0.05048076923076923 0.04807692307692308
0 0.5901442307692307 0.6430288461538461 0.03125 0.036057692307692304
0 0.6189903846153846 0.6586538461538461 0.05048076923076923 0.0673076923076923
0 0.6766826923076923 0.6742788461538461 0.11778846153846154 0.10336538461538461
4 0.8858173076923077 0.640625 0.021634615384615384 0.06009615384615385
4 0.9627403846153846 0.640625 0.03125 0.08413461538461539
0 0.5216346153846154 0.7391826923076923 0.19230769230769232 0.20432692307692307
0 0.18269230769230768 0.7367788461538461 0.21153846153846154 0.17548076923076922
0 0.08774038461538461 0.6225961538461539 0.17067307692307693 0.09615384615384616