0 0.08533653846153846 0.6838942307692307 0.15625 0.14182692307692307
0 0.23918269230769232 0.6682692307692307 0.0889423076923077 0.08653846153846154
0 0.2764423076923077 0.6454326923076923 0.057692307692307696 0.06971153846153846
0 0.34134615384615385 0.6730769230769231 0.10096153846153846 0.09615384615384616
0 0.39663461538461536 0.6490384615384616 0.052884615384615384 0.0673076923076923
0 0.42788461538461536 0.6370192307692307 0.03365384615384615 0.04326923076923077
0 0.4483173076923077 0.6346153846153846 0.040865384615384616 0.04326923076923077
0 0.484375 0.6490384615384616 0.036057692307692304 0.08173076923076923
0 0.5168269230769231 0.6622596153846154 0.09134615384615384 0.0889423076923077
0 0.5757211538461539 0.6370192307692307 0.04567307692307692 0.057692307692307696
0 0.6141826923076923 0.6430288461538461 0.07932692307692307 0.07932692307692307