0 0.016826923076923076 0.7199519230769231 0.03365384615384615 0.10817307692307693
0 0.17548076923076922 0.6790865384615384 0.11057692307692307 0.10336538461538461
0 0.23798076923076922 0.65625 0.07692307692307693 0.09134615384615384
0 0.32572115384615385 0.6778846153846154 0.10336538461538461 0.10576923076923077
0 0.3786057692307692 0.6502403846153846 0.05048076923076923 0.06490384615384616
0 0.43028846153846156 0.6418269230769231 0.04807692307692308 0.04807692307692308
0 0.47716346153846156 0.6586538461538461 0.040865384615384616 0.07692307692307693
0 0.515625 0.6682692307692307 0.0889423076923077 0.10096153846153846
0 0.5757211538461539 0.640625 0.05048076923076923 0.06009615384615385
0 0.6213942307692307 0.6454326923076923 0.07451923076923077 0.07932692307692307
0 0.055288461538461536 0.6598557692307693 0.0673076923076923 0.06009615384615385