0 0.12740384615384615 0.7475961538461539 0.25 0.2548076923076923
0 0.24759615384615385 0.7007211538461539 0.09134615384615384 0.15144230769230768
0 0.2980769230769231 0.6802884615384616 0.09134615384615384 0.1201923076923077
0 0.3329326923076923 0.6466346153846154 0.09375 0.09134615384615384
0 0.6802884615384616 0.8040865384615384 0.4951923076923077 0.3870192307692308
0 0.46033653846153844 0.7451923076923077 0.2091346153846154 0.2644230769230769
0 0.9266826923076923 0.7463942307692307 0.1466346153846154 0.3004807692307692
0 0.8221153846153846 0.6442307692307693 0.125 0.09134615384615384
0 0.3858173076923077 0.6274038461538461 0.026442307692307692 0.03365384615384615
0 0.5240384615384616 0.6009615384615384 0.04326923076923077 0.03365384615384615
0 0.025240384615384616 0.6670673076923077 0.04567307692307692 0.04567307692307692