0 0.12620192307692307 0.7439903846153846 0.25240384615384615 0.23317307692307693
0 0.2764423076923077 0.6862980769230769 0.125 0.12259615384615384
0 0.35096153846153844 0.6682692307692307 0.07692307692307693 0.09134615384615384
0 0.38100961538461536 0.6478365384615384 0.06490384615384616 0.07932692307692307
0 0.41225961538461536 0.6454326923076923 0.026442307692307692 0.055288461538461536
0 0.4891826923076923 0.6081730769230769 0.036057692307692304 0.028846153846153848
0 0.46875 0.6983173076923077 0.07692307692307693 0.15625
0 0.5793269230769231 0.7524038461538461 0.25961538461538464 0.27403846153846156
0 0.6814903846153846 0.6502403846153846 0.09375 0.0889423076923077
0 0.8016826923076923 0.6850961538461539 0.19471153846153846 0.16346153846153846
4 0.8966346153846154 0.59375 0.009615384615384616 0.014423076923076924
4 0.8798076923076923 0.5961538461538461 0.009615384615384616 0.019230769230769232
4 0.9675480769230769 0.5925480769230769 0.01201923076923077 0.021634615384615384
2 0.734375 0.6021634615384616 0.007211538461538462 0.016826923076923076
2 0.7259615384615384 0.6057692307692307 0.004807692307692308 0.014423076923076924