0 0.12860576923076922 0.7415865384615384 0.25721153846153844 0.22355769230769232
0 0.27884615384615385 0.6899038461538461 0.125 0.125
0 0.3557692307692308 0.6742788461538461 0.08173076923076923 0.0985576923076923
0 0.3858173076923077 0.6490384615384616 0.06009615384615385 0.08173076923076923
0 0.4170673076923077 0.6454326923076923 0.021634615384615384 0.05048076923076923
0 0.4891826923076923 0.609375 0.03125 0.03125
0 0.5649038461538461 0.7463942307692307 0.23557692307692307 0.25240384615384615
0 0.6634615384615384 0.6538461538461539 0.08653846153846154 0.08653846153846154
0 0.7716346153846154 0.6802884615384616 0.17307692307692307 0.14903846153846154
2 0.8882211538461539 0.6225961538461539 0.021634615384615384 0.07211538461538461
4 0.7271634615384616 0.6057692307692307 0.007211538461538462 0.014423076923076924
4 0.7331730769230769 0.6057692307692307 0.009615384615384616 0.014423076923076924
2 0.8341346153846154 0.6237980769230769 0.019230769230769232 0.04567307692307692
4 0.9230769230769231 0.6033653846153846 0.014423076923076924 0.03365384615384615