0 0.125 0.7668269230769231 0.25 0.25961538461538464
0 0.27403846153846156 0.7019230769230769 0.12980769230769232 0.1346153846153846
0 0.34375 0.6826923076923077 0.08173076923076923 0.10096153846153846
0 0.3737980769230769 0.6610576923076923 0.06971153846153846 0.09134615384615384
0 0.4987980769230769 0.6153846153846154 0.07451923076923077 0.03365384615384615
0 0.46274038461538464 0.7199519230769231 0.08413461538461539 0.17548076923076922
0 0.6081730769230769 0.7788461538461539 0.30288461538461536 0.3173076923076923
0 0.8365384615384616 0.7019230769230769 0.21153846153846154 0.1778846153846154
0 0.7139423076923077 0.6610576923076923 0.10096153846153846 0.09615384615384616
4 0.7548076923076923 0.6129807692307693 0.009615384615384616 0.014423076923076924
0 0.4098557692307692 0.6634615384615384 0.026442307692307692 0.0625