0 0.037259615384615384 0.6802884615384616 0.07451923076923077 0.08173076923076923
0 0.0985576923076923 0.6610576923076923 0.038461538461538464 0.057692307692307696
0 0.16947115384615385 0.7211538461538461 0.20432692307692307 0.1778846153846154
0 0.2512019230769231 0.6574519230769231 0.04567307692307692 0.05048076923076923
0 0.33653846153846156 0.6706730769230769 0.08173076923076923 0.08653846153846154
0 0.3858173076923077 0.6526442307692307 0.05048076923076923 0.06009615384615385
0 0.40625 0.6430288461538461 0.04326923076923077 0.06009615384615385
0 0.42908653846153844 0.6442307692307693 0.016826923076923076 0.038461538461538464
0 0.45913461538461536 0.6394230769230769 0.02403846153846154 0.038461538461538464
0 0.46875 0.6574519230769231 0.028846153846153848 0.06971153846153846
0 0.4855769230769231 0.6646634615384616 0.03365384615384615 0.08413461538461539
0 0.5360576923076923 0.6814903846153846 0.11057692307692307 0.11778846153846154
0 0.4987980769230769 0.609375 0.036057692307692304 0.026442307692307692
0 0.53125 0.6129807692307693 0.019230769230769232 0.02403846153846154
0 0.5865384615384616 0.6418269230769231 0.04326923076923077 0.052884615384615384
0 0.640625 0.6550480769230769 0.08413461538461539 0.08413461538461539
0 0.8990384615384616 0.7788461538461539 0.1971153846153846 0.3557692307692308
2 0.828125 0.6141826923076923 0.016826923076923076 0.026442307692307692
2 0.9314903846153846 0.5997596153846154 0.016826923076923076 0.026442307692307692