0 0.12860576923076922 0.7379807692307693 0.25721153846153844 0.22596153846153846
0 0.2247596153846154 0.6490384615384616 0.040865384615384616 0.038461538461538464
0 0.2512019230769231 0.6466346153846154 0.026442307692307692 0.03365384615384615
0 0.30528846153846156 0.6754807692307693 0.11057692307692307 0.11057692307692307
0 0.3798076923076923 0.65625 0.07211538461538461 0.07211538461538461
0 0.40384615384615385 0.640625 0.04807692307692308 0.06490384615384616
0 0.43149038461538464 0.6382211538461539 0.021634615384615384 0.04567307692307692
0 0.4855769230769231 0.6129807692307693 0.028846153846153848 0.04326923076923077
0 0.5324519230769231 0.7055288461538461 0.17067307692307693 0.17548076923076922
0 0.6334134615384616 0.6502403846153846 0.07451923076923077 0.07451923076923077
0 0.7163461538461539 0.6694711538461539 0.125 0.11778846153846154
2 0.8978365384615384 0.6225961538461539 0.021634615384615384 0.0673076923076923
4 0.8485576923076923 0.6213942307692307 0.019230769230769232 0.06009615384615385
4 0.8810096153846154 0.6274038461538461 0.01201923076923077 0.0625
2 0.7944711538461539 0.6370192307692307 0.016826923076923076 0.04807692307692308
2 0.7776442307692307 0.6322115384615384 0.016826923076923076 0.04807692307692308
2 0.7596153846153846 0.6177884615384616 0.014423076923076924 0.03365384615384615
0 0.9771634615384616 0.6490384615384616 0.040865384615384616 0.0625
2 0.7487980769230769 0.609375 0.007211538461538462 0.016826923076923076
2 0.7536057692307693 0.6069711538461539 0.007211538461538462 0.016826923076923076