0 0.10096153846153846 0.7391826923076923 0.20192307692307693 0.21394230769230768
0 0.17067307692307693 0.6598557692307693 0.04326923076923077 0.04567307692307692
0 0.21634615384615385 0.6610576923076923 0.052884615384615384 0.057692307692307696
0 0.3004807692307692 0.6754807692307693 0.10096153846153846 0.10096153846153846
0 0.36538461538461536 0.6490384615384616 0.04326923076923077 0.04807692307692308
0 0.4230769230769231 0.6442307692307693 0.052884615384615384 0.0625
0 0.44711538461538464 0.6430288461538461 0.019230769230769232 0.040865384615384616
0 0.46153846153846156 0.6394230769230769 0.02403846153846154 0.038461538461538464
0 0.5012019230769231 0.6526442307692307 0.05048076923076923 0.07451923076923077
0 0.5168269230769231 0.6574519230769231 0.04807692307692308 0.07932692307692307
0 0.5540865384615384 0.6670673076923077 0.08413461538461539 0.0985576923076923
0 0.5348557692307693 0.6009615384615384 0.04567307692307692 0.03365384615384615
0 0.5661057692307693 0.6057692307692307 0.016826923076923076 0.028846153846153848
0 0.6045673076923077 0.6153846153846154 0.026442307692307692 0.019230769230769232
0 0.5901442307692307 0.6262019230769231 0.021634615384615384 0.026442307692307692
0 0.6754807692307693 0.7283653846153846 0.22115384615384615 0.23076923076923078