0 0.08533653846153846 0.7091346153846154 0.17067307692307693 0.15865384615384615
0 0.21634615384615385 0.6334134615384616 0.038461538461538464 0.036057692307692304
0 0.26802884615384615 0.6610576923076923 0.0889423076923077 0.09615384615384616
0 0.3112980769230769 0.6430288461538461 0.040865384615384616 0.055288461538461536
0 0.3485576923076923 0.6370192307692307 0.04326923076923077 0.04807692307692308
0 0.3918269230769231 0.6346153846153846 0.052884615384615384 0.0673076923076923
0 0.4230769230769231 0.6322115384615384 0.02403846153846154 0.04326923076923077
0 0.44711538461538464 0.6394230769230769 0.019230769230769232 0.038461538461538464
0 0.4639423076923077 0.6490384615384616 0.02403846153846154 0.07692307692307693
0 0.4831730769230769 0.6586538461538461 0.04807692307692308 0.10096153846153846
0 0.5408653846153846 0.6742788461538461 0.11057692307692307 0.12740384615384615
0 0.5216346153846154 0.5889423076923077 0.052884615384615384 0.04326923076923077
0 0.5588942307692307 0.5949519230769231 0.021634615384615384 0.03125
0 0.6838942307692307 0.7259615384615384 0.2283653846153846 0.25