0 0.04807692307692308 0.6754807692307693 0.09615384615384616 0.10576923076923077
0 0.1201923076923077 0.6490384615384616 0.0673076923076923 0.08173076923076923
0 0.15985576923076922 0.6622596153846154 0.06490384615384616 0.06490384615384616
0 0.3894230769230769 0.8064903846153846 0.4182692307692308 0.38221153846153844
0 0.6237980769230769 0.6478365384615384 0.07932692307692307 0.09375
0 0.6971153846153846 0.65625 0.1201923076923077 0.13942307692307693
0 0.7752403846153846 0.6959134615384616 0.2091346153846154 0.18509615384615385
0 0.5588942307692307 0.6646634615384616 0.05048076923076923 0.10336538461538461
0 0.8545673076923077 0.5913461538461539 0.21394230769230768 0.20192307692307693
0 0.9555288461538461 0.6586538461538461 0.0889423076923077 0.13942307692307693
0 0.2692307692307692 0.6670673076923077 0.09134615384615384 0.09375
0 0.21875 0.6490384615384616 0.052884615384615384 0.04326923076923077