0 0.0733173076923077 0.6526442307692307 0.05048076923076923 0.055288461538461536
0 0.04447115384615385 0.6658653846153846 0.0889423076923077 0.07211538461538461
0 0.1622596153846154 0.6514423076923077 0.06009615384615385 0.052884615384615384
0 0.21514423076923078 0.6430288461538461 0.036057692307692304 0.040865384615384616
0 0.27283653846153844 0.6153846153846154 0.03125 0.02403846153846154
0 0.24759615384615385 0.6911057692307693 0.11538461538461539 0.13221153846153846
0 0.38341346153846156 0.7331730769230769 0.25721153846153844 0.2403846153846154
0 0.4987980769230769 0.6478365384615384 0.11778846153846154 0.12740384615384615
0 0.5697115384615384 0.6514423076923077 0.057692307692307696 0.08653846153846154
0 0.6009615384615384 0.6394230769230769 0.03365384615384615 0.07211538461538461
0 0.6322115384615384 0.6394230769230769 0.04807692307692308 0.08173076923076923
0 0.6911057692307693 0.6514423076923077 0.10336538461538461 0.1346153846153846
0 0.7524038461538461 0.6923076923076923 0.18269230769230768 0.1778846153846154
0 0.7752403846153846 0.5697115384615384 0.0985576923076923 0.10096153846153846
0 0.9098557692307693 0.5709134615384616 0.18028846153846154 0.39663461538461536