0 0.08653846153846154 0.7043269230769231 0.17307692307692307 0.14423076923076922
0 0.3701923076923077 0.7247596153846154 0.24519230769230768 0.22355769230769232
0 0.4723557692307692 0.6514423076923077 0.06971153846153846 0.08173076923076923
0 0.5216346153846154 0.6370192307692307 0.052884615384615384 0.057692307692307696
0 0.5456730769230769 0.6274038461538461 0.028846153846153848 0.04326923076923077
0 0.6021634615384616 0.6418269230769231 0.07932692307692307 0.10096153846153846
0 0.6538461538461539 0.6334134615384616 0.04326923076923077 0.06009615384615385
0 0.7079326923076923 0.6478365384615384 0.08413461538461539 0.10817307692307693
0 0.7560096153846154 0.6706730769230769 0.1466346153846154 0.12980769230769232
0 0.8557692307692307 0.5853365384615384 0.13942307692307693 0.18028846153846154
0 0.8954326923076923 0.6574519230769231 0.11778846153846154 0.11778846153846154
0 0.9615384615384616 0.7463942307692307 0.07211538461538461 0.24278846153846154