0 0.4639423076923077 0.8040865384615384 0.3605769230769231 0.38221153846153844
0 0.7451923076923077 0.6802884615384616 0.17307692307692307 0.15384615384615385
0 0.96875 0.65625 0.057692307692307696 0.125
0 0.8810096153846154 0.5853365384615384 0.23317307692307693 0.21394230769230768
0 0.6201923076923077 0.6358173076923077 0.052884615384615384 0.06971153846153846
0 0.040865384615384616 0.8677884615384616 0.08173076923076923 0.25961538461538464
0 0.027644230769230768 0.6826923076923077 0.055288461538461536 0.09615384615384616
0 0.07692307692307693 0.6694711538461539 0.0673076923076923 0.06971153846153846
0 0.15504807692307693 0.6598557692307693 0.06009615384615385 0.06490384615384616
0 0.23798076923076922 0.6490384615384616 0.0673076923076923 0.057692307692307696
0 0.6850961538461539 0.6430288461538461 0.09615384615384616 0.10817307692307693