0 0.4879807692307692 0.8088942307692307 0.3942307692307692 0.37740384615384615
0 0.9266826923076923 0.6995192307692307 0.1466346153846154 0.28365384615384615
0 0.7391826923076923 0.6598557692307693 0.14182692307692307 0.11778846153846154
0 0.6610576923076923 0.6466346153846154 0.0625 0.08173076923076923
0 0.625 0.6382211538461539 0.057692307692307696 0.06971153846153846
0 0.8293269230769231 0.6322115384615384 0.08173076923076923 0.07692307692307693
0 0.9206730769230769 0.6081730769230769 0.08173076923076923 0.07211538461538461
0 0.14903846153846154 0.6550480769230769 0.0625 0.055288461538461536
0 0.25841346153846156 0.6490384615384616 0.04567307692307692 0.04326923076923077
0 0.31850961538461536 0.6442307692307693 0.03125 0.04326923076923077
0 0.109375 0.6322115384615384 0.09375 0.08653846153846154