0 0.46153846153846156 0.8088942307692307 0.4182692307692308 0.37740384615384615
0 0.9266826923076923 0.6971153846153846 0.1466346153846154 0.28365384615384615
0 0.7572115384615384 0.6538461538461539 0.14423076923076922 0.12980769230769232
0 0.6706730769230769 0.6478365384615384 0.0673076923076923 0.08413461538461539
0 0.625 0.6310096153846154 0.057692307692307696 0.06009615384615385
0 0.8341346153846154 0.6286057692307693 0.07211538461538461 0.07451923076923077
0 0.09735576923076923 0.6538461538461539 0.07451923076923077 0.038461538461538464
0 0.22235576923076922 0.6382211538461539 0.04567307692307692 0.036057692307692304
0 0.29447115384615385 0.6334134615384616 0.03125 0.021634615384615384
0 0.05048076923076923 0.6502403846153846 0.10096153846153846 0.11778846153846154
0 0.16947115384615385 0.6334134615384616 0.07451923076923077 0.07932692307692307