0 0.4098557692307692 0.8052884615384616 0.37740384615384615 0.36538461538461536
0 0.09975961538461539 0.6586538461538461 0.08413461538461539 0.07692307692307693
0 0.9098557692307693 0.6935096153846154 0.17548076923076922 0.23317307692307693
0 0.765625 0.6574519230769231 0.13701923076923078 0.11298076923076923
0 0.6995192307692307 0.6502403846153846 0.0673076923076923 0.09375
0 0.6382211538461539 0.6370192307692307 0.06490384615384616 0.0673076923076923
0 0.5384615384615384 0.7055288461538461 0.14903846153846154 0.19471153846153846
0 0.5540865384615384 0.6274038461538461 0.10817307692307693 0.09615384615384616
0 0.26322115384615385 0.6430288461538461 0.040865384615384616 0.03125
0 0.31850961538461536 0.6298076923076923 0.03125 0.02403846153846154
0 0.17067307692307693 0.6322115384615384 0.09134615384615384 0.07211538461538461
0 0.25961538461538464 0.6213942307692307 0.057692307692307696 0.05048076923076923