0 0.47596153846153844 0.8064903846153846 0.39903846153846156 0.38221153846153844
0 0.9471153846153846 0.6899038461538461 0.10096153846153846 0.16346153846153846
0 0.7920673076923077 0.6502403846153846 0.07451923076923077 0.07932692307692307
0 0.7127403846153846 0.6742788461538461 0.13221153846153846 0.12259615384615384
0 0.6213942307692307 0.6490384615384616 0.06971153846153846 0.0673076923076923
0 0.33653846153846156 0.6574519230769231 0.0625 0.07451923076923077
0 0.25961538461538464 0.6237980769230769 0.0625 0.0985576923076923
0 0.046875 0.6802884615384616 0.09375 0.08173076923076923
0 0.15985576923076922 0.6634615384615384 0.055288461538461536 0.0625
0 0.1045673076923077 0.6514423076923077 0.04567307692307692 0.038461538461538464
4 0.9423076923076923 0.6009615384615384 0.014423076923076924 0.019230769230769232
0 0.5865384615384616 0.6237980769230769 0.038461538461538464 0.03125