0 0.46274038461538464 0.7920673076923077 0.31490384615384615 0.31971153846153844
0 0.9447115384615384 0.7487980769230769 0.10576923076923077 0.29086538461538464
4 0.9074519230769231 0.6502403846153846 0.021634615384615384 0.0985576923076923
0 0.8293269230769231 0.6706730769230769 0.125 0.10096153846153846
0 0.7127403846153846 0.6574519230769231 0.07932692307692307 0.06490384615384616
0 0.6310096153846154 0.6706730769230769 0.08413461538461539 0.08173076923076923
0 0.33413461538461536 0.6706730769230769 0.057692307692307696 0.07211538461538461
0 0.1935096153846154 0.6382211538461539 0.11298076923076923 0.1466346153846154
0 0.09014423076923077 0.671875 0.05048076923076923 0.06009615384615385
0 0.5841346153846154 0.6586538461538461 0.052884615384615384 0.0673076923076923
0 0.014423076923076924 0.6911057692307693 0.028846153846153848 0.07932692307692307
0 0.265625 0.6586538461538461 0.026442307692307692 0.038461538461538464
0 0.6778846153846154 0.6382211538461539 0.052884615384615384 0.05048076923076923