0 0.04447115384615385 0.8100961538461539 0.0889423076923077 0.2548076923076923
0 0.42427884615384615 0.8112980769230769 0.37259615384615385 0.37740384615384615
0 0.7824519230769231 0.6887019230769231 0.21394230769230768 0.19471153846153846
0 0.5793269230769231 0.6550480769230769 0.0625 0.06971153846153846
0 0.5420673076923077 0.6382211538461539 0.03125 0.036057692307692304
0 0.6598557692307693 0.6466346153846154 0.055288461538461536 0.057692307692307696
0 0.6262019230769231 0.6334134615384616 0.040865384615384616 0.055288461538461536
0 0.30528846153846156 0.6634615384615384 0.057692307692307696 0.07692307692307693
0 0.16826923076923078 0.6286057692307693 0.07692307692307693 0.07451923076923077
4 0.9314903846153846 0.6454326923076923 0.03125 0.10817307692307693
0 0.9735576923076923 0.6586538461538461 0.052884615384615384 0.09134615384615384
0 0.03245192307692308 0.6165865384615384 0.06490384615384616 0.22355769230769232
0 0.171875 0.6586538461538461 0.05048076923076923 0.04807692307692308
0 0.2644230769230769 0.6478365384615384 0.038461538461538464 0.040865384615384616