0 0.5012019230769231 0.7884615384615384 0.3485576923076923 0.3605769230769231
0 0.7415865384615384 0.6899038461538461 0.18028846153846154 0.16826923076923078
0 0.09495192307692307 0.7668269230769231 0.18990384615384615 0.2692307692307692
0 0.16706730769230768 0.7079326923076923 0.15144230769230768 0.1658653846153846
0 0.2980769230769231 0.6778846153846154 0.16346153846153846 0.125
0 0.6358173076923077 0.640625 0.07932692307692307 0.08413461538461539
0 0.49399038461538464 0.625 0.08413461538461539 0.0673076923076923
4 0.8870192307692307 0.6033653846153846 0.009615384615384616 0.03365384615384615
4 0.8978365384615384 0.6057692307692307 0.007211538461538462 0.038461538461538464
4 0.9050480769230769 0.6057692307692307 0.01201923076923077 0.038461538461538464
4 0.9350961538461539 0.6033653846153846 0.014423076923076924 0.03365384615384615