0 0.5024038461538461 0.8052884615384616 0.3798076923076923 0.38461538461538464
0 0.042067307692307696 0.8100961538461539 0.08413461538461539 0.23557692307692307
0 0.09615384615384616 0.734375 0.19230769230769232 0.2091346153846154
0 0.24278846153846154 0.6899038461538461 0.18269230769230768 0.14423076923076922
0 0.96875 0.6598557692307693 0.057692307692307696 0.14182692307692307
0 0.7127403846153846 0.6790865384615384 0.16105769230769232 0.14182692307692307
0 0.6322115384615384 0.640625 0.0673076923076923 0.0889423076923077
0 0.3485576923076923 0.6502403846153846 0.0625 0.06971153846153846
4 0.8990384615384616 0.6081730769230769 0.014423076923076924 0.028846153846153848
4 0.9038461538461539 0.6057692307692307 0.009615384615384616 0.028846153846153848
4 0.9086538461538461 0.6033653846153846 0.009615384615384616 0.03365384615384615
4 0.9242788461538461 0.6021634615384616 0.01201923076923077 0.040865384615384616