0 0.859375 0.7115384615384616 0.24278846153846154 0.20673076923076922
0 0.7872596153846154 0.6550480769230769 0.17067307692307693 0.1466346153846154
0 0.7055288461538461 0.6382211538461539 0.08413461538461539 0.0985576923076923
0 0.7944711538461539 0.5685096153846154 0.1658653846153846 0.09375
0 0.5372596153846154 0.8112980769230769 0.5841346153846154 0.37740384615384615
0 0.3329326923076923 0.6478365384615384 0.07451923076923077 0.06009615384615385
0 0.25841346153846156 0.6454326923076923 0.055288461538461536 0.04567307692307692
0 0.1658653846153846 0.6598557692307693 0.08653846153846154 0.05048076923076923
4 0.08413461538461539 0.6490384615384616 0.009615384615384616 0.038461538461538464
4 0.006009615384615385 0.6598557692307693 0.007211538461538462 0.03125
0 0.5252403846153846 0.6081730769230769 0.14182692307692307 0.057692307692307696
0 0.9711538461538461 0.7668269230769231 0.057692307692307696 0.2548076923076923
0 0.6322115384615384 0.6165865384615384 0.04807692307692308 0.03125
0 0.6586538461538461 0.6274038461538461 0.052884615384615384 0.03365384615384615