0 0.9447115384615384 0.5697115384615384 0.11057692307692307 0.20673076923076922
0 0.8617788461538461 0.7091346153846154 0.24759615384615385 0.21634615384615385
0 0.7920673076923077 0.6538461538461539 0.1658653846153846 0.14423076923076922
0 0.7079326923076923 0.6394230769230769 0.09375 0.09134615384615384
0 0.5372596153846154 0.8016826923076923 0.5889423076923077 0.3918269230769231
0 0.3641826923076923 0.6454326923076923 0.06971153846153846 0.055288461538461536
0 0.2776442307692308 0.6887019230769231 0.15144230769230768 0.13701923076923078
0 0.1814903846153846 0.6598557692307693 0.09375 0.05048076923076923
0 0.09615384615384616 0.7692307692307693 0.19230769230769232 0.28365384615384615
0 0.5252403846153846 0.6117788461538461 0.14182692307692307 0.06490384615384616
4 0.10697115384615384 0.6382211538461539 0.01201923076923077 0.016826923076923076
0 0.9711538461538461 0.7692307692307693 0.057692307692307696 0.25961538461538464
0 0.6322115384615384 0.6177884615384616 0.052884615384615384 0.03365384615384615
0 0.6622596153846154 0.6286057692307693 0.055288461538461536 0.036057692307692304