4 0.9483173076923077 0.6153846153846154 0.016826923076923076 0.04326923076923077
4 0.9362980769230769 0.6129807692307693 0.016826923076923076 0.04326923076923077
0 0.8221153846153846 0.5697115384615384 0.1778846153846154 0.10576923076923077
0 0.8581730769230769 0.7115384615384616 0.24519230769230768 0.22115384615384615
0 0.7896634615384616 0.6490384615384616 0.17067307692307693 0.12980769230769232
0 0.7115384615384616 0.6322115384615384 0.09615384615384616 0.09134615384615384
0 0.5324519230769231 0.8125 0.59375 0.3701923076923077
0 0.3581730769230769 0.6598557692307693 0.07211538461538461 0.08413461538461539
0 0.3173076923076923 0.6478365384615384 0.038461538461538464 0.06009615384615385
0 0.2512019230769231 0.6442307692307693 0.04567307692307692 0.04326923076923077
0 0.27403846153846156 0.6430288461538461 0.03365384615384615 0.040865384615384616
0 0.19831730769230768 0.6550480769230769 0.05048076923076923 0.040865384615384616
4 0.09014423076923077 0.6490384615384616 0.01201923076923077 0.03365384615384615
0 0.5264423076923077 0.6081730769230769 0.14903846153846154 0.0625
0 0.9711538461538461 0.7632211538461539 0.057692307692307696 0.25721153846153844
0 0.6322115384615384 0.6177884615384616 0.052884615384615384 0.028846153846153848
0 0.6598557692307693 0.6262019230769231 0.055288461538461536 0.03125