0 0.5324519230769231 0.8052884615384616 0.5985576923076923 0.38461538461538464
0 0.8605769230769231 0.7127403846153846 0.25 0.21875
0 0.7884615384615384 0.6586538461538461 0.16826923076923078 0.14423076923076922
0 0.9411057692307693 0.5492788461538461 0.11778846153846154 0.31009615384615385
0 0.7980769230769231 0.5793269230769231 0.15865384615384615 0.10096153846153846
0 0.3425480769230769 0.6370192307692307 0.026442307692307692 0.038461538461538464
0 0.31850961538461536 0.6394230769230769 0.040865384615384616 0.04326923076923077
0 0.2920673076923077 0.6394230769230769 0.03125 0.04326923076923077
2 0.25600961538461536 0.6490384615384616 0.05048076923076923 0.0625
2 0.23317307692307693 0.6502403846153846 0.03365384615384615 0.06009615384615385
0 0.19831730769230768 0.6538461538461539 0.036057692307692304 0.038461538461538464
2 0.16466346153846154 0.6550480769230769 0.05048076923076923 0.06009615384615385
4 0.056490384615384616 0.6478365384615384 0.01201923076923077 0.036057692307692304
2 0.036057692307692304 0.6646634615384616 0.038461538461538464 0.07451923076923077
2 0.008413461538461538 0.6682692307692307 0.016826923076923076 0.0625
0 0.4723557692307692 0.6117788461538461 0.23317307692307693 0.07932692307692307
0 0.9735576923076923 0.7680288461538461 0.052884615384615384 0.25721153846153844
0 0.5264423076923077 0.6021634615384616 0.1346153846153846 0.055288461538461536
0 0.6310096153846154 0.6177884615384616 0.05048076923076923 0.038461538461538464
0 0.6610576923076923 0.6322115384615384 0.052884615384615384 0.038461538461538464
0 0.7043269230769231 0.6322115384615384 0.057692307692307696 0.07692307692307693