0 0.5324519230769231 0.8052884615384616 0.5985576923076923 0.38461538461538464
0 0.8605769230769231 0.7127403846153846 0.25 0.21875
0 0.7884615384615384 0.6586538461538461 0.16826923076923078 0.14423076923076922
0 0.9411057692307693 0.5492788461538461 0.11778846153846154 0.31009615384615385
0 0.7980769230769231 0.5793269230769231 0.15865384615384615 0.10096153846153846
0 0.1971153846153846 0.6538461538461539 0.04326923076923077 0.038461538461538464
0 0.24879807692307693 0.6478365384615384 0.04567307692307692 0.040865384615384616
0 0.36778846153846156 0.6442307692307693 0.04807692307692308 0.052884615384615384
0 0.31850961538461536 0.6442307692307693 0.04567307692307692 0.04326923076923077
0 0.27524038461538464 0.6442307692307693 0.03125 0.038461538461538464
4 0.046875 0.6514423076923077 0.01201923076923077 0.038461538461538464
4 0.026442307692307692 0.6586538461538461 0.014423076923076924 0.03365384615384615
0 0.5288461538461539 0.6033653846153846 0.1346153846153846 0.04807692307692308
0 0.6322115384615384 0.6177884615384616 0.052884615384615384 0.028846153846153848
0 0.6598557692307693 0.6286057692307693 0.055288461538461536 0.03125
0 0.7055288461538461 0.6394230769230769 0.06009615384615385 0.08653846153846154
0 0.9723557692307693 0.765625 0.055288461538461536 0.25240384615384615