0 0.5324519230769231 0.8052884615384616 0.5985576923076923 0.38461538461538464
0 0.8605769230769231 0.7127403846153846 0.25 0.21875
0 0.7884615384615384 0.6586538461538461 0.16826923076923078 0.14423076923076922
0 0.9411057692307693 0.5492788461538461 0.11778846153846154 0.31009615384615385
0 0.7980769230769231 0.5793269230769231 0.15865384615384615 0.10096153846153846
2 0.32572115384615385 0.6478365384615384 0.040865384615384616 0.055288461538461536
0 0.3245192307692308 0.6430288461538461 0.1201923076923077 0.055288461538461536
4 0.28365384615384615 0.6502403846153846 0.028846153846153848 0.06490384615384616
4 0.24278846153846154 0.6514423076923077 0.028846153846153848 0.0673076923076923
4 0.23197115384615385 0.6634615384615384 0.021634615384615384 0.04807692307692308
4 0.20673076923076922 0.6550480769230769 0.02403846153846154 0.06490384615384616
4 0.19831730769230768 0.6694711538461539 0.016826923076923076 0.040865384615384616
4 0.17067307692307693 0.6550480769230769 0.028846153846153848 0.06971153846153846
0 0.1045673076923077 0.6622596153846154 0.10336538461538461 0.04567307692307692
4 0.09014423076923077 0.6418269230769231 0.01201923076923077 0.019230769230769232
0 0.5300480769230769 0.6033653846153846 0.13701923076923078 0.04807692307692308
0 0.6322115384615384 0.6189903846153846 0.052884615384615384 0.036057692307692304
0 0.6598557692307693 0.6262019230769231 0.055288461538461536 0.03125
0 0.7067307692307693 0.6442307692307693 0.0625 0.10096153846153846
0 0.9735576923076923 0.7668269230769231 0.052884615384615384 0.2548076923076923