0 0.5324519230769231 0.8052884615384616 0.5985576923076923 0.38461538461538464
0 0.8605769230769231 0.7127403846153846 0.25 0.21875
0 0.7884615384615384 0.6586538461538461 0.16826923076923078 0.14423076923076922
0 0.9411057692307693 0.5492788461538461 0.11778846153846154 0.31009615384615385
0 0.7980769230769231 0.5793269230769231 0.15865384615384615 0.10096153846153846
2 0.29086538461538464 0.6502403846153846 0.03365384615384615 0.055288461538461536
0 0.28846153846153844 0.6514423076923077 0.1201923076923077 0.052884615384615384
4 0.2704326923076923 0.6502403846153846 0.026442307692307692 0.06971153846153846
0 0.10817307692307693 0.6322115384615384 0.21634615384615385 0.11538461538461539
4 0.1201923076923077 0.6646634615384616 0.019230769230769232 0.055288461538461536
4 0.109375 0.6586538461538461 0.021634615384615384 0.0625
4 0.06490384615384616 0.6646634615384616 0.019230769230769232 0.055288461538461536
4 0.056490384615384616 0.6694711538461539 0.016826923076923076 0.05048076923076923
4 0.021634615384615384 0.6694711538461539 0.019230769230769232 0.06490384615384616
4 0.008413461538461538 0.6694711538461539 0.016826923076923076 0.06971153846153846
0 0.5288461538461539 0.6033653846153846 0.13942307692307693 0.04807692307692308
0 0.6322115384615384 0.6177884615384616 0.052884615384615384 0.028846153846153848
0 0.6610576923076923 0.625 0.052884615384615384 0.028846153846153848
0 0.7055288461538461 0.6382211538461539 0.055288461538461536 0.0889423076923077
0 0.9723557692307693 0.7704326923076923 0.055288461538461536 0.25721153846153844
0 0.39302884615384615 0.6358173076923077 0.0889423076923077 0.06009615384615385