0 0.5324519230769231 0.8052884615384616 0.5985576923076923 0.38461538461538464
0 0.8605769230769231 0.7127403846153846 0.25 0.21875
0 0.7884615384615384 0.6586538461538461 0.16826923076923078 0.14423076923076922
0 0.9411057692307693 0.5492788461538461 0.11778846153846154 0.31009615384615385
0 0.7980769230769231 0.5793269230769231 0.15865384615384615 0.10096153846153846
0 0.6237980769230769 0.5925480769230769 0.2620192307692308 0.0985576923076923
0 0.35697115384615385 0.6442307692307693 0.08413461538461539 0.052884615384615384
0 0.3173076923076923 0.6418269230769231 0.03365384615384615 0.04326923076923077
0 0.25841346153846156 0.6526442307692307 0.0985576923076923 0.07932692307692307
0 0.18870192307692307 0.6574519230769231 0.09375 0.055288461538461536
0 0.07091346153846154 0.6682692307692307 0.09375 0.052884615384615384
0 0.5300480769230769 0.6033653846153846 0.13221153846153846 0.04807692307692308
0 0.6322115384615384 0.6153846153846154 0.04807692307692308 0.028846153846153848
0 0.6574519230769231 0.6298076923076923 0.05048076923076923 0.038461538461538464
0 0.7091346153846154 0.6382211538461539 0.057692307692307696 0.09375
0 0.9735576923076923 0.765625 0.052884615384615384 0.25240384615384615