0 0.5324519230769231 0.8052884615384616 0.5985576923076923 0.38461538461538464
0 0.8605769230769231 0.7127403846153846 0.25 0.21875
0 0.7884615384615384 0.6586538461538461 0.16826923076923078 0.14423076923076922
0 0.9411057692307693 0.5492788461538461 0.11778846153846154 0.31009615384615385
0 0.7980769230769231 0.5793269230769231 0.15865384615384615 0.10096153846153846
0 0.6322115384615384 0.5865384615384616 0.1875 0.09134615384615384
0 0.3076923076923077 0.6466346153846154 0.10096153846153846 0.052884615384615384
0 0.21995192307692307 0.6538461538461539 0.0889423076923077 0.08173076923076923
0 0.1466346153846154 0.6598557692307693 0.07211538461538461 0.06009615384615385
0 0.5276442307692307 0.6021634615384616 0.13221153846153846 0.05048076923076923
0 0.6322115384615384 0.6141826923076923 0.04807692307692308 0.026442307692307692
0 0.6610576923076923 0.6274038461538461 0.04807692307692308 0.028846153846153848
0 0.7055288461538461 0.6382211538461539 0.06009615384615385 0.0889423076923077
0 0.9735576923076923 0.7668269230769231 0.052884615384615384 0.25961538461538464
0 0.09615384615384616 0.6586538461538461 0.04326923076923077 0.052884615384615384