0 0.5324519230769231 0.8052884615384616 0.5985576923076923 0.38461538461538464
0 0.8605769230769231 0.7127403846153846 0.25 0.21875
0 0.7884615384615384 0.6586538461538461 0.16826923076923078 0.14423076923076922
0 0.9411057692307693 0.5492788461538461 0.11778846153846154 0.31009615384615385
0 0.7980769230769231 0.5793269230769231 0.15865384615384615 0.10096153846153846
0 0.33774038461538464 0.6502403846153846 0.11298076923076923 0.06009615384615385
0 0.29447115384615385 0.6490384615384616 0.06971153846153846 0.038461538461538464
0 0.23197115384615385 0.6538461538461539 0.09375 0.04326923076923077
0 0.19591346153846154 0.6538461538461539 0.040865384615384616 0.038461538461538464
0 0.10096153846153846 0.6694711538461539 0.12980769230769232 0.10817307692307693
0 0.027644230769230768 0.6646634615384616 0.055288461538461536 0.06009615384615385
0 0.5276442307692307 0.6057692307692307 0.13701923076923078 0.052884615384615384
0 0.6334134615384616 0.6117788461538461 0.05048076923076923 0.026442307692307692
0 0.6598557692307693 0.6274038461538461 0.05048076923076923 0.028846153846153848
0 0.7043269230769231 0.6322115384615384 0.057692307692307696 0.08173076923076923
0 0.9735576923076923 0.7680288461538461 0.052884615384615384 0.25721153846153844