0 0.5324519230769231 0.8052884615384616 0.5985576923076923 0.38461538461538464
0 0.8605769230769231 0.7127403846153846 0.25 0.21875
0 0.7884615384615384 0.6586538461538461 0.16826923076923078 0.14423076923076922
0 0.9411057692307693 0.5492788461538461 0.11778846153846154 0.31009615384615385
0 0.7980769230769231 0.5793269230769231 0.15865384615384615 0.10096153846153846
0 0.3762019230769231 0.6370192307692307 0.03125 0.03365384615384615
0 0.31490384615384615 0.6454326923076923 0.0673076923076923 0.040865384615384616
0 0.24759615384615385 0.6514423076923077 0.11057692307692307 0.052884615384615384
0 0.19110576923076922 0.6550480769230769 0.036057692307692304 0.040865384615384616
0 0.11778846153846154 0.65625 0.08173076923076923 0.04326923076923077
0 0.0733173076923077 0.6646634615384616 0.06971153846153846 0.06009615384615385
0 0.9723557692307693 0.7740384615384616 0.055288461538461536 0.25961538461538464
0 0.5264423076923077 0.6021634615384616 0.12980769230769232 0.05048076923076923
0 0.6334134615384616 0.6153846153846154 0.05048076923076923 0.028846153846153848
0 0.6622596153846154 0.6274038461538461 0.06009615384615385 0.03365384615384615
0 0.7079326923076923 0.6490384615384616 0.06009615384615385 0.1201923076923077