0 0.5324519230769231 0.8052884615384616 0.5985576923076923 0.38461538461538464
0 0.8605769230769231 0.7127403846153846 0.25 0.21875
0 0.7884615384615384 0.6586538461538461 0.16826923076923078 0.14423076923076922
0 0.9411057692307693 0.5492788461538461 0.11778846153846154 0.31009615384615385
0 0.7980769230769231 0.5793269230769231 0.15865384615384615 0.10096153846153846
0 0.3737980769230769 0.6370192307692307 0.036057692307692304 0.03365384615384615
0 0.3401442307692308 0.6370192307692307 0.021634615384615384 0.038461538461538464
0 0.32211538461538464 0.6394230769230769 0.038461538461538464 0.04326923076923077
0 0.2548076923076923 0.6490384615384616 0.11538461538461539 0.057692307692307696
0 0.19110576923076922 0.6514423076923077 0.03125 0.04326923076923077
0 0.04567307692307692 0.6634615384615384 0.08653846153846154 0.04807692307692308
4 0.018028846153846152 0.6706730769230769 0.026442307692307692 0.057692307692307696
0 0.9735576923076923 0.7680288461538461 0.052884615384615384 0.25721153846153844
0 0.5288461538461539 0.6009615384615384 0.1346153846153846 0.04807692307692308
0 0.6322115384615384 0.6177884615384616 0.052884615384615384 0.028846153846153848
0 0.6586538461538461 0.6274038461538461 0.052884615384615384 0.03365384615384615
0 0.7079326923076923 0.6394230769230769 0.055288461538461536 0.09615384615384616