0 0.5324519230769231 0.8052884615384616 0.5985576923076923 0.38461538461538464
0 0.8605769230769231 0.7127403846153846 0.25 0.21875
0 0.7884615384615384 0.6586538461538461 0.16826923076923078 0.14423076923076922
0 0.9411057692307693 0.5492788461538461 0.11778846153846154 0.31009615384615385
0 0.7980769230769231 0.5793269230769231 0.15865384615384615 0.10096153846153846
0 0.35697115384615385 0.6430288461538461 0.09375 0.05048076923076923
0 0.31850961538461536 0.6394230769230769 0.036057692307692304 0.04326923076923077
0 0.28966346153846156 0.6382211538461539 0.03125 0.036057692307692304
0 0.27524038461538464 0.6430288461538461 0.03125 0.036057692307692304
0 0.22355769230769232 0.6514423076923077 0.08653846153846154 0.04326923076923077
0 0.18870192307692307 0.6514423076923077 0.08413461538461539 0.04807692307692308
0 0.09254807692307693 0.6634615384615384 0.06009615384615385 0.0673076923076923
0 0.9723557692307693 0.7680288461538461 0.05048076923076923 0.25721153846153844
0 0.5276442307692307 0.6021634615384616 0.13701923076923078 0.05048076923076923
0 0.6310096153846154 0.6153846153846154 0.04567307692307692 0.028846153846153848
0 0.6610576923076923 0.625 0.052884615384615384 0.03365384615384615
0 0.7067307692307693 0.6430288461538461 0.057692307692307696 0.10336538461538461