0 0.9375 0.5324519230769231 0.1201923076923077 0.29086538461538464
0 0.7872596153846154 0.5673076923076923 0.15625 0.08653846153846154
0 0.8605769230769231 0.7091346153846154 0.25 0.22115384615384615
0 0.7848557692307693 0.6634615384615384 0.1658653846153846 0.15384615384615385
0 0.7043269230769231 0.6298076923076923 0.07692307692307693 0.08653846153846154
0 0.53125 0.8040865384615384 0.5961538461538461 0.3870192307692308
0 0.3713942307692308 0.6382211538461539 0.10817307692307693 0.06490384615384616
0 0.3173076923076923 0.6418269230769231 0.038461538461538464 0.04326923076923077
0 0.2920673076923077 0.6382211538461539 0.03125 0.040865384615384616
0 0.27524038461538464 0.6418269230769231 0.03125 0.038461538461538464
0 0.24759615384615385 0.6442307692307693 0.038461538461538464 0.04326923076923077
0 0.21995192307692307 0.6478365384615384 0.03125 0.036057692307692304
0 0.19471153846153846 0.6502403846153846 0.038461538461538464 0.040865384615384616
0 0.5276442307692307 0.6021634615384616 0.13701923076923078 0.05048076923076923
0 0.6334134615384616 0.6177884615384616 0.05048076923076923 0.03365384615384615
0 0.6598557692307693 0.6237980769230769 0.04567307692307692 0.026442307692307692
0 0.9723557692307693 0.765625 0.055288461538461536 0.25240384615384615