0 0.9350961538461539 0.5336538461538461 0.125 0.2932692307692308
0 0.8629807692307693 0.7127403846153846 0.25 0.21875
0 0.7836538461538461 0.6610576923076923 0.16346153846153846 0.14903846153846154
0 0.7067307692307693 0.6358173076923077 0.08653846153846154 0.07932692307692307
0 0.7548076923076923 0.5793269230769231 0.12980769230769232 0.08173076923076923
0 0.53125 0.8100961538461539 0.6298076923076923 0.375
0 0.3233173076923077 0.6538461538461539 0.11298076923076923 0.0625
0 0.2608173076923077 0.6454326923076923 0.036057692307692304 0.040865384615384616
0 0.20552884615384615 0.6586538461538461 0.0985576923076923 0.09134615384615384
0 0.9771634615384616 0.7752403846153846 0.04567307692307692 0.2620192307692308
0 0.5264423076923077 0.6045673076923077 0.13942307692307693 0.05048076923076923
0 0.6237980769230769 0.6177884615384616 0.04567307692307692 0.028846153846153848
0 0.65625 0.6286057692307693 0.057692307692307696 0.03125