0 0.7956730769230769 0.5649038461538461 0.15865384615384615 0.08173076923076923
0 0.9399038461538461 0.53125 0.1201923076923077 0.28846153846153844
0 0.8617788461538461 0.7091346153846154 0.24759615384615385 0.21634615384615385
0 0.7824519230769231 0.6550480769230769 0.16105769230769232 0.14182692307692307
0 0.7079326923076923 0.6346153846153846 0.07451923076923077 0.08653846153846154
0 0.5324519230769231 0.8112980769230769 0.59375 0.37740384615384615
0 0.3737980769230769 0.6346153846153846 0.036057692307692304 0.03365384615384615
0 0.2824519230769231 0.6418269230769231 0.10817307692307693 0.04326923076923077
0 0.19591346153846154 0.6526442307692307 0.040865384615384616 0.040865384615384616
0 0.12860576923076922 0.6598557692307693 0.05048076923076923 0.05048076923076923
0 0.08052884615384616 0.6646634615384616 0.06490384615384616 0.07451923076923077
0 0.03245192307692308 0.6670673076923077 0.06490384615384616 0.05048076923076923
0 0.9723557692307693 0.7680288461538461 0.055288461538461536 0.25240384615384615
0 0.5252403846153846 0.6009615384615384 0.13701923076923078 0.04807692307692308
0 0.6334134615384616 0.6177884615384616 0.05048076923076923 0.03365384615384615
0 0.6610576923076923 0.6274038461538461 0.052884615384615384 0.03365384615384615