2 0.9326923076923077 0.625 0.02403846153846154 0.038461538461538464
2 0.9038461538461539 0.6310096153846154 0.02403846153846154 0.040865384615384616
2 0.8665865384615384 0.6286057692307693 0.016826923076923076 0.04567307692307692
0 0.9675480769230769 0.5564903846153846 0.06009615384615385 0.2091346153846154
0 0.953125 0.7644230769230769 0.09375 0.28846153846153844
0 0.7740384615384616 0.59375 0.17307692307692307 0.1778846153846154
0 0.7512019230769231 0.6959134615384616 0.18509615384615385 0.1658653846153846
0 0.6526442307692307 0.6574519230769231 0.0985576923076923 0.10336538461538461
0 0.6189903846153846 0.6009615384615384 0.055288461538461536 0.03365384615384615
0 0.6057692307692307 0.6442307692307693 0.057692307692307696 0.0625
0 0.4795673076923077 0.8137019230769231 0.4014423076923077 0.36778846153846156
0 0.33413461538461536 0.6502403846153846 0.04326923076923077 0.04567307692307692
0 0.2932692307692308 0.6514423076923077 0.04326923076923077 0.04326923076923077
0 0.26322115384615385 0.6490384615384616 0.026442307692307692 0.038461538461538464
0 0.234375 0.6586538461538461 0.055288461538461536 0.04807692307692308
0 0.19471153846153846 0.6610576923076923 0.038461538461538464 0.04807692307692308
0 0.1502403846153846 0.6694711538461539 0.07451923076923077 0.06971153846153846
0 0.10817307692307693 0.6682692307692307 0.038461538461538464 0.04807692307692308
0 0.021634615384615384 0.6742788461538461 0.04326923076923077 0.08413461538461539
0 0.4963942307692308 0.6153846153846154 0.07451923076923077 0.028846153846153848