0 0.90625 0.5372596153846154 0.1875 0.27163461538461536
0 0.8653846153846154 0.7115384615384616 0.25961538461538464 0.22115384615384615
0 0.7776442307692307 0.6466346153846154 0.16105769230769232 0.125
0 0.6911057692307693 0.6262019230769231 0.0889423076923077 0.06971153846153846
0 0.7019230769230769 0.5925480769230769 0.10096153846153846 0.06009615384615385
0 0.5348557692307693 0.8161057692307693 0.6706730769230769 0.36778846153846156
0 0.36778846153846156 0.6346153846153846 0.03365384615384615 0.028846153846153848
0 0.3329326923076923 0.6418269230769231 0.026442307692307692 0.03365384615384615
0 0.3088942307692308 0.6430288461538461 0.036057692307692304 0.04567307692307692
0 0.25721153846153844 0.6526442307692307 0.052884615384615384 0.06009615384615385
0 0.20432692307692307 0.6514423076923077 0.057692307692307696 0.057692307692307696
0 0.16947115384615385 0.6538461538461539 0.04567307692307692 0.04326923076923077
0 0.09254807692307693 0.6646634615384616 0.06009615384615385 0.06490384615384616
0 0.05048076923076923 0.6850961538461539 0.10096153846153846 0.09615384615384616
0 0.9819711538461539 0.7944711538461539 0.03125 0.21875
0 0.5192307692307693 0.6045673076923077 0.12980769230769232 0.05048076923076923
0 0.6370192307692307 0.6262019230769231 0.057692307692307696 0.021634615384615384
0 0.5997596153846154 0.6201923076923077 0.03125 0.02403846153846154
3 0.45463942307692307 0.5081249999999999 0.027043269230769232 0.049879807692307696
3 0.5237259615384615 0.49850961538461536 0.01701923076923077 0.046682692307692314
5 0.5507692307692308 0.49930288461538463 0.027043269230769232 0.03225961538461539
5 0.5796153846153846 0.4991105769230769 0.020625 0.03586538461538462