0 0.8293269230769231 0.5793269230769231 0.22115384615384615 0.21153846153846154
0 0.8112980769230769 0.6983173076923077 0.22355769230769232 0.18509615384615385
0 0.7091346153846154 0.6514423076923077 0.12980769230769232 0.10576923076923077
0 0.6418269230769231 0.6310096153846154 0.08173076923076923 0.055288461538461536
0 0.6430288461538461 0.6021634615384616 0.06971153846153846 0.06009615384615385
0 0.5060096153846154 0.8112980769230769 0.5697115384615384 0.37740384615384615
0 0.3545673076923077 0.6442307692307693 0.040865384615384616 0.04807692307692308
0 0.3245192307692308 0.6394230769230769 0.03365384615384615 0.038461538461538464
0 0.2920673076923077 0.6454326923076923 0.036057692307692304 0.040865384615384616
0 0.2512019230769231 0.6514423076923077 0.05048076923076923 0.052884615384615384
0 0.2127403846153846 0.6490384615384616 0.036057692307692304 0.038461538461538464
0 0.17307692307692307 0.6586538461538461 0.0625 0.07692307692307693
0 0.11177884615384616 0.6694711538461539 0.0985576923076923 0.0889423076923077
0 0.03485576923076923 0.6706730769230769 0.06971153846153846 0.07211538461538461
0 0.5060096153846154 0.609375 0.0889423076923077 0.036057692307692304
0 0.5697115384615384 0.6225961538461539 0.02403846153846154 0.019230769230769232
0 0.5973557692307693 0.6237980769230769 0.036057692307692304 0.016826923076923076
0 0.9771634615384616 0.7848557692307693 0.04567307692307692 0.2668269230769231