0 0.875 0.5709134615384616 0.25 0.24759615384615385
0 0.8389423076923077 0.7007211538461539 0.24519230769230768 0.19951923076923078
0 0.7427884615384616 0.6394230769230769 0.13942307692307693 0.09615384615384616
0 0.6610576923076923 0.6274038461538461 0.08653846153846154 0.04807692307692308
0 0.6610576923076923 0.5925480769230769 0.07692307692307693 0.05048076923076923
0 0.5252403846153846 0.8112980769230769 0.6322115384615384 0.37259615384615385
0 0.359375 0.6382211538461539 0.036057692307692304 0.036057692307692304
0 0.33533653846153844 0.640625 0.03125 0.040865384615384616
0 0.3137019230769231 0.6430288461538461 0.036057692307692304 0.040865384615384616
0 0.2800480769230769 0.6466346153846154 0.04567307692307692 0.052884615384615384
0 0.22115384615384615 0.6538461538461539 0.057692307692307696 0.0625
0 0.18509615384615385 0.6646634615384616 0.07692307692307693 0.06971153846153846
0 0.11298076923076923 0.6622596153846154 0.07211538461538461 0.06490384615384616
0 0.5120192307692307 0.6117788461538461 0.10576923076923077 0.040865384615384616
0 0.9819711538461539 0.7980769230769231 0.036057692307692304 0.2403846153846154
0 0.5805288461538461 0.6225961538461539 0.03125 0.02403846153846154
0 0.6129807692307693 0.6225961538461539 0.04807692307692308 0.02403846153846154