0 0.9302884615384616 0.5420673076923077 0.13942307692307693 0.18028846153846154
0 0.9014423076923077 0.7247596153846154 0.1971153846153846 0.3004807692307692
0 0.7079326923076923 0.5997596153846154 0.12259615384615384 0.1466346153846154
0 0.6838942307692307 0.6646634615384616 0.11298076923076923 0.11298076923076923
0 0.6033653846153846 0.6370192307692307 0.0673076923076923 0.0625
0 0.6033653846153846 0.5961538461538461 0.04807692307692308 0.028846153846153848
0 0.5276442307692307 0.7692307692307693 0.3004807692307692 0.30288461538461536
0 0.390625 0.6274038461538461 0.040865384615384616 0.03365384615384615
0 0.3605769230769231 0.6274038461538461 0.03365384615384615 0.03365384615384615
0 0.29086538461538464 0.6598557692307693 0.09134615384615384 0.06971153846153846
0 0.18870192307692307 0.6598557692307693 0.06971153846153846 0.06490384615384616
0 0.04447115384615385 0.6838942307692307 0.0889423076923077 0.0889423076923077
0 0.21754807692307693 0.6262019230769231 0.06971153846153846 0.06971153846153846
0 0.5096153846153846 0.6081730769230769 0.052884615384615384 0.028846153846153848
0 0.4651442307692308 0.6081730769230769 0.03125 0.03365384615384615