0 0.8665865384615384 0.6947115384615384 0.23317307692307693 0.1971153846153846
0 0.9038461538461539 0.5757211538461539 0.19230769230769232 0.28125
0 0.7572115384615384 0.5576923076923077 0.14423076923076922 0.11538461538461539
0 0.7331730769230769 0.6634615384615384 0.14903846153846154 0.14903846153846154
0 0.6634615384615384 0.6478365384615384 0.0625 0.10817307692307693
0 0.5144230769230769 0.7836538461538461 0.33653846153846156 0.33653846153846156
0 0.19471153846153846 0.6490384615384616 0.04326923076923077 0.04807692307692308
0 0.0625 0.6862980769230769 0.125 0.11778846153846154
0 0.6069711538461539 0.5985576923076923 0.04567307692307692 0.04326923076923077
0 0.5264423076923077 0.6009615384615384 0.12980769230769232 0.052884615384615384
0 0.4230769230769231 0.6370192307692307 0.04807692307692308 0.04326923076923077