0 0.9194711538461539 0.5528846153846154 0.16105769230769232 0.1971153846153846
0 0.9122596153846154 0.7295673076923077 0.17067307692307693 0.25240384615384615
0 0.7932692307692307 0.6899038461538461 0.1875 0.16346153846153846
0 0.7319711538461539 0.6550480769230769 0.12259615384615384 0.12740384615384615
0 0.6862980769230769 0.5817307692307693 0.0985576923076923 0.08653846153846154
0 0.6622596153846154 0.6586538461538461 0.08413461538461539 0.09134615384615384
0 0.6322115384615384 0.6478365384615384 0.07692307692307693 0.0889423076923077
0 0.5180288461538461 0.7259615384615384 0.21875 0.22115384615384615
0 0.42908653846153844 0.6442307692307693 0.03125 0.04326923076923077
0 0.40384615384615385 0.6502403846153846 0.052884615384615384 0.055288461538461536
0 0.2848557692307692 0.6478365384615384 0.036057692307692304 0.03125
0 0.6129807692307693 0.6009615384615384 0.04326923076923077 0.038461538461538464
0 0.5300480769230769 0.6069711538461539 0.10336538461538461 0.040865384615384616