0 0.9086538461538461 0.5769230769230769 0.18269230769230768 0.27403846153846156
0 0.9338942307692307 0.7379807692307693 0.12740384615384615 0.2548076923076923
0 0.7283653846153846 0.6646634615384616 0.13942307692307693 0.11778846153846154
0 0.6490384615384616 0.6358173076923077 0.07692307692307693 0.07932692307692307
0 0.6682692307692307 0.5841346153846154 0.08173076923076923 0.08653846153846154
0 0.609375 0.6298076923076923 0.03125 0.04326923076923077
0 0.5504807692307693 0.6370192307692307 0.10096153846153846 0.09615384615384616
0 0.5108173076923077 0.7283653846153846 0.21875 0.22596153846153846
0 0.4230769230769231 0.6394230769230769 0.052884615384615384 0.057692307692307696
0 0.22596153846153846 0.6538461538461539 0.07211538461538461 0.0625
0 0.07091346153846154 0.6610576923076923 0.0889423076923077 0.08173076923076923