0 0.9038461538461539 0.5793269230769231 0.1875 0.3125
0 0.765625 0.6887019230769231 0.17067307692307693 0.15144230769230768
0 0.6598557692307693 0.6538461538461539 0.07932692307692307 0.09134615384615384
0 0.5504807692307693 0.7680288461538461 0.28365384615384615 0.2860576923076923
0 0.44471153846153844 0.6466346153846154 0.04807692307692308 0.04807692307692308
0 0.3894230769230769 0.6298076923076923 0.038461538461538464 0.02403846153846154
0 0.5877403846153846 0.6105769230769231 0.036057692307692304 0.038461538461538464
0 0.5300480769230769 0.6177884615384616 0.09375 0.03365384615384615
0 0.4723557692307692 0.6165865384615384 0.026442307692307692 0.026442307692307692
4 0.3173076923076923 0.6310096153846154 0.004807692307692308 0.016826923076923076
4 0.3112980769230769 0.6322115384615384 0.007211538461538462 0.014423076923076924
4 0.29086538461538464 0.6322115384615384 0.004807692307692308 0.019230769230769232