0 0.9675480769230769 0.5637019230769231 0.06009615384615385 0.2956730769230769
0 0.7463942307692307 0.6802884615384616 0.15144230769230768 0.13942307692307693
0 0.6526442307692307 0.6442307692307693 0.07451923076923077 0.08173076923076923
0 0.5456730769230769 0.7548076923076923 0.2692307692307692 0.2692307692307692
0 0.45552884615384615 0.6346153846153846 0.040865384615384616 0.04326923076923077
0 0.27524038461538464 0.6298076923076923 0.036057692307692304 0.019230769230769232
0 0.5925480769230769 0.6021634615384616 0.036057692307692304 0.040865384615384616
0 0.4723557692307692 0.6105769230769231 0.021634615384615384 0.03365384615384615
0 0.5324519230769231 0.6129807692307693 0.08413461538461539 0.03365384615384615
4 0.15745192307692307 0.6382211538461539 0.01201923076923077 0.026442307692307692
4 0.30408653846153844 0.6225961538461539 0.007211538461538462 0.019230769230769232
4 0.31009615384615385 0.6225961538461539 0.004807692307692308 0.019230769230769232