0 0.6826923076923077 0.6610576923076923 0.11538461538461539 0.1201923076923077
0 0.6021634615384616 0.6177884615384616 0.06971153846153846 0.052884615384615384
0 0.5685096153846154 0.5865384615384616 0.04567307692307692 0.038461538461538464
0 0.5144230769230769 0.8064903846153846 0.4375 0.38221153846153844
0 0.40024038461538464 0.6237980769230769 0.04567307692307692 0.04567307692307692
0 0.34375 0.6129807692307693 0.04326923076923077 0.02403846153846154
0 0.2668269230769231 0.6298076923076923 0.0673076923076923 0.03365384615384615
0 0.2283653846153846 0.6153846153846154 0.0673076923076923 0.03365384615384615
4 0.18870192307692307 0.6201923076923077 0.01201923076923077 0.02403846153846154
4 0.17427884615384615 0.6201923076923077 0.007211538461538462 0.02403846153846154
0 0.49759615384615385 0.5997596153846154 0.13942307692307693 0.05048076923076923
4 0.021634615384615384 0.6286057692307693 0.004807692307692308 0.026442307692307692
4 0.003605769230769231 0.6274038461538461 0.007211538461538462 0.02403846153846154
0 0.038461538461538464 0.6274038461538461 0.028846153846153848 0.02403846153846154