0 0.6947115384615384 0.6598557692307693 0.125 0.12740384615384615
0 0.6057692307692307 0.6189903846153846 0.0673076923076923 0.05048076923076923
0 0.5661057692307693 0.5817307692307693 0.040865384615384616 0.03365384615384615
0 0.5300480769230769 0.8028846153846154 0.39663461538461536 0.3894230769230769
0 0.39903846153846156 0.6153846153846154 0.04807692307692308 0.04807692307692308
4 0.22716346153846154 0.6129807692307693 0.007211538461538462 0.02403846153846154
4 0.22235576923076922 0.6117788461538461 0.007211538461538462 0.026442307692307692
4 0.19471153846153846 0.6129807692307693 0.009615384615384616 0.02403846153846154
4 0.18389423076923078 0.6129807692307693 0.01201923076923077 0.028846153846153848
0 0.30528846153846156 0.6189903846153846 0.0673076923076923 0.03125
0 0.28365384615384615 0.6057692307692307 0.0625 0.03365384615384615
0 0.5012019230769231 0.5985576923076923 0.12740384615384615 0.057692307692307696
4 0.037259615384615384 0.6201923076923077 0.01201923076923077 0.03365384615384615
4 0.019230769230769232 0.6225961538461539 0.004807692307692308 0.03365384615384615