0 0.9350961538461539 0.5084134615384616 0.12980769230769232 0.24759615384615385
0 0.9074519230769231 0.7692307692307693 0.18028846153846154 0.3125
0 0.8161057692307693 0.6622596153846154 0.12259615384615384 0.11778846153846154
0 0.7379807692307693 0.6370192307692307 0.07211538461538461 0.08173076923076923
4 0.8233173076923077 0.6057692307692307 0.016826923076923076 0.019230769230769232
4 0.8052884615384616 0.6069711538461539 0.009615384615384616 0.016826923076923076
0 0.6574519230769231 0.65625 0.08413461538461539 0.09134615384615384
0 0.609375 0.5901442307692307 0.04567307692307692 0.04567307692307692
0 0.5036057692307693 0.8064903846153846 0.47836538461538464 0.37259615384615385
0 0.3389423076923077 0.6598557692307693 0.07211538461538461 0.07451923076923077
0 0.20673076923076922 0.7055288461538461 0.18269230769230768 0.15625
0 0.03245192307692308 0.6646634615384616 0.06490384615384616 0.06971153846153846
0 0.2932692307692308 0.6225961538461539 0.03365384615384615 0.02403846153846154
4 0.22956730769230768 0.6201923076923077 0.007211538461538462 0.019230769230769232
4 0.21995192307692307 0.6213942307692307 0.007211538461538462 0.021634615384615384
4 0.1814903846153846 0.6213942307692307 0.007211538461538462 0.021634615384615384
4 0.20072115384615385 0.6237980769230769 0.01201923076923077 0.026442307692307692
0 0.5 0.6033653846153846 0.16826923076923078 0.0625