0 0.9302884615384616 0.5889423076923077 0.13942307692307693 0.28846153846153844
0 0.7980769230769231 0.5637019230769231 0.1875 0.17548076923076922
0 0.9663461538461539 0.7584134615384616 0.0673076923076923 0.23317307692307693
0 0.8149038461538461 0.6887019230769231 0.19230769230769232 0.17548076923076922
0 0.6382211538461539 0.5817307692307693 0.055288461538461536 0.04807692307692308
0 0.5432692307692307 0.8112980769230769 0.7019230769230769 0.37740384615384615
4 0.1971153846153846 0.6201923076923077 0.009615384615384616 0.02403846153846154
4 0.20552884615384615 0.6177884615384616 0.01201923076923077 0.028846153846153848
4 0.23798076923076922 0.6177884615384616 0.009615384615384616 0.028846153846153848
4 0.24639423076923078 0.6201923076923077 0.01201923076923077 0.02403846153846154
0 0.38461538461538464 0.6286057692307693 0.0625 0.055288461538461536
2 0.25841346153846156 0.6201923076923077 0.021634615384615384 0.03365384615384615
0 0.5264423076923077 0.5949519230769231 0.23076923076923078 0.07451923076923077
0 0.6754807692307693 0.6165865384615384 0.08653846153846154 0.05048076923076923
0 0.6947115384615384 0.6286057692307693 0.08173076923076923 0.05048076923076923
0 0.7391826923076923 0.6322115384615384 0.07932692307692307 0.04807692307692308
0 0.34134615384615385 0.6165865384615384 0.02403846153846154 0.026442307692307692
0 0.31490384615384615 0.6177884615384616 0.028846153846153848 0.028846153846153848
4 0.31850961538461536 0.6262019230769231 0.01201923076923077 0.021634615384615384