0 0.8365384615384616 0.6814903846153846 0.14903846153846154 0.13221153846153846
0 0.7548076923076923 0.6430288461538461 0.08653846153846154 0.09375
0 0.6514423076923077 0.65625 0.07692307692307693 0.09134615384615384
0 0.6153846153846154 0.6237980769230769 0.0625 0.040865384615384616
0 0.5997596153846154 0.5961538461538461 0.05048076923076923 0.052884615384615384
0 0.4963942307692308 0.8100961538461539 0.4831730769230769 0.375
0 0.2932692307692308 0.6730769230769231 0.10096153846153846 0.09134615384615384
0 0.10096153846153846 0.7632211538461539 0.20192307692307693 0.25240384615384615
4 0.18269230769230768 0.6262019230769231 0.009615384615384616 0.021634615384615384
4 0.17548076923076922 0.6274038461538461 0.004807692307692308 0.028846153846153848
4 0.22235576923076922 0.6262019230769231 0.007211538461538462 0.026442307692307692
4 0.21394230769230768 0.625 0.004807692307692308 0.02403846153846154
4 0.19591346153846154 0.6274038461538461 0.007211538461538462 0.019230769230769232
0 0.3004807692307692 0.6225961538461539 0.02403846153846154 0.019230769230769232
0 0.4855769230769231 0.6117788461538461 0.17307692307692307 0.06971153846153846