0 0.953125 0.5973557692307693 0.09375 0.3004807692307692
0 0.8185096153846154 0.5709134615384616 0.2091346153846154 0.20432692307692307
0 0.8161057692307693 0.6838942307692307 0.19471153846153846 0.17067307692307693
0 0.6394230769230769 0.5829326923076923 0.04807692307692308 0.040865384615384616
0 0.5372596153846154 0.8100961538461539 0.7139423076923077 0.375
2 0.2644230769230769 0.6213942307692307 0.02403846153846154 0.036057692307692304
4 0.24759615384615385 0.6201923076923077 0.009615384615384616 0.02403846153846154
4 0.23798076923076922 0.6177884615384616 0.009615384615384616 0.02403846153846154
4 0.2091346153846154 0.625 0.009615384615384616 0.03365384615384615
4 0.1971153846153846 0.625 0.009615384615384616 0.03365384615384615
0 0.13221153846153846 0.6262019230769231 0.052884615384615384 0.03125
0 0.17427884615384615 0.6262019230769231 0.036057692307692304 0.026442307692307692
0 0.5252403846153846 0.5961538461538461 0.2283653846153846 0.08653846153846154
0 0.3605769230769231 0.6225961538461539 0.0673076923076923 0.038461538461538464
0 0.33052884615384615 0.6165865384615384 0.021634615384615384 0.026442307692307692
0 0.6742788461538461 0.6129807692307693 0.0889423076923077 0.04807692307692308
0 0.6947115384615384 0.625 0.07692307692307693 0.04326923076923077
0 0.7427884615384616 0.640625 0.09615384615384616 0.06490384615384616