0 0.8413461538461539 0.5721153846153846 0.23076923076923078 0.22115384615384615
0 0.8389423076923077 0.6887019230769231 0.20673076923076922 0.18028846153846154
0 0.640625 0.5865384615384616 0.05048076923076923 0.04807692307692308
0 0.5432692307692307 0.8112980769230769 0.7019230769230769 0.37740384615384615
0 0.31971153846153844 0.6598557692307693 0.10576923076923077 0.12259615384615384
2 0.15264423076923078 0.6298076923076923 0.026442307692307692 0.03365384615384615
2 0.21033653846153846 0.625 0.021634615384615384 0.03365384615384615
4 0.1971153846153846 0.6189903846153846 0.004807692307692308 0.026442307692307692
2 0.23918269230769232 0.6165865384615384 0.01201923076923077 0.026442307692307692
2 0.24879807692307693 0.6177884615384616 0.01201923076923077 0.02403846153846154
0 0.2764423076923077 0.6177884615384616 0.04807692307692308 0.03365384615384615
0 0.5264423076923077 0.6009615384615384 0.22596153846153846 0.08653846153846154