0 0.9399038461538461 0.7367788461538461 0.1201923076923077 0.31009615384615385
0 0.8173076923076923 0.6862980769230769 0.1875 0.1658653846153846
0 0.6382211538461539 0.5913461538461539 0.05048076923076923 0.0625
0 0.7740384615384616 0.5552884615384616 0.16346153846153846 0.1346153846153846
0 0.9038461538461539 0.5336538461538461 0.19230769230769232 0.19230769230769232
0 0.5408653846153846 0.8112980769230769 0.7019230769230769 0.37740384615384615
0 0.24879807692307693 0.6346153846153846 0.07932692307692307 0.04326923076923077
0 0.32091346153846156 0.6177884615384616 0.05048076923076923 0.028846153846153848
4 0.23798076923076922 0.6117788461538461 0.009615384615384616 0.016826923076923076
4 0.20552884615384615 0.6177884615384616 0.007211538461538462 0.02403846153846154
4 0.19831730769230768 0.6189903846153846 0.007211538461538462 0.026442307692307692
0 0.5252403846153846 0.5997596153846154 0.22355769230769232 0.07932692307692307
0 0.6682692307692307 0.6105769230769231 0.09134615384615384 0.04326923076923077
0 0.6875 0.6213942307692307 0.0673076923076923 0.036057692307692304
0 0.7331730769230769 0.6322115384615384 0.0673076923076923 0.057692307692307696
0 0.41225961538461536 0.6201923076923077 0.040865384615384616 0.04326923076923077
0 0.38461538461538464 0.6117788461538461 0.038461538461538464 0.03125
0 0.34975961538461536 0.6129807692307693 0.021634615384615384 0.019230769230769232
0 0.36778846153846156 0.6105769230769231 0.019230769230769232 0.02403846153846154