0 0.8798076923076923 0.5673076923076923 0.2403846153846154 0.20673076923076922
0 0.7704326923076923 0.5492788461538461 0.16105769230769232 0.12259615384615384
0 0.9399038461538461 0.7427884615384616 0.1201923076923077 0.30288461538461536
0 0.8185096153846154 0.6838942307692307 0.17548076923076922 0.1658653846153846
0 0.6382211538461539 0.5877403846153846 0.05048076923076923 0.05048076923076923
0 0.5408653846153846 0.8112980769230769 0.7019230769230769 0.37740384615384615
0 0.140625 0.6129807692307693 0.12259615384615384 0.057692307692307696
0 0.2247596153846154 0.640625 0.05048076923076923 0.04567307692307692
0 0.24879807692307693 0.6213942307692307 0.055288461538461536 0.026442307692307692
0 0.31971153846153844 0.6237980769230769 0.028846153846153848 0.040865384615384616
0 0.5252403846153846 0.5961538461538461 0.2283653846153846 0.07692307692307693
0 0.6634615384615384 0.6117788461538461 0.08173076923076923 0.040865384615384616
0 0.6911057692307693 0.625 0.06971153846153846 0.04807692307692308
0 0.7319711538461539 0.6358173076923077 0.06490384615384616 0.06009615384615385
0 0.37259615384615385 0.6141826923076923 0.02403846153846154 0.026442307692307692
0 0.38461538461538464 0.6117788461538461 0.009615384615384616 0.021634615384615384
4 0.29447115384615385 0.6105769230769231 0.007211538461538462 0.019230769230769232
4 0.2608173076923077 0.6105769230769231 0.007211538461538462 0.014423076923076924
4 0.23918269230769232 0.609375 0.002403846153846154 0.01201923076923077
4 0.20793269230769232 0.6117788461538461 0.007211538461538462 0.01201923076923077