0 0.8798076923076923 0.5673076923076923 0.2403846153846154 0.20673076923076922
0 0.7704326923076923 0.5492788461538461 0.16105769230769232 0.12259615384615384
0 0.9399038461538461 0.7427884615384616 0.1201923076923077 0.30288461538461536
0 0.8185096153846154 0.6838942307692307 0.17548076923076922 0.1658653846153846
0 0.6382211538461539 0.5877403846153846 0.05048076923076923 0.05048076923076923
0 0.5408653846153846 0.8112980769230769 0.7019230769230769 0.37740384615384615
0 0.042067307692307696 0.6694711538461539 0.08413461538461539 0.07451923076923077
0 0.2247596153846154 0.6490384615384616 0.05048076923076923 0.057692307692307696
0 0.15504807692307693 0.6237980769230769 0.06971153846153846 0.026442307692307692
4 0.1971153846153846 0.6201923076923077 0.004807692307692308 0.02403846153846154
4 0.20793269230769232 0.6201923076923077 0.007211538461538462 0.02403846153846154
0 0.29086538461538464 0.6069711538461539 0.12980769230769232 0.055288461538461536
0 0.3701923076923077 0.6225961538461539 0.03365384615384615 0.038461538461538464
0 0.5276442307692307 0.5961538461538461 0.2283653846153846 0.07692307692307693
0 0.6658653846153846 0.6129807692307693 0.08653846153846154 0.04326923076923077
0 0.6935096153846154 0.6274038461538461 0.06490384615384616 0.04807692307692308
0 0.734375 0.6346153846153846 0.06490384615384616 0.052884615384615384