0 0.9399038461538461 0.7355769230769231 0.11538461538461539 0.3125
0 0.8100961538461539 0.6742788461538461 0.18269230769230768 0.1658653846153846
0 0.7331730769230769 0.6394230769230769 0.07211538461538461 0.0673076923076923
0 0.6911057692307693 0.6201923076923077 0.06971153846153846 0.038461538461538464
0 0.8786057692307693 0.5637019230769231 0.23317307692307693 0.19471153846153846
0 0.5420673076923077 0.8112980769230769 0.6995192307692307 0.37740384615384615
0 0.5252403846153846 0.5961538461538461 0.21875 0.08173076923076923
0 0.375 0.6237980769230769 0.07692307692307693 0.05048076923076923
4 0.19471153846153846 0.6177884615384616 0.009615384615384616 0.02403846153846154
4 0.23798076923076922 0.6069711538461539 0.004807692307692308 0.007211538461538462
4 0.2439903846153846 0.609375 0.007211538461538462 0.01201923076923077
0 0.23918269230769232 0.6201923076923077 0.055288461538461536 0.02403846153846154
0 0.7680288461538461 0.5492788461538461 0.15625 0.12740384615384615
0 0.41466346153846156 0.6153846153846154 0.026442307692307692 0.03365384615384615