0 0.8798076923076923 0.5673076923076923 0.2403846153846154 0.20673076923076922
0 0.7704326923076923 0.5492788461538461 0.16105769230769232 0.12259615384615384
0 0.9399038461538461 0.7427884615384616 0.1201923076923077 0.30288461538461536
0 0.8185096153846154 0.6838942307692307 0.17548076923076922 0.1658653846153846
0 0.6382211538461539 0.5877403846153846 0.05048076923076923 0.05048076923076923
0 0.5408653846153846 0.8112980769230769 0.7019230769230769 0.37740384615384615
0 0.3762019230769231 0.6274038461538461 0.07451923076923077 0.057692307692307696
0 0.265625 0.625 0.03125 0.03365384615384615
0 0.23557692307692307 0.6177884615384616 0.038461538461538464 0.028846153846153848
4 0.25961538461538464 0.609375 0.004807692307692308 0.016826923076923076
0 0.20793269230769232 0.6201923076923077 0.040865384615384616 0.028846153846153848
0 0.1622596153846154 0.625 0.04567307692307692 0.028846153846153848
2 0.13822115384615385 0.6213942307692307 0.01201923076923077 0.03125
0 0.3245192307692308 0.6129807692307693 0.04326923076923077 0.028846153846153848
0 0.5276442307692307 0.5997596153846154 0.22355769230769232 0.08413461538461539
0 0.6622596153846154 0.6081730769230769 0.08413461538461539 0.038461538461538464
0 0.6947115384615384 0.6237980769230769 0.07692307692307693 0.040865384615384616
0 0.734375 0.6370192307692307 0.06971153846153846 0.057692307692307696