0 0.8798076923076923 0.5673076923076923 0.2403846153846154 0.20673076923076922
0 0.7704326923076923 0.5492788461538461 0.16105769230769232 0.12259615384615384
0 0.9399038461538461 0.7427884615384616 0.1201923076923077 0.30288461538461536
0 0.8185096153846154 0.6838942307692307 0.17548076923076922 0.1658653846153846
0 0.6382211538461539 0.5877403846153846 0.05048076923076923 0.05048076923076923
0 0.5408653846153846 0.8112980769230769 0.7019230769230769 0.37740384615384615
0 0.39663461538461536 0.6225961538461539 0.057692307692307696 0.04326923076923077
0 0.2920673076923077 0.6165865384615384 0.040865384615384616 0.026442307692307692
0 0.31850961538461536 0.6153846153846154 0.04567307692307692 0.03365384615384615
0 0.2283653846153846 0.6358173076923077 0.038461538461538464 0.040865384615384616
4 0.25721153846153844 0.6189903846153846 0.009615384615384616 0.03125
0 0.1622596153846154 0.6225961538461539 0.05048076923076923 0.02403846153846154
2 0.19591346153846154 0.6189903846153846 0.01201923076923077 0.026442307692307692
2 0.20552884615384615 0.6165865384615384 0.007211538461538462 0.026442307692307692
0 0.5252403846153846 0.5973557692307693 0.21875 0.0889423076923077
0 0.6634615384615384 0.6105769230769231 0.07692307692307693 0.04326923076923077
0 0.6983173076923077 0.6225961538461539 0.07932692307692307 0.04326923076923077
0 0.7331730769230769 0.6298076923076923 0.0673076923076923 0.04807692307692308