0 0.9387019230769231 0.7367788461538461 0.11778846153846154 0.30528846153846156
0 0.8088942307692307 0.6754807692307693 0.18028846153846154 0.16346153846153846
0 0.7319711538461539 0.640625 0.06971153846153846 0.06490384615384616
0 0.6935096153846154 0.6213942307692307 0.06009615384615385 0.036057692307692304
0 0.8798076923076923 0.5637019230769231 0.23557692307692307 0.19951923076923078
0 0.5252403846153846 0.6009615384615384 0.21875 0.09134615384615384
0 0.5396634615384616 0.8076923076923077 0.7043269230769231 0.3798076923076923
0 0.390625 0.6225961538461539 0.055288461538461536 0.04807692307692308
0 0.33653846153846156 0.6129807692307693 0.02403846153846154 0.019230769230769232
0 0.28365384615384615 0.6141826923076923 0.052884615384615384 0.026442307692307692
4 0.1971153846153846 0.6189903846153846 0.004807692307692308 0.021634615384615384
4 0.203125 0.6189903846153846 0.007211538461538462 0.03125
4 0.23677884615384615 0.6177884615384616 0.01201923076923077 0.028846153846153848
4 0.24759615384615385 0.6165865384615384 0.009615384615384616 0.036057692307692304
0 0.16947115384615385 0.6225961538461539 0.055288461538461536 0.028846153846153848
0 0.7680288461538461 0.5480769230769231 0.15144230769230768 0.125