0 0.9387019230769231 0.7331730769230769 0.11778846153846154 0.30288461538461536
0 0.8161057692307693 0.6742788461538461 0.17548076923076922 0.15144230769230768
0 0.734375 0.6382211538461539 0.06971153846153846 0.06971153846153846
0 0.6887019230769231 0.625 0.06009615384615385 0.04326923076923077
0 0.8822115384615384 0.5649038461538461 0.23557692307692307 0.1971153846153846
0 0.5408653846153846 0.8112980769230769 0.7067307692307693 0.37740384615384615
0 0.5252403846153846 0.6081730769230769 0.21875 0.09134615384615384
0 0.390625 0.6225961538461539 0.055288461538461536 0.04807692307692308
0 0.33774038461538464 0.6105769230769231 0.021634615384615384 0.02403846153846154
4 0.19591346153846154 0.6177884615384616 0.007211538461538462 0.028846153846153848
4 0.23798076923076922 0.6081730769230769 0.004807692307692308 0.009615384615384616
4 0.24639423076923078 0.609375 0.01201923076923077 0.016826923076923076
4 0.25600961538461536 0.6069711538461539 0.01201923076923077 0.016826923076923076
0 0.21754807692307693 0.6177884615384616 0.040865384615384616 0.02403846153846154
0 0.25 0.6225961538461539 0.052884615384615384 0.019230769230769232
0 0.7668269230769231 0.546875 0.15865384615384615 0.12740384615384615