0 0.9411057692307693 0.7367788461538461 0.11778846153846154 0.30528846153846156
0 0.8185096153846154 0.6694711538461539 0.17067307692307693 0.15144230769230768
0 0.7331730769230769 0.6430288461538461 0.0673076923076923 0.06490384615384616
0 0.6923076923076923 0.6225961538461539 0.0625 0.04326923076923077
0 0.8810096153846154 0.5637019230769231 0.23798076923076922 0.19951923076923078
0 0.5252403846153846 0.6033653846153846 0.21875 0.09615384615384616
0 0.5420673076923077 0.8112980769230769 0.6995192307692307 0.37740384615384615
0 0.38822115384615385 0.6225961538461539 0.055288461538461536 0.04326923076923077
0 0.32091346153846156 0.6189903846153846 0.05048076923076923 0.026442307692307692
4 0.19471153846153846 0.6177884615384616 0.009615384615384616 0.028846153846153848
4 0.203125 0.6201923076923077 0.007211538461538462 0.03365384615384615
4 0.23677884615384615 0.6177884615384616 0.01201923076923077 0.028846153846153848
4 0.24759615384615385 0.6189903846153846 0.009615384615384616 0.026442307692307692
4 0.2608173076923077 0.6177884615384616 0.016826923076923076 0.03365384615384615
0 0.28846153846153844 0.6177884615384616 0.052884615384615384 0.028846153846153848
0 0.11177884615384616 0.6274038461538461 0.040865384615384616 0.028846153846153848
0 0.7668269230769231 0.546875 0.15865384615384615 0.12259615384615384