0 0.9411057692307693 0.7391826923076923 0.11778846153846154 0.30528846153846156
0 0.8810096153846154 0.5612980769230769 0.23798076923076922 0.19471153846153846
0 0.8064903846153846 0.6682692307692307 0.18990384615384615 0.15384615384615385
0 0.7307692307692307 0.6274038461538461 0.0625 0.04326923076923077
0 0.6935096153846154 0.6225961538461539 0.06971153846153846 0.038461538461538464
0 0.5432692307692307 0.8112980769230769 0.7019230769230769 0.37740384615384615
0 0.5276442307692307 0.5961538461538461 0.21875 0.08653846153846154
0 0.390625 0.6225961538461539 0.06490384615384616 0.04807692307692308
0 0.3329326923076923 0.6129807692307693 0.04567307692307692 0.028846153846153848
0 0.2548076923076923 0.6225961538461539 0.057692307692307696 0.02403846153846154
0 0.1971153846153846 0.6177884615384616 0.04807692307692308 0.028846153846153848
4 0.23918269230769232 0.6081730769230769 0.007211538461538462 0.014423076923076924
4 0.24879807692307693 0.6081730769230769 0.007211538461538462 0.014423076923076924
4 0.25721153846153844 0.609375 0.009615384615384616 0.016826923076923076
0 0.7668269230769231 0.5444711538461539 0.15384615384615385 0.12259615384615384