0 0.9387019230769231 0.7367788461538461 0.11778846153846154 0.30528846153846156
0 0.8088942307692307 0.6742788461538461 0.18028846153846154 0.15144230769230768
0 0.7319711538461539 0.6382211538461539 0.06971153846153846 0.06009615384615385
0 0.6911057692307693 0.6237980769230769 0.06490384615384616 0.04567307692307692
0 0.5252403846153846 0.6069711538461539 0.22355769230769232 0.09375
0 0.5444711538461539 0.8088942307692307 0.7043269230769231 0.37740384615384615
0 0.38822115384615385 0.6274038461538461 0.06009615384615385 0.052884615384615384
0 0.33774038461538464 0.6129807692307693 0.021634615384615384 0.019230769230769232
4 0.25961538461538464 0.6129807692307693 0.009615384615384616 0.019230769230769232
4 0.23798076923076922 0.6069711538461539 0.009615384615384616 0.016826923076923076
4 0.24519230769230768 0.6129807692307693 0.009615384615384616 0.019230769230769232
4 0.19591346153846154 0.6177884615384616 0.007211538461538462 0.028846153846153848
4 0.20552884615384615 0.6117788461538461 0.007211538461538462 0.016826923076923076
0 0.23197115384615385 0.6201923076923077 0.06009615384615385 0.02403846153846154
0 0.7644230769230769 0.5444711538461539 0.14903846153846154 0.12259615384615384
0 0.8810096153846154 0.5612980769230769 0.23317307692307693 0.19951923076923078