0 0.7668269230769231 0.5492788461538461 0.15865384615384615 0.13221153846153846
0 0.8786057692307693 0.5637019230769231 0.23317307692307693 0.19951923076923078
0 0.9411057692307693 0.7367788461538461 0.11778846153846154 0.31009615384615385
0 0.8125 0.6706730769230769 0.18269230769230768 0.15384615384615385
0 0.7271634615384616 0.6382211538461539 0.06490384615384616 0.06009615384615385
0 0.6899038461538461 0.6262019230769231 0.057692307692307696 0.05048076923076923
0 0.5264423076923077 0.6033653846153846 0.22596153846153846 0.09615384615384616
0 0.5432692307692307 0.8088942307692307 0.7067307692307693 0.37740384615384615
0 0.3894230769230769 0.6237980769230769 0.057692307692307696 0.05048076923076923
0 0.33653846153846156 0.6129807692307693 0.02403846153846154 0.02403846153846154
4 0.1971153846153846 0.6177884615384616 0.009615384615384616 0.028846153846153848
4 0.20552884615384615 0.6165865384615384 0.01201923076923077 0.026442307692307692
4 0.25841346153846156 0.6141826923076923 0.01201923076923077 0.03125
4 0.23677884615384615 0.6045673076923077 0.007211538461538462 0.01201923076923077
4 0.24519230769230768 0.6069711538461539 0.004807692307692308 0.01201923076923077
0 0.22956730769230768 0.6213942307692307 0.04567307692307692 0.021634615384615384