0 0.765625 0.5444711538461539 0.15625 0.11778846153846154
0 0.8810096153846154 0.5612980769230769 0.23798076923076922 0.19951923076923078
0 0.9411057692307693 0.7367788461538461 0.11778846153846154 0.30528846153846156
0 0.8125 0.6730769230769231 0.18269230769230768 0.14903846153846154
0 0.7331730769230769 0.6382211538461539 0.0673076923076923 0.06490384615384616
0 0.6838942307692307 0.6237980769230769 0.04567307692307692 0.040865384615384616
0 0.5252403846153846 0.6009615384615384 0.22355769230769232 0.09134615384615384
0 0.5432692307692307 0.8088942307692307 0.7067307692307693 0.37740384615384615
0 0.3894230769230769 0.625 0.057692307692307696 0.052884615384615384
0 0.3425480769230769 0.6129807692307693 0.055288461538461536 0.028846153846153848
4 0.19591346153846154 0.6177884615384616 0.01201923076923077 0.02403846153846154
4 0.20432692307692307 0.6177884615384616 0.009615384615384616 0.028846153846153848
4 0.23677884615384615 0.6177884615384616 0.01201923076923077 0.02403846153846154
4 0.24639423076923078 0.6177884615384616 0.007211538461538462 0.028846153846153848
4 0.25961538461538464 0.6153846153846154 0.014423076923076924 0.02403846153846154