0 0.5444711538461539 0.8100961538461539 0.6947115384615384 0.375
0 0.3894230769230769 0.6201923076923077 0.057692307692307696 0.04326923076923077
0 0.5276442307692307 0.5949519230769231 0.21875 0.07451923076923077
0 0.8149038461538461 0.6706730769230769 0.17307692307692307 0.13942307692307693
0 0.9387019230769231 0.7367788461538461 0.11778846153846154 0.31009615384615385
0 0.8810096153846154 0.5576923076923077 0.23798076923076922 0.1875
0 0.7716346153846154 0.5444711538461539 0.14903846153846154 0.11298076923076923
0 0.17067307692307693 0.6201923076923077 0.057692307692307696 0.028846153846153848
4 0.24519230769230768 0.6165865384615384 0.009615384615384616 0.026442307692307692
4 0.23918269230769232 0.6165865384615384 0.007211538461538462 0.021634615384615384
4 0.22235576923076922 0.6189903846153846 0.007211538461538462 0.021634615384615384
4 0.2091346153846154 0.6177884615384616 0.009615384615384616 0.02403846153846154
0 0.12740384615384615 0.625 0.04807692307692308 0.02403846153846154
0 0.328125 0.6141826923076923 0.021634615384615384 0.021634615384615384
0 0.3425480769230769 0.6117788461538461 0.016826923076923076 0.016826923076923076
0 0.359375 0.6153846153846154 0.01201923076923077 0.019230769230769232
0 0.6370192307692307 0.5901442307692307 0.052884615384615384 0.06009615384615385
0 0.6622596153846154 0.6069711538461539 0.06971153846153846 0.036057692307692304
0 0.6887019230769231 0.6274038461538461 0.06009615384615385 0.04807692307692308
0 0.734375 0.6322115384615384 0.06971153846153846 0.057692307692307696