0 0.7668269230769231 0.5432692307692307 0.15384615384615385 0.11538461538461539
0 0.8822115384615384 0.5625 0.23557692307692307 0.1971153846153846
0 0.9387019230769231 0.7379807692307693 0.11778846153846154 0.3125
0 0.8112980769230769 0.6730769230769231 0.18509615384615385 0.14903846153846154
0 0.7307692307692307 0.6358173076923077 0.0673076923076923 0.055288461538461536
0 0.6935096153846154 0.6237980769230769 0.06971153846153846 0.04567307692307692
0 0.5252403846153846 0.6021634615384616 0.22355769230769232 0.0985576923076923
0 0.5432692307692307 0.8088942307692307 0.7019230769230769 0.37740384615384615
0 0.3894230769230769 0.625 0.057692307692307696 0.052884615384615384
0 0.31971153846153844 0.6153846153846154 0.057692307692307696 0.03365384615384615
4 0.19591346153846154 0.6177884615384616 0.01201923076923077 0.028846153846153848
4 0.2091346153846154 0.6165865384615384 0.009615384615384616 0.026442307692307692
4 0.23317307692307693 0.6153846153846154 0.009615384615384616 0.028846153846153848
4 0.2439903846153846 0.6177884615384616 0.007211538461538462 0.028846153846153848
4 0.25721153846153844 0.6189903846153846 0.009615384615384616 0.03125
0 0.15144230769230768 0.6225961538461539 0.052884615384615384 0.028846153846153848