4 0.125 0.6382211538461539 0.009615384615384616 0.03125
4 0.15985576923076922 0.6213942307692307 0.007211538461538462 0.026442307692307692
4 0.2127403846153846 0.6141826923076923 0.007211538461538462 0.016826923076923076
0 0.09975961538461539 0.6310096153846154 0.01201923076923077 0.021634615384615384
0 0.06850961538461539 0.6598557692307693 0.07451923076923077 0.06490384615384616
0 0.22355769230769232 0.6454326923076923 0.052884615384615384 0.055288461538461536
0 0.1935096153846154 0.6394230769230769 0.026442307692307692 0.04326923076923077
0 0.2512019230769231 0.6274038461538461 0.03125 0.03365384615384615
0 0.3137019230769231 0.6177884615384616 0.026442307692307692 0.028846153846153848
0 0.3473557692307692 0.6201923076923077 0.036057692307692304 0.03365384615384615
0 0.3942307692307692 0.6213942307692307 0.052884615384615384 0.04567307692307692
0 0.5252403846153846 0.5961538461538461 0.21875 0.08173076923076923
0 0.5420673076923077 0.8112980769230769 0.7043269230769231 0.37259615384615385
0 0.8173076923076923 0.6730769230769231 0.17307692307692307 0.14423076923076922
0 0.9411057692307693 0.7367788461538461 0.11778846153846154 0.31009615384615385
0 0.8786057692307693 0.5637019230769231 0.23798076923076922 0.19951923076923078
0 0.7620192307692307 0.5516826923076923 0.15384615384615385 0.11778846153846154
0 0.6298076923076923 0.5865384615384616 0.052884615384615384 0.057692307692307696
0 0.6634615384615384 0.6081730769230769 0.0673076923076923 0.038461538461538464
0 0.6911057692307693 0.6225961538461539 0.06490384615384616 0.04326923076923077
0 0.7331730769230769 0.6358173076923077 0.0625 0.055288461538461536