4 0.21514423076923078 0.6213942307692307 0.01201923076923077 0.03125
4 0.19831730769230768 0.6213942307692307 0.007211538461538462 0.026442307692307692
4 0.18509615384615385 0.6225961538461539 0.009615384615384616 0.02403846153846154
0 0.29086538461538464 0.6189903846153846 0.03365384615384615 0.026442307692307692
0 0.32211538461538464 0.6129807692307693 0.019230769230769232 0.02403846153846154
0 0.3425480769230769 0.6117788461538461 0.021634615384615384 0.021634615384615384
0 0.359375 0.6129807692307693 0.016826923076923076 0.02403846153846154
0 0.3918269230769231 0.6237980769230769 0.057692307692307696 0.05048076923076923
0 0.9387019230769231 0.734375 0.11778846153846154 0.30528846153846156
0 0.5420673076923077 0.8112980769230769 0.6995192307692307 0.37740384615384615
0 0.8052884615384616 0.6694711538461539 0.1875 0.16105769230769232
0 0.8786057692307693 0.5637019230769231 0.23317307692307693 0.19951923076923078
0 0.7644230769230769 0.5492788461538461 0.15865384615384615 0.12259615384615384
0 0.5276442307692307 0.5949519230769231 0.21875 0.07451923076923077
0 0.6370192307692307 0.5877403846153846 0.052884615384615384 0.055288461538461536
0 0.6658653846153846 0.6081730769230769 0.0625 0.038461538461538464
0 0.6935096153846154 0.6237980769230769 0.06490384615384616 0.036057692307692304
0 0.7319711538461539 0.6358173076923077 0.06490384615384616 0.055288461538461536