0 0.3918269230769231 0.6225961538461539 0.057692307692307696 0.04326923076923077
0 0.5276442307692307 0.5925480769230769 0.21875 0.07451923076923077
0 0.9387019230769231 0.7367788461538461 0.11778846153846154 0.30528846153846156
0 0.5408653846153846 0.8112980769230769 0.6923076923076923 0.37259615384615385
0 0.8798076923076923 0.5612980769230769 0.23557692307692307 0.19951923076923078
0 0.7680288461538461 0.546875 0.15144230769230768 0.12259615384615384
4 0.2247596153846154 0.6177884615384616 0.007211538461538462 0.028846153846153848
4 0.21033653846153846 0.6141826923076923 0.007211538461538462 0.026442307692307692
4 0.20552884615384615 0.6177884615384616 0.007211538461538462 0.028846153846153848
4 0.1875 0.6201923076923077 0.009615384615384616 0.02403846153846154
0 0.30408653846153844 0.6165865384615384 0.026442307692307692 0.026442307692307692
0 0.3293269230769231 0.6153846153846154 0.019230769230769232 0.02403846153846154
0 0.3485576923076923 0.6141826923076923 0.014423076923076924 0.026442307692307692
0 0.6370192307692307 0.5889423076923077 0.052884615384615384 0.0625
0 0.6634615384615384 0.6129807692307693 0.07211538461538461 0.038461538461538464
0 0.6875 0.6201923076923077 0.0625 0.038461538461538464
0 0.8137019230769231 0.6790865384615384 0.18028846153846154 0.17548076923076922
0 0.7307692307692307 0.6346153846153846 0.0673076923076923 0.052884615384615384