4 0.12860576923076922 0.6274038461538461 0.007211538461538462 0.02403846153846154
4 0.2127403846153846 0.6141826923076923 0.007211538461538462 0.026442307692307692
0 0.16466346153846154 0.6129807692307693 0.01201923076923077 0.019230769230769232
0 0.15865384615384615 0.6466346153846154 0.057692307692307696 0.04807692307692308
0 0.24278846153846154 0.6334134615384616 0.038461538461538464 0.040865384615384616
0 0.2824519230769231 0.6358173076923077 0.040865384615384616 0.04567307692307692
0 0.328125 0.6153846153846154 0.03125 0.02403846153846154
0 0.3581730769230769 0.6129807692307693 0.02403846153846154 0.02403846153846154
0 0.3918269230769231 0.6177884615384616 0.052884615384615384 0.04326923076923077
0 0.5252403846153846 0.5949519230769231 0.21875 0.07451923076923077
0 0.5408653846153846 0.8125 0.7019230769230769 0.3701923076923077
0 0.8197115384615384 0.6778846153846154 0.17307692307692307 0.15384615384615385
0 0.9411057692307693 0.734375 0.11778846153846154 0.30528846153846156
0 0.7620192307692307 0.5504807692307693 0.15384615384615385 0.11538461538461539
0 0.8786057692307693 0.5661057692307693 0.23798076923076922 0.19951923076923078
0 0.6334134615384616 0.5913461538461539 0.05048076923076923 0.0625
0 0.6658653846153846 0.609375 0.0673076923076923 0.040865384615384616
0 0.6887019230769231 0.6237980769230769 0.06490384615384616 0.04567307692307692
0 0.7271634615384616 0.6346153846153846 0.06971153846153846 0.052884615384615384