4 0.17307692307692307 0.6274038461538461 0.004807692307692308 0.03365384615384615
4 0.18389423076923078 0.625 0.007211538461538462 0.028846153846153848
4 0.1935096153846154 0.6274038461538461 0.007211538461538462 0.028846153846153848
4 0.21394230769230768 0.6177884615384616 0.009615384615384616 0.028846153846153848
0 0.25 0.6274038461538461 0.038461538461538464 0.03365384615384615
0 0.3016826923076923 0.6201923076923077 0.03125 0.038461538461538464
0 0.3473557692307692 0.6129807692307693 0.03125 0.028846153846153848
0 0.3894230769230769 0.6225961538461539 0.057692307692307696 0.04807692307692308
0 0.5252403846153846 0.5961538461538461 0.2091346153846154 0.07692307692307693
0 0.5420673076923077 0.8100961538461539 0.6947115384615384 0.375
0 0.9411057692307693 0.7379807692307693 0.11778846153846154 0.3125
0 0.8125 0.6694711538461539 0.16826923076923078 0.16105769230769232
0 0.8798076923076923 0.5625 0.2403846153846154 0.1971153846153846
0 0.7644230769230769 0.5480769230769231 0.14903846153846154 0.1201923076923077
0 0.6346153846153846 0.5901442307692307 0.057692307692307696 0.055288461538461536
0 0.6658653846153846 0.6081730769230769 0.0673076923076923 0.038461538461538464
0 0.6923076923076923 0.6225961538461539 0.057692307692307696 0.038461538461538464
0 0.7331730769230769 0.6334134615384616 0.057692307692307696 0.06009615384615385