4 0.1310096153846154 0.6237980769230769 0.007211538461538462 0.021634615384615384
4 0.2127403846153846 0.6189903846153846 0.007211538461538462 0.021634615384615384
0 0.03125 0.6526442307692307 0.0625 0.06490384615384616
0 0.07451923076923077 0.6814903846153846 0.1346153846153846 0.10336538461538461
0 0.2512019230769231 0.6274038461538461 0.036057692307692304 0.038461538461538464
0 0.2800480769230769 0.6225961538461539 0.036057692307692304 0.028846153846153848
0 0.4110576923076923 0.6177884615384616 0.038461538461538464 0.038461538461538464
0 0.31490384615384615 0.6177884615384616 0.02403846153846154 0.028846153846153848
0 0.33533653846153844 0.6153846153846154 0.026442307692307692 0.028846153846153848
0 0.36177884615384615 0.6129807692307693 0.021634615384615384 0.019230769230769232
0 0.38822115384615385 0.6069711538461539 0.016826923076923076 0.016826923076923076
0 0.5432692307692307 0.8100961538461539 0.6971153846153846 0.375
0 0.5252403846153846 0.5949519230769231 0.21875 0.07451923076923077
0 0.9411057692307693 0.7367788461538461 0.11778846153846154 0.31009615384615385
0 0.8161057692307693 0.6742788461538461 0.17067307692307693 0.15144230769230768
0 0.8365384615384616 0.5733173076923077 0.21634615384615385 0.17067307692307693
0 0.71875 0.5600961538461539 0.125 0.10096153846153846
0 0.6538461538461539 0.609375 0.0673076923076923 0.040865384615384616
0 0.6838942307692307 0.6201923076923077 0.06490384615384616 0.038461538461538464
0 0.7331730769230769 0.6334134615384616 0.0673076923076923 0.055288461538461536