0 0.8100961538461539 0.5697115384615384 0.1971153846153846 0.14903846153846154
0 0.7043269230769231 0.5625 0.11538461538461539 0.09615384615384616
0 0.8088942307692307 0.6754807692307693 0.16105769230769232 0.14903846153846154
0 0.9350961538461539 0.734375 0.125 0.31490384615384615
0 0.5420673076923077 0.8112980769230769 0.6947115384615384 0.37740384615384615
4 0.12139423076923077 0.6225961538461539 0.01201923076923077 0.028846153846153848
4 0.2127403846153846 0.6105769230769231 0.002403846153846154 0.014423076923076924
0 0.2127403846153846 0.6346153846153846 0.026442307692307692 0.03365384615384615
0 0.23918269230769232 0.6322115384615384 0.036057692307692304 0.038461538461538464
0 0.27524038461538464 0.6274038461538461 0.03125 0.03365384615384615
0 0.2980769230769231 0.6189903846153846 0.03365384615384615 0.03125
0 0.3269230769230769 0.6177884615384616 0.02403846153846154 0.028846153846153848
0 0.3473557692307692 0.6177884615384616 0.03125 0.03365384615384615
0 0.38221153846153844 0.6105769230769231 0.02403846153846154 0.02403846153846154
0 0.4170673076923077 0.6177884615384616 0.036057692307692304 0.038461538461538464
0 0.5228365384615384 0.5985576923076923 0.20432692307692307 0.07211538461538461
0 0.6069711538461539 0.5805288461538461 0.021634615384615384 0.03125
0 0.6502403846153846 0.609375 0.06009615384615385 0.036057692307692304
0 0.6778846153846154 0.6177884615384616 0.07211538461538461 0.028846153846153848
0 0.7307692307692307 0.6358173076923077 0.07211538461538461 0.06490384615384616