0 0.1310096153846154 0.6682692307692307 0.0889423076923077 0.08173076923076923
0 0.18870192307692307 0.6502403846153846 0.04567307692307692 0.055288461538461536
0 0.7548076923076923 0.5721153846153846 0.13942307692307693 0.09134615384615384
0 0.6814903846153846 0.5697115384615384 0.0985576923076923 0.08173076923076923
0 0.9302884615384616 0.7283653846153846 0.13942307692307693 0.27884615384615385
0 0.8100961538461539 0.6814903846153846 0.16346153846153846 0.15144230769230768
0 0.7079326923076923 0.6610576923076923 0.09375 0.10096153846153846
0 0.5396634615384616 0.8052884615384616 0.36778846153846156 0.3701923076923077
0 0.2932692307692308 0.6442307692307693 0.057692307692307696 0.04807692307692308
0 0.328125 0.6274038461538461 0.03125 0.03365384615384615
5 0.226875 0.52875 0.024278846153846154 0.031057692307692307
5 0.20584134615384614 0.5307451923076922 0.018269230769230767 0.027067307692307693
5 0.17841346153846155 0.5309615384615385 0.015480769230769232 0.02346153846153846