0 0.53125 0.8112980769230769 0.6201923076923077 0.37740384615384615
0 0.9350961538461539 0.7319711538461539 0.12980769230769232 0.31009615384615385
0 0.8052884615384616 0.6742788461538461 0.17307692307692307 0.14182692307692307
0 0.7860576923076923 0.5625 0.1778846153846154 0.11538461538461539
0 0.6911057692307693 0.5649038461538461 0.10817307692307693 0.09134615384615384
0 0.5180288461538461 0.5961538461538461 0.18509615384615385 0.0673076923076923
4 0.11538461538461539 0.625 0.009615384615384616 0.028846153846153848
0 0.16706730769230768 0.6538461538461539 0.06971153846153846 0.0625
0 0.20793269230769232 0.6334134615384616 0.026442307692307692 0.03125
0 0.24639423076923078 0.6310096153846154 0.040865384615384616 0.05048076923076923
0 0.31009615384615385 0.6201923076923077 0.02403846153846154 0.03365384615384615
0 0.3449519230769231 0.6129807692307693 0.03125 0.02403846153846154
0 0.37259615384615385 0.6129807692307693 0.02403846153846154 0.02403846153846154
0 0.4182692307692308 0.6177884615384616 0.038461538461538464 0.038461538461538464
0 0.5985576923076923 0.5793269230769231 0.02403846153846154 0.03365384615384615
0 0.6418269230769231 0.6081730769230769 0.0625 0.03365384615384615
0 0.6730769230769231 0.6153846153846154 0.0625 0.028846153846153848
0 0.7235576923076923 0.6418269230769231 0.07211538461538461 0.07211538461538461