0 0.11298076923076923 0.6502403846153846 0.0673076923076923 0.06009615384615385
0 0.20552884615384615 0.6358173076923077 0.040865384615384616 0.04567307692307692
0 0.28365384615384615 0.6298076923076923 0.038461538461538464 0.052884615384615384
0 0.3233173076923077 0.625 0.03125 0.038461538461538464
0 0.6514423076923077 0.5745192307692307 0.10096153846153846 0.07211538461538461
0 0.8966346153846154 0.5444711538461539 0.20192307692307693 0.17067307692307693
0 0.8882211538461539 0.6935096153846154 0.21875 0.24759615384615385
0 0.6947115384615384 0.6514423076923077 0.10096153846153846 0.11057692307692307
0 0.5709134615384616 0.8112980769230769 0.5120192307692307 0.37740384615384615
4 0.765625 0.5997596153846154 0.01201923076923077 0.026442307692307692
4 0.7475961538461539 0.5961538461538461 0.014423076923076924 0.03365384615384615
4 0.0733173076923077 0.6394230769230769 0.016826923076923076 0.038461538461538464