0 0.10096153846153846 0.6730769230769231 0.09134615384615384 0.09134615384615384
0 0.2091346153846154 0.6430288461538461 0.0625 0.04567307692307692
0 0.5552884615384616 0.8088942307692307 0.4230769230769231 0.37740384615384615
0 0.3004807692307692 0.6370192307692307 0.038461538461538464 0.04807692307692308
0 0.7475961538461539 0.5853365384615384 0.14423076923076922 0.12259615384615384
0 0.6730769230769231 0.5697115384615384 0.09615384615384616 0.08653846153846154
0 0.9435096153846154 0.7331730769230769 0.11298076923076923 0.28846153846153844
0 0.8221153846153846 0.6862980769230769 0.18269230769230768 0.1658653846153846
0 0.6995192307692307 0.6466346153846154 0.07692307692307693 0.07692307692307693
0 0.2644230769230769 0.6298076923076923 0.028846153846153848 0.038461538461538464
0 0.3629807692307692 0.6141826923076923 0.02403846153846154 0.026442307692307692