4 0.8040865384615384 0.6105769230769231 0.01201923076923077 0.038461538461538464
4 0.8269230769230769 0.6045673076923077 0.009615384615384616 0.03125
4 0.8942307692307693 0.5973557692307693 0.009615384615384616 0.026442307692307692
0 0.84375 0.6538461538461539 0.08653846153846154 0.09134615384615384
0 0.90625 0.71875 0.18269230769230768 0.22115384615384615
0 0.7307692307692307 0.6670673076923077 0.125 0.11298076923076923
0 0.6646634615384616 0.6370192307692307 0.06009615384615385 0.08173076923076923
0 0.6682692307692307 0.5913461538461539 0.08173076923076923 0.0673076923076923
0 0.5252403846153846 0.6262019230769231 0.11298076923076923 0.06490384615384616
0 0.5685096153846154 0.7572115384615384 0.27163461538461536 0.2692307692307692
0 0.03245192307692308 0.6694711538461539 0.06490384615384616 0.0889423076923077
4 0.11899038461538461 0.6430288461538461 0.01201923076923077 0.040865384615384616
4 0.12980769230769232 0.6454326923076923 0.014423076923076924 0.03125
4 0.14543269230769232 0.6442307692307693 0.01201923076923077 0.03365384615384615
0 0.21033653846153846 0.6454326923076923 0.036057692307692304 0.036057692307692304
0 0.23557692307692307 0.6454326923076923 0.038461538461538464 0.04567307692307692
0 0.27163461538461536 0.6454326923076923 0.038461538461538464 0.04567307692307692
0 0.3112980769230769 0.6394230769230769 0.03125 0.04326923076923077
0 0.3401442307692308 0.6418269230769231 0.03125 0.038461538461538464
0 0.37259615384615385 0.6346153846153846 0.028846153846153848 0.028846153846153848
0 0.4338942307692308 0.6358173076923077 0.05048076923076923 0.055288461538461536