4 0.016826923076923076 0.6454326923076923 0.009615384615384616 0.036057692307692304
0 0.07451923076923077 0.6694711538461539 0.11538461538461539 0.09375
0 0.21995192307692307 0.6442307692307693 0.06009615384615385 0.0673076923076923
0 0.2848557692307692 0.6382211538461539 0.021634615384615384 0.03125
0 0.3076923076923077 0.6370192307692307 0.038461538461538464 0.038461538461538464
0 0.3713942307692308 0.6490384615384616 0.08413461538461539 0.09134615384615384
0 0.41586538461538464 0.6382211538461539 0.038461538461538464 0.07932692307692307
0 0.5600961538461539 0.7331730769230769 0.23557692307692307 0.2403846153846154
0 0.5120192307692307 0.6274038461538461 0.10096153846153846 0.09134615384615384
0 0.6274038461538461 0.6237980769230769 0.0625 0.06009615384615385
0 0.6971153846153846 0.6538461538461539 0.1201923076923077 0.11057692307692307
0 0.7668269230769231 0.6394230769230769 0.07211538461538461 0.08653846153846154
4 0.8497596153846154 0.6045673076923077 0.01201923076923077 0.036057692307692304
4 0.8990384615384616 0.5961538461538461 0.009615384615384616 0.028846153846153848
0 0.9182692307692307 0.7307692307692307 0.15865384615384615 0.27403846153846156
0 0.6526442307692307 0.5817307692307693 0.06490384615384616 0.04807692307692308
0 0.9326923076923077 0.6225961538461539 0.12980769230769232 0.08653846153846154