0 0.056490384615384616 0.6850961538461539 0.11298076923076923 0.08653846153846154
0 0.14783653846153846 0.6634615384615384 0.055288461538461536 0.057692307692307696
0 0.23557692307692307 0.6574519230769231 0.0625 0.06009615384615385
0 0.328125 0.640625 0.040865384615384616 0.040865384615384616
0 0.30408653846153844 0.6430288461538461 0.016826923076923076 0.021634615384615384
0 0.35336538461538464 0.6346153846153846 0.028846153846153848 0.03365384615384615
0 0.3762019230769231 0.6346153846153846 0.026442307692307692 0.02403846153846154
0 0.41586538461538464 0.6430288461538461 0.057692307692307696 0.06009615384615385
0 0.44591346153846156 0.6382211538461539 0.026442307692307692 0.055288461538461536
0 0.5240384615384616 0.6430288461538461 0.10576923076923077 0.0985576923076923
0 0.5673076923076923 0.7439903846153846 0.23557692307692307 0.23798076923076922
0 0.6490384615384616 0.6322115384615384 0.0673076923076923 0.0673076923076923
0 0.7211538461538461 0.6646634615384616 0.1201923076923077 0.11778846153846154
0 0.8040865384615384 0.6538461538461539 0.0889423076923077 0.09134615384615384
0 0.9098557692307693 0.7259615384615384 0.18028846153846154 0.23076923076923078
4 0.8149038461538461 0.6033653846153846 0.009615384615384616 0.014423076923076924
4 0.8485576923076923 0.6069711538461539 0.009615384615384616 0.03125
4 0.9314903846153846 0.6021634615384616 0.01201923076923077 0.026442307692307692
0 0.6526442307692307 0.5961538461538461 0.08413461538461539 0.057692307692307696
4 0.007211538461538462 0.6514423076923077 0.009615384615384616 0.02403846153846154
4 0.027644230769230768 0.6418269230769231 0.007211538461538462 0.009615384615384616
4 0.06129807692307692 0.6394230769230769 0.007211538461538462 0.009615384615384616
4 0.09375 0.6370192307692307 0.009615384615384616 0.009615384615384616