0 0.02283653846153846 0.7331730769230769 0.04567307692307692 0.16346153846153846
0 0.056490384615384616 0.7007211538461539 0.10336538461538461 0.11298076923076923
0 0.12980769230769232 0.6911057692307693 0.08173076923076923 0.0985576923076923
0 0.18870192307692307 0.6802884615384616 0.04567307692307692 0.08173076923076923
0 0.22596153846153846 0.6706730769230769 0.057692307692307696 0.07211538461538461
0 0.26322115384615385 0.6730769230769231 0.03125 0.0625
0 0.44350961538461536 0.6670673076923077 0.036057692307692304 0.040865384615384616
0 0.515625 0.6959134615384616 0.13221153846153846 0.13701923076923078
0 0.5108173076923077 0.6201923076923077 0.06971153846153846 0.019230769230769232
0 0.5901442307692307 0.6598557692307693 0.05048076923076923 0.055288461538461536
0 0.6057692307692307 0.6466346153846154 0.04807692307692308 0.052884615384615384
0 0.6382211538461539 0.6610576923076923 0.036057692307692304 0.038461538461538464
0 0.7103365384615384 0.6790865384615384 0.14182692307692307 0.13221153846153846
0 0.7956730769230769 0.6586538461538461 0.07692307692307693 0.08653846153846154
0 0.9122596153846154 0.7524038461538461 0.17548076923076922 0.27403846153846156