0 0.09254807692307693 0.7920673076923077 0.18509615384615385 0.38221153846153844
0 0.20673076923076922 0.7367788461538461 0.16826923076923078 0.19951923076923078
0 0.29086538461538464 0.6682692307692307 0.09134615384615384 0.09134615384615384
0 0.5288461538461539 0.7175480769230769 0.1875 0.19471153846153846
0 0.5444711538461539 0.6069711538461539 0.07932692307692307 0.026442307692307692
0 0.6322115384615384 0.6262019230769231 0.057692307692307696 0.06490384615384616
0 0.6478365384615384 0.6177884615384616 0.04567307692307692 0.0625
0 0.6947115384615384 0.6286057692307693 0.03365384615384615 0.05048076923076923
0 0.7295673076923077 0.6262019230769231 0.055288461538461536 0.06009615384615385
0 0.8149038461538461 0.6923076923076923 0.1971153846153846 0.16826923076923078
0 0.8004807692307693 0.5973557692307693 0.07692307692307693 0.026442307692307692
0 0.9447115384615384 0.6682692307692307 0.11057692307692307 0.13942307692307693
0 0.9627403846153846 0.8305288461538461 0.07451923076923077 0.24759615384615385