0 0.1201923076923077 0.7848557692307693 0.2403846153846154 0.43028846153846156
0 0.21514423076923078 0.7151442307692307 0.18990384615384615 0.18990384615384615
0 0.2848557692307692 0.6826923076923077 0.14182692307692307 0.15384615384615385
0 0.359375 0.671875 0.06009615384615385 0.11298076923076923
0 0.5300480769230769 0.6069711538461539 0.0889423076923077 0.03125
0 0.5240384615384616 0.7512019230769231 0.2692307692307692 0.27163461538461536
0 0.5973557692307693 0.6129807692307693 0.026442307692307692 0.028846153846153848
0 0.6274038461538461 0.6322115384615384 0.052884615384615384 0.0673076923076923
0 0.6538461538461539 0.5913461538461539 0.057692307692307696 0.03365384615384615
0 0.6790865384615384 0.6430288461538461 0.08413461538461539 0.09375
0 0.7427884615384616 0.6322115384615384 0.0673076923076923 0.057692307692307696
0 0.8221153846153846 0.6237980769230769 0.07211538461538461 0.07451923076923077
0 0.8810096153846154 0.7175480769230769 0.23317307692307693 0.24278846153846154
4 0.9723557692307693 0.5913461538461539 0.01201923076923077 0.02403846153846154