0 0.16466346153846154 0.6682692307692307 0.06490384615384616 0.028846153846153848
0 0.296875 0.6586538461538461 0.055288461538461536 0.03365384615384615
0 0.41225961538461536 0.6514423076923077 0.026442307692307692 0.03365384615384615
0 0.3894230769230769 0.6514423076923077 0.02403846153846154 0.038461538461538464
0 0.5108173076923077 0.6971153846153846 0.11298076923076923 0.1201923076923077
0 0.4963942307692308 0.6394230769230769 0.06009615384615385 0.038461538461538464
0 0.5564903846153846 0.6225961538461539 0.03125 0.03365384615384615
0 0.6081730769230769 0.6201923076923077 0.04326923076923077 0.038461538461538464
0 0.5829326923076923 0.6526442307692307 0.05048076923076923 0.06009615384615385
0 0.6598557692307693 0.6766826923076923 0.0985576923076923 0.09375
0 0.7091346153846154 0.6502403846153846 0.052884615384615384 0.06490384615384616
0 0.7596153846153846 0.6129807692307693 0.019230769230769232 0.04326923076923077
0 0.8197115384615384 0.6971153846153846 0.1778846153846154 0.14903846153846154
0 0.9711538461538461 0.8269230769230769 0.057692307692307696 0.1971153846153846