0 0.030048076923076924 0.7151442307692307 0.06009615384615385 0.12740384615384615
0 0.4411057692307692 0.6550480769230769 0.03125 0.040865384615384616
0 0.4074519230769231 0.6538461538461539 0.040865384615384616 0.03365384615384615
0 0.5240384615384616 0.6959134615384616 0.12980769230769232 0.12740384615384615
0 0.6045673076923077 0.6262019230769231 0.04567307692307692 0.036057692307692304
0 0.5877403846153846 0.6550480769230769 0.05048076923076923 0.06009615384615385
0 0.6237980769230769 0.6490384615384616 0.026442307692307692 0.03365384615384615
0 0.6694711538461539 0.6754807692307693 0.10336538461538461 0.09615384615384616
0 0.7139423076923077 0.6538461538461539 0.057692307692307696 0.0673076923076923
0 0.8786057692307693 0.6983173076923077 0.2091346153846154 0.16105769230769232
0 0.18028846153846154 0.6694711538461539 0.057692307692307696 0.03125