0 0.9098557692307693 0.5733173076923077 0.15625 0.055288461538461536
0 0.828125 0.6201923076923077 0.0889423076923077 0.057692307692307696
0 0.8834134615384616 0.6778846153846154 0.21394230769230768 0.16346153846153846
0 0.6730769230769231 0.59375 0.08173076923076923 0.052884615384615384
0 0.5637019230769231 0.5913461538461539 0.03125 0.03365384615384615
0 0.6057692307692307 0.6274038461538461 0.057692307692307696 0.0673076923076923
0 0.7115384615384616 0.6550480769230769 0.125 0.11298076923076923
0 0.7451923076923077 0.6165865384615384 0.057692307692307696 0.055288461538461536
0 0.6574519230769231 0.6394230769230769 0.036057692307692304 0.08173076923076923
0 0.5108173076923077 0.6069711538461539 0.07451923076923077 0.040865384615384616
0 0.5264423076923077 0.671875 0.1346153846153846 0.12740384615384615
0 0.12259615384615384 0.6430288461538461 0.0625 0.036057692307692304
0 0.2247596153846154 0.6394230769230769 0.07932692307692307 0.04807692307692308
0 0.37740384615384615 0.6225961538461539 0.028846153846153848 0.038461538461538464
0 0.3233173076923077 0.6274038461538461 0.036057692307692304 0.03365384615384615