0 0.5060096153846154 0.6838942307692307 0.11298076923076923 0.11778846153846154
0 0.5012019230769231 0.6177884615384616 0.06490384615384616 0.02403846153846154
0 0.5540865384615384 0.6081730769230769 0.03125 0.03365384615384615
0 0.6201923076923077 0.6069711538461539 0.04326923076923077 0.036057692307692304
0 0.5817307692307693 0.6394230769230769 0.057692307692307696 0.057692307692307696
0 0.6646634615384616 0.6622596153846154 0.10336538461538461 0.09375
0 0.7091346153846154 0.6382211538461539 0.057692307692307696 0.06490384615384616
0 0.8088942307692307 0.6850961538461539 0.17067307692307693 0.14903846153846154
0 0.9567307692307693 0.7824519230769231 0.08173076923076923 0.23798076923076922
4 0.17427884615384615 0.6490384615384616 0.01201923076923077 0.028846153846153848
0 0.20552884615384615 0.6550480769230769 0.06971153846153846 0.03125
0 0.7980769230769231 0.5985576923076923 0.0625 0.04326923076923077
0 0.3605769230769231 0.6430288461538461 0.038461538461538464 0.036057692307692304
0 0.3088942307692308 0.6418269230769231 0.03125 0.02403846153846154
0 0.3858173076923077 0.6370192307692307 0.021634615384615384 0.028846153846153848
0 0.40024038461538464 0.6322115384615384 0.021634615384615384 0.02403846153846154