0 0.054086538461538464 0.6971153846153846 0.10817307692307693 0.1201923076923077
0 0.12860576923076922 0.6778846153846154 0.09375 0.10576923076923077
0 0.19471153846153846 0.6742788461538461 0.052884615384615384 0.08413461538461539
0 0.24278846153846154 0.671875 0.04326923076923077 0.06490384615384616
0 0.4543269230769231 0.6610576923076923 0.03365384615384615 0.03365384615384615
0 0.5372596153846154 0.6935096153846154 0.1466346153846154 0.15625
0 0.5216346153846154 0.6117788461538461 0.0625 0.016826923076923076
0 0.6057692307692307 0.6538461538461539 0.04326923076923077 0.057692307692307696
0 0.6430288461538461 0.6550480769230769 0.026442307692307692 0.040865384615384616
0 0.7067307692307693 0.6706730769230769 0.12980769230769232 0.11538461538461539
0 0.7704326923076923 0.6586538461538461 0.036057692307692304 0.07692307692307693
0 0.9278846153846154 0.7331730769230769 0.13942307692307693 0.25961538461538464
1 0.49939903846153844 0.9170673076923077 0.9980048076923077 0.1658653846153846