0 0.18629807692307693 0.6346153846153846 0.05048076923076923 0.04326923076923077
0 0.234375 0.6358173076923077 0.05048076923076923 0.04567307692307692
0 0.3004807692307692 0.6286057692307693 0.04807692307692308 0.05048076923076923
0 0.3581730769230769 0.6177884615384616 0.03365384615384615 0.04326923076923077
0 0.7439903846153846 0.65625 0.16105769230769232 0.15384615384615385
0 0.8894230769230769 0.7199519230769231 0.21634615384615385 0.2283653846153846
0 0.9507211538461539 0.7908653846153846 0.0985576923076923 0.28846153846153844
4 0.03245192307692308 0.6201923076923077 0.007211538461538462 0.02403846153846154
4 0.8966346153846154 0.5889423076923077 0.009615384615384616 0.019230769230769232
4 0.9170673076923077 0.5949519230769231 0.007211538461538462 0.016826923076923076
4 0.5204326923076923 0.8064903846153846 0.53125 0.37740384615384615