0 0.03485576923076923 0.6574519230769231 0.06971153846153846 0.07932692307692307
0 0.10096153846153846 0.6598557692307693 0.08173076923076923 0.07932692307692307
0 0.15625 0.6490384615384616 0.057692307692307696 0.07211538461538461
0 0.21153846153846154 0.6298076923076923 0.038461538461538464 0.038461538461538464
0 0.2800480769230769 0.6201923076923077 0.03125 0.03365384615384615
0 0.32091346153846156 0.625 0.040865384615384616 0.04326923076923077
0 0.35336538461538464 0.6177884615384616 0.03365384615384615 0.038461538461538464
0 0.7439903846153846 0.65625 0.16105769230769232 0.14903846153846154
4 0.8990384615384616 0.5889423076923077 0.014423076923076924 0.019230769230769232
4 0.9146634615384616 0.5913461538461539 0.01201923076923077 0.019230769230769232
0 0.8894230769230769 0.71875 0.21634615384615385 0.23076923076923078
0 0.9483173076923077 0.7884615384615384 0.0985576923076923 0.2932692307692308
0 0.5192307692307693 0.8064903846153846 0.5336538461538461 0.38221153846153844