0 0.06370192307692307 0.6598557692307693 0.09375 0.09375
0 0.14302884615384615 0.6394230769230769 0.05048076923076923 0.04807692307692308
0 0.17307692307692307 0.6298076923076923 0.038461538461538464 0.04326923076923077
0 0.27283653846153844 0.6213942307692307 0.036057692307692304 0.036057692307692304
0 0.31850961538461536 0.6310096153846154 0.04567307692307692 0.05048076923076923
0 0.3473557692307692 0.6177884615384616 0.036057692307692304 0.038461538461538464
0 0.5180288461538461 0.8064903846153846 0.5360576923076923 0.38221153846153844
0 0.7439903846153846 0.6538461538461539 0.16105769230769232 0.14903846153846154
0 0.8894230769230769 0.7175480769230769 0.21634615384615385 0.2283653846153846
0 0.9483173076923077 0.7908653846153846 0.0985576923076923 0.28846153846153844
4 0.8978365384615384 0.5913461538461539 0.01201923076923077 0.019230769230769232
4 0.9134615384615384 0.5913461538461539 0.009615384615384616 0.019230769230769232