0 0.020432692307692308 0.6586538461538461 0.040865384615384616 0.04807692307692308
0 0.21394230769230768 0.6370192307692307 0.12980769230769232 0.0625
0 0.12620192307692307 0.6394230769230769 0.036057692307692304 0.04807692307692308
0 0.052884615384615384 0.6382211538461539 0.052884615384615384 0.04567307692307692
0 0.2980769230769231 0.6274038461538461 0.052884615384615384 0.052884615384615384
0 0.3713942307692308 0.6262019230769231 0.06971153846153846 0.055288461538461536
0 0.49038461538461536 0.5949519230769231 0.15384615384615385 0.055288461538461536
0 0.5180288461538461 0.8064903846153846 0.5360576923076923 0.38221153846153844
0 0.7439903846153846 0.6430288461538461 0.1658653846153846 0.12740384615384615
0 0.8870192307692307 0.7127403846153846 0.22115384615384615 0.23798076923076922
0 0.9471153846153846 0.7932692307692307 0.10096153846153846 0.28365384615384615