0 0.056490384615384616 0.6598557692307693 0.06490384615384616 0.055288461538461536
0 0.16826923076923078 0.6538461538461539 0.0625 0.057692307692307696
0 0.11177884615384616 0.6490384615384616 0.036057692307692304 0.04326923076923077
0 0.21634615384615385 0.640625 0.04326923076923077 0.05048076923076923
0 0.28365384615384615 0.6394230769230769 0.04807692307692308 0.057692307692307696
0 0.47475961538461536 0.6057692307692307 0.13701923076923078 0.04807692307692308
0 0.49759615384615385 0.8112980769230769 0.3701923076923077 0.37740384615384615
0 0.7596153846153846 0.6838942307692307 0.19230769230769232 0.18990384615384615
0 0.921875 0.7572115384615384 0.15144230769230768 0.2980769230769231
0 0.6526442307692307 0.6490384615384616 0.0889423076923077 0.10096153846153846
0 0.5540865384615384 0.6081730769230769 0.03125 0.02403846153846154
0 0.7019230769230769 0.5769230769230769 0.21634615384615385 0.0673076923076923
4 0.9483173076923077 0.6069711538461539 0.026442307692307692 0.036057692307692304
4 0.9134615384615384 0.6177884615384616 0.014423076923076924 0.04807692307692308
4 0.9002403846153846 0.6129807692307693 0.01201923076923077 0.04326923076923077