0 0.028846153846153848 0.6490384615384616 0.057692307692307696 0.052884615384615384
0 0.07572115384615384 0.6466346153846154 0.040865384615384616 0.04807692307692308
0 0.11538461538461539 0.6478365384615384 0.057692307692307696 0.05048076923076923
0 0.15504807692307693 0.6442307692307693 0.040865384615384616 0.04326923076923077
0 0.21033653846153846 0.6454326923076923 0.055288461538461536 0.05048076923076923
0 0.296875 0.6358173076923077 0.05048076923076923 0.055288461538461536
0 0.39903846153846156 0.6322115384615384 0.038461538461538464 0.04326923076923077
0 0.4891826923076923 0.6021634615384616 0.14182692307692307 0.055288461538461536
0 0.5132211538461539 0.8112980769230769 0.40625 0.37740384615384615
0 0.7536057692307693 0.6778846153846154 0.18990384615384615 0.18269230769230768
0 0.9014423076923077 0.7307692307692307 0.1971153846153846 0.24519230769230768
0 0.9723557692307693 0.8449519230769231 0.05048076923076923 0.2764423076923077
0 0.5745192307692307 0.6069711538461539 0.028846153846153848 0.026442307692307692
0 0.9158653846153846 0.5697115384615384 0.125 0.08173076923076923