0 0.03125 0.6730769230769231 0.0625 0.08653846153846154
0 0.08413461538461539 0.6526442307692307 0.0625 0.05048076923076923
0 0.15384615384615385 0.6670673076923077 0.11538461538461539 0.11298076923076923
0 0.2127403846153846 0.6490384615384616 0.06490384615384616 0.09615384615384616
0 0.33774038461538464 0.6742788461538461 0.15144230769230768 0.17067307692307693
0 0.2668269230769231 0.6177884615384616 0.04807692307692308 0.04807692307692308
0 0.49759615384615385 0.5925480769230769 0.04807692307692308 0.06009615384615385
0 0.53125 0.7668269230769231 0.28846153846153844 0.2932692307692308
0 0.7644230769230769 0.6634615384615384 0.16826923076923078 0.17307692307692307
0 0.9038461538461539 0.6418269230769231 0.1201923076923077 0.11057692307692307
0 0.9759615384615384 0.8100961538461539 0.04807692307692308 0.23076923076923078
0 0.6574519230769231 0.6274038461538461 0.08413461538461539 0.08173076923076923
4 0.9759615384615384 0.5949519230769231 0.014423076923076924 0.026442307692307692