0 0.08173076923076923 0.6634615384615384 0.08653846153846154 0.08173076923076923
0 0.026442307692307692 0.6634615384615384 0.052884615384615384 0.07211538461538461
0 0.15625 0.6454326923076923 0.07211538461538461 0.06009615384615385
0 0.2536057692307692 0.6430288461538461 0.06490384615384616 0.06490384615384616
0 0.21153846153846154 0.6394230769230769 0.028846153846153848 0.04807692307692308
0 0.4675480769230769 0.6189903846153846 0.13701923076923078 0.06009615384615385
0 0.5036057692307693 0.7668269230769231 0.2860576923076923 0.27403846153846156
0 0.4987980769230769 0.5841346153846154 0.07451923076923077 0.0625
0 0.6274038461538461 0.6454326923076923 0.09134615384615384 0.09375
0 0.5829326923076923 0.6153846153846154 0.03125 0.03365384615384615
0 0.5552884615384616 0.6105769230769231 0.02403846153846154 0.038461538461538464
0 0.7620192307692307 0.6862980769230769 0.1875 0.19471153846153846
0 0.8605769230769231 0.6538461538461539 0.07211538461538461 0.10096153846153846
0 0.953125 0.8233173076923077 0.0889423076923077 0.24759615384615385
2 0.9855769230769231 0.609375 0.02403846153846154 0.055288461538461536
2 0.9543269230769231 0.6177884615384616 0.019230769230769232 0.0673076923076923
2 0.9362980769230769 0.6177884615384616 0.021634615384615384 0.057692307692307696
2 0.9098557692307693 0.6177884615384616 0.016826923076923076 0.052884615384615384
4 0.8762019230769231 0.6117788461538461 0.016826923076923076 0.040865384615384616
4 0.8605769230769231 0.5877403846153846 0.009615384615384616 0.040865384615384616
4 0.8473557692307693 0.5985576923076923 0.01201923076923077 0.019230769230769232
0 0.2848557692307692 0.6286057692307693 0.040865384615384616 0.055288461538461536
0 0.3112980769230769 0.6262019230769231 0.03125 0.055288461538461536