0 0.028846153846153848 0.6826923076923077 0.057692307692307696 0.08653846153846154
0 0.08413461538461539 0.6526442307692307 0.057692307692307696 0.06490384615384616
0 0.14182692307692307 0.6526442307692307 0.0673076923076923 0.06971153846153846
0 0.19471153846153846 0.6442307692307693 0.04326923076923077 0.04807692307692308
0 0.265625 0.6442307692307693 0.055288461538461536 0.0625
0 0.4735576923076923 0.6177884615384616 0.1346153846153846 0.052884615384615384
0 0.6310096153846154 0.6526442307692307 0.09375 0.10817307692307693
0 0.5805288461538461 0.6165865384615384 0.036057692307692304 0.03125
0 0.7596153846153846 0.6862980769230769 0.18269230769230768 0.18509615384615385
0 0.8858173076923077 0.6694711538461539 0.11778846153846154 0.12259615384615384
0 0.953125 0.8028846153846154 0.09375 0.2548076923076923
0 0.515625 0.5925480769230769 0.09375 0.07451923076923077
2 0.9411057692307693 0.6213942307692307 0.016826923076923076 0.06490384615384616
2 0.921875 0.6129807692307693 0.021634615384615384 0.04807692307692308
2 0.9939903846153846 0.6201923076923077 0.01201923076923077 0.052884615384615384
2 0.8665865384615384 0.6045673076923077 0.01201923076923077 0.016826923076923076
4 0.8341346153846154 0.6009615384615384 0.009615384615384616 0.038461538461538464
2 0.8509615384615384 0.6069711538461539 0.009615384615384616 0.016826923076923076
0 0.2956730769230769 0.6286057692307693 0.038461538461538464 0.04567307692307692
0 0.32211538461538464 0.6286057692307693 0.028846153846153848 0.05048076923076923
0 0.49399038461538464 0.7692307692307693 0.29086538461538464 0.28846153846153844