0 0.026442307692307692 0.6850961538461539 0.052884615384615384 0.1875
0 0.11177884615384616 0.6694711538461539 0.13701923076923078 0.15625
0 0.20072115384615385 0.6586538461538461 0.09375 0.10576923076923077
0 0.25600961538461536 0.65625 0.06490384615384616 0.09615384615384616
0 0.34134615384615385 0.6586538461538461 0.1201923076923077 0.13942307692307693
0 0.4206730769230769 0.7536057692307693 0.2692307692307692 0.2764423076923077
0 0.5348557692307693 0.6586538461538461 0.07932692307692307 0.10096153846153846
0 0.5036057692307693 0.5949519230769231 0.040865384615384616 0.04567307692307692
0 0.5757211538461539 0.6310096153846154 0.036057692307692304 0.05048076923076923
0 0.6766826923076923 0.6394230769230769 0.0985576923076923 0.10096153846153846
4 0.6286057692307693 0.6105769230769231 0.01201923076923077 0.03365384615384615
0 0.8064903846153846 0.6634615384615384 0.18028846153846154 0.16826923076923078
0 0.9387019230769231 0.7451923076923077 0.11778846153846154 0.25961538461538464