0 0.08173076923076923 0.6862980769230769 0.14903846153846154 0.13701923076923078
0 0.17548076923076922 0.6646634615384616 0.10096153846153846 0.11298076923076923
0 0.23557692307692307 0.6538461538461539 0.08173076923076923 0.10576923076923077
0 0.32572115384615385 0.6742788461538461 0.14182692307692307 0.16105769230769232
0 0.5 0.7764423076923077 0.30288461538461536 0.2932692307692308
0 0.4987980769230769 0.5925480769230769 0.040865384615384616 0.05048076923076923
0 0.96875 0.8064903846153846 0.0625 0.22355769230769232
0 0.7776442307692307 0.6670673076923077 0.17067307692307693 0.16105769230769232
0 0.8810096153846154 0.6394230769230769 0.0889423076923077 0.10096153846153846
0 0.6658653846153846 0.640625 0.08653846153846154 0.0985576923076923
0 0.5877403846153846 0.6201923076923077 0.040865384615384616 0.04326923076923077