0 0.07451923076923077 0.6682692307692307 0.14903846153846154 0.15384615384615385
0 0.3329326923076923 0.6778846153846154 0.13221153846153846 0.125
0 0.5228365384615384 0.6550480769230769 0.09375 0.0985576923076923
0 0.4014423076923077 0.6418269230769231 0.07211538461538461 0.09134615384615384
0 0.5841346153846154 0.6334134615384616 0.057692307692307696 0.07932692307692307
0 0.44471153846153844 0.6274038461538461 0.03365384615384615 0.038461538461538464
0 0.46274038461538464 0.6069711538461539 0.036057692307692304 0.06009615384615385
0 0.65625 0.625 0.052884615384615384 0.0625
0 0.7427884615384616 0.6634615384615384 0.14423076923076922 0.16346153846153846
0 0.8605769230769231 0.7788461538461539 0.27403846153846156 0.3317307692307692
0 0.20793269230769232 0.6526442307692307 0.06971153846153846 0.07451923076923077