0 0.02403846153846154 0.7043269230769231 0.04807692307692308 0.10096153846153846
0 0.09254807692307693 0.6971153846153846 0.0985576923076923 0.11538461538461539
0 0.1622596153846154 0.6826923076923077 0.08413461538461539 0.10096153846153846
0 0.20192307692307693 0.6706730769230769 0.07692307692307693 0.08653846153846154
0 0.35096153846153844 0.6802884615384616 0.09615384615384616 0.09134615384615384
0 0.38100961538461536 0.6550480769230769 0.06490384615384616 0.07451923076923077
0 0.421875 0.6430288461538461 0.026442307692307692 0.03125
0 0.43990384615384615 0.6286057692307693 0.03365384615384615 0.055288461538461536
0 0.5504807692307693 0.7235576923076923 0.1778846153846154 0.1875
0 0.6706730769230769 0.6670673076923077 0.12980769230769232 0.13221153846153846
4 0.6141826923076923 0.6286057692307693 0.007211538461538462 0.03125
2 0.9134615384615384 0.6225961538461539 0.009615384615384616 0.04326923076923077
2 0.9639423076923077 0.6153846153846154 0.014423076923076924 0.04326923076923077
4 0.6081730769230769 0.6237980769230769 0.009615384615384616 0.021634615384615384
0 0.46634615384615385 0.6213942307692307 0.014423076923076924 0.01201923076923077
0 0.48197115384615385 0.6165865384615384 0.016826923076923076 0.01201923076923077
0 0.28125 0.6586538461538461 0.057692307692307696 0.04807692307692308