0 0.9326923076923077 0.6887019230769231 0.12980769230769232 0.2668269230769231
2 0.7223557692307693 0.6286057692307693 0.021634615384615384 0.05048076923076923
0 0.6682692307692307 0.6658653846153846 0.125 0.11057692307692307
0 0.5901442307692307 0.6394230769230769 0.05048076923076923 0.057692307692307696
0 0.5540865384615384 0.6346153846153846 0.03125 0.04807692307692308
0 0.49759615384615385 0.6586538461538461 0.07211538461538461 0.08173076923076923
0 0.4411057692307692 0.6370192307692307 0.036057692307692304 0.04326923076923077
0 0.34975961538461536 0.6766826923076923 0.0985576923076923 0.09375
0 0.06009615384615385 0.6057692307692307 0.1201923076923077 0.6634615384615384
0 0.15384615384615385 0.6610576923076923 0.07692307692307693 0.08173076923076923
0 0.21634615384615385 0.6622596153846154 0.057692307692307696 0.06009615384615385
0 0.11899038461538461 0.6742788461538461 0.08413461538461539 0.0889423076923077
0 0.23557692307692307 0.6201923076923077 0.0673076923076923 0.02403846153846154
0 0.4855769230769231 0.6117788461538461 0.009615384615384616 0.021634615384615384
0 0.4699519230769231 0.609375 0.026442307692307692 0.026442307692307692
0 0.46153846153846156 0.6274038461538461 0.02403846153846154 0.03365384615384615
0 0.6682692307692307 0.6069711538461539 0.0673076923076923 0.021634615384615384
0 0.5168269230769231 0.6117788461538461 0.009615384615384616 0.016826923076923076