2 0.7824519230769231 0.6153846153846154 0.021634615384615384 0.04807692307692308
0 0.7199519230769231 0.6550480769230769 0.13701923076923078 0.13221153846153846
0 0.6442307692307693 0.6442307692307693 0.0625 0.07211538461538461
0 0.5612980769230769 0.6959134615384616 0.17067307692307693 0.15625
0 0.4855769230769231 0.6658653846153846 0.0673076923076923 0.09134615384615384
0 0.38461538461538464 0.6622596153846154 0.08653846153846154 0.08413461538461539
0 0.453125 0.6442307692307693 0.05048076923076923 0.052884615384615384
0 0.052884615384615384 0.5913461538461539 0.10576923076923077 0.7211538461538461
0 0.109375 0.6694711538461539 0.10817307692307693 0.10817307692307693
0 0.18990384615384615 0.6634615384615384 0.0673076923076923 0.0673076923076923
0 0.8810096153846154 0.6009615384615384 0.055288461538461536 0.02403846153846154
0 0.23076923076923078 0.6538461538461539 0.04326923076923077 0.04326923076923077
0 0.2668269230769231 0.6502403846153846 0.04326923076923077 0.04567307692307692
0 0.3088942307692308 0.6466346153846154 0.040865384615384616 0.04326923076923077
0 0.47475961538461536 0.6069711538461539 0.021634615384615384 0.021634615384615384
0 0.49278846153846156 0.6081730769230769 0.014423076923076924 0.019230769230769232
0 0.5216346153846154 0.6081730769230769 0.014423076923076924 0.014423076923076924