0 0.9110576923076923 0.7175480769230769 0.17307692307692307 0.31009615384615385
0 0.8112980769230769 0.6310096153846154 0.12740384615384615 0.06490384615384616
0 0.6670673076923077 0.6538461538461539 0.10817307692307693 0.10576923076923077
0 0.5012019230769231 0.703125 0.18028846153846154 0.1658653846153846
0 0.40865384615384615 0.6490384615384616 0.052884615384615384 0.057692307692307696
0 0.12379807692307693 0.5769230769230769 0.24759615384615385 0.8365384615384616
0 0.30649038461538464 0.6418269230769231 0.05048076923076923 0.0673076923076923
0 0.7115384615384616 0.6274038461538461 0.038461538461538464 0.057692307692307696
4 0.5961538461538461 0.6177884615384616 0.009615384615384616 0.02403846153846154
4 0.5889423076923077 0.6177884615384616 0.009615384615384616 0.028846153846153848
0 0.4675480769230769 0.6033653846153846 0.026442307692307692 0.03365384615384615
0 0.49158653846153844 0.6057692307692307 0.026442307692307692 0.02403846153846154
0 0.25961538461538464 0.6610576923076923 0.08173076923076923 0.0673076923076923
0 0.3449519230769231 0.640625 0.026442307692307692 0.040865384615384616
0 0.3786057692307692 0.6334134615384616 0.03125 0.036057692307692304
0 0.5168269230769231 0.609375 0.009615384615384616 0.01201923076923077
0 0.5540865384615384 0.6358173076923077 0.055288461538461536 0.05048076923076923
0 0.6165865384615384 0.6358173076923077 0.03125 0.05048076923076923