0 0.9447115384615384 0.7319711538461539 0.10576923076923077 0.31971153846153844
0 0.9230769230769231 0.6418269230769231 0.125 0.11057692307692307
0 0.8485576923076923 0.6274038461538461 0.11057692307692307 0.09615384615384616
0 0.7067307692307693 0.6538461538461539 0.12980769230769232 0.125
0 0.5360576923076923 0.6923076923076923 0.17307692307692307 0.16346153846153846
4 0.6189903846153846 0.6057692307692307 0.007211538461538462 0.014423076923076924
4 0.6274038461538461 0.6105769230769231 0.009615384615384616 0.028846153846153848
0 0.43028846153846156 0.6370192307692307 0.04807692307692308 0.057692307692307696
0 0.1658653846153846 0.5576923076923077 0.3317307692307692 0.7596153846153846
0 0.328125 0.6346153846153846 0.036057692307692304 0.057692307692307696
0 0.5877403846153846 0.6213942307692307 0.040865384615384616 0.06009615384615385
0 0.35216346153846156 0.6298076923076923 0.021634615384615384 0.057692307692307696
0 0.3737980769230769 0.6310096153846154 0.026442307692307692 0.04567307692307692
0 0.39663461538461536 0.6274038461538461 0.019230769230769232 0.038461538461538464
0 0.4855769230769231 0.6009615384615384 0.028846153846153848 0.02403846153846154
0 0.5120192307692307 0.5997596153846154 0.02403846153846154 0.021634615384615384
0 0.5336538461538461 0.6009615384615384 0.014423076923076924 0.014423076923076924
0 0.47475961538461536 0.6610576923076923 0.04567307692307692 0.09134615384615384
0 0.6105769230769231 0.6189903846153846 0.019230769230769232 0.03125
0 0.6586538461538461 0.6322115384615384 0.04326923076923077 0.07692307692307693