0 0.9350961538461539 0.7175480769230769 0.125 0.31490384615384615
0 0.8786057692307693 0.6418269230769231 0.1466346153846154 0.09134615384615384
0 0.7824519230769231 0.6298076923076923 0.08413461538461539 0.07692307692307693
0 0.6899038461538461 0.65625 0.11538461538461539 0.11538461538461539
0 0.5300480769230769 0.6995192307692307 0.17067307692307693 0.16826923076923078
0 0.5793269230769231 0.6274038461538461 0.038461538461538464 0.052884615384615384
0 0.421875 0.6430288461538461 0.055288461538461536 0.06009615384615385
4 0.609375 0.6177884615384616 0.007211538461538462 0.02403846153846154
4 0.6165865384615384 0.6177884615384616 0.01201923076923077 0.02403846153846154
0 0.15504807692307693 0.5661057692307693 0.31009615384615385 0.8197115384615384
0 0.3473557692307692 0.6382211538461539 0.055288461538461536 0.06009615384615385
0 0.3004807692307692 0.6502403846153846 0.028846153846153848 0.06490384615384616
0 0.47716346153846156 0.6057692307692307 0.03125 0.02403846153846154
0 0.5036057692307693 0.6045673076923077 0.026442307692307692 0.026442307692307692
0 0.5276442307692307 0.6081730769230769 0.021634615384615384 0.019230769230769232
0 0.47115384615384615 0.671875 0.04807692307692308 0.10336538461538461