4 0.7872596153846154 0.6141826923076923 0.016826923076923076 0.06009615384615385
0 0.7043269230769231 0.6899038461538461 0.1971153846153846 0.1778846153846154
0 0.5564903846153846 0.6538461538461539 0.09375 0.11057692307692307
0 0.3954326923076923 0.7163461538461539 0.19471153846153846 0.19230769230769232
0 0.4567307692307692 0.6382211538461539 0.04807692307692308 0.05048076923076923
0 0.46153846153846156 0.609375 0.0673076923076923 0.0985576923076923
0 0.03125 0.6706730769230769 0.0625 0.125
0 0.1778846153846154 0.6658653846153846 0.1201923076923077 0.08173076923076923
0 0.10216346153846154 0.6574519230769231 0.08413461538461539 0.07451923076923077
0 0.21153846153846154 0.6141826923076923 0.08653846153846154 0.055288461538461536
0 0.2692307692307692 0.6430288461538461 0.057692307692307696 0.06009615384615385