0 0.7644230769230769 0.7043269230769231 0.23557692307692307 0.20673076923076922
4 0.7680288461538461 0.5949519230769231 0.016826923076923076 0.016826923076923076
4 0.8521634615384616 0.6237980769230769 0.026442307692307692 0.06971153846153846
4 0.875 0.6213942307692307 0.019230769230769232 0.07932692307692307
0 0.5192307692307693 0.7872596153846154 0.3269230769230769 0.3293269230769231
0 0.5841346153846154 0.6430288461538461 0.08653846153846154 0.07451923076923077
0 0.13942307692307693 0.7584134615384616 0.27884615384615385 0.25240384615384615
0 0.3449519230769231 0.6694711538461539 0.11778846153846154 0.10817307692307693
0 0.39903846153846156 0.6021634615384616 0.11538461538461539 0.1466346153846154
0 0.051682692307692304 0.6430288461538461 0.0889423076923077 0.04567307692307692
0 0.12980769230769232 0.6274038461538461 0.07692307692307693 0.028846153846153848
0 0.20432692307692307 0.6478365384615384 0.07211538461538461 0.06490384615384616
0 0.25 0.6454326923076923 0.04326923076923077 0.06009615384615385
0 0.2860576923076923 0.6057692307692307 0.057692307692307696 0.028846153846153848
0 0.5132211538461539 0.6057692307692307 0.021634615384615384 0.028846153846153848