0 0.6586538461538461 0.6875 0.16826923076923078 0.15384615384615385
0 0.5456730769230769 0.6622596153846154 0.09134615384615384 0.09375
0 0.04567307692307692 0.8737980769230769 0.09134615384615384 0.24759615384615385
0 0.3870192307692308 0.7055288461538461 0.15384615384615385 0.14182692307692307
0 0.46153846153846156 0.6502403846153846 0.04807692307692308 0.06009615384615385
0 0.4651442307692308 0.6177884615384616 0.06490384615384616 0.08653846153846154
0 0.06129807692307692 0.7079326923076923 0.12259615384615384 0.12259615384615384
0 0.08173076923076923 0.6742788461538461 0.11538461538461539 0.08413461538461539
0 0.1778846153846154 0.6153846153846154 0.07692307692307693 0.038461538461538464
0 0.140625 0.6694711538461539 0.05048076923076923 0.06971153846153846
0 0.18870192307692307 0.6646634615384616 0.06490384615384616 0.06971153846153846
0 0.2439903846153846 0.6598557692307693 0.06009615384615385 0.06971153846153846
0 0.2980769230769231 0.6550480769230769 0.057692307692307696 0.055288461538461536