0 0.8713942307692307 0.7908653846153846 0.25240384615384615 0.40384615384615385
0 0.5973557692307693 0.6742788461538461 0.13221153846153846 0.12740384615384615
0 0.5240384615384616 0.6586538461538461 0.0673076923076923 0.08653846153846154
0 0.2091346153846154 0.7415865384615384 0.24519230769230768 0.21394230769230768
0 0.3798076923076923 0.6766826923076923 0.10096153846153846 0.0985576923076923
0 0.4362980769230769 0.6514423076923077 0.04567307692307692 0.052884615384615384
0 0.484375 0.6430288461538461 0.036057692307692304 0.04567307692307692
0 0.47115384615384615 0.6189903846153846 0.0625 0.07451923076923077
0 0.1141826923076923 0.65625 0.07932692307692307 0.057692307692307696
0 0.056490384615384616 0.6899038461538461 0.10336538461538461 0.09134615384615384
0 0.078125 0.6165865384615384 0.07932692307692307 0.040865384615384616
0 0.28365384615384615 0.6598557692307693 0.07211538461538461 0.07932692307692307