2 0.8689903846153846 0.6454326923076923 0.026442307692307692 0.0889423076923077
2 0.8088942307692307 0.6514423076923077 0.036057692307692304 0.09134615384615384
0 0.7788461538461539 0.6322115384615384 0.052884615384615384 0.028846153846153848
0 0.6237980769230769 0.734375 0.24278846153846154 0.25240384615384615
0 0.5300480769230769 0.6658653846153846 0.06009615384615385 0.09134615384615384
0 0.021634615384615384 0.8701923076923077 0.04326923076923077 0.20673076923076922
0 0.34134615384615385 0.6754807692307693 0.11057692307692307 0.10096153846153846
0 0.40865384615384615 0.65625 0.0625 0.0673076923076923
0 0.45552884615384615 0.6502403846153846 0.04567307692307692 0.06009615384615385
0 0.22115384615384615 0.6574519230769231 0.07211538461538461 0.055288461538461536
0 0.0673076923076923 0.6850961538461539 0.12980769230769232 0.10096153846153846
0 0.13701923076923078 0.6778846153846154 0.08173076923076923 0.09134615384615384
0 0.5228365384615384 0.6129807692307693 0.036057692307692304 0.038461538461538464
0 0.49278846153846156 0.6201923076923077 0.019230769230769232 0.02403846153846154
0 0.140625 0.6081730769230769 0.08413461538461539 0.052884615384615384