2 0.8497596153846154 0.6454326923076923 0.026442307692307692 0.09375
0 0.7668269230769231 0.6322115384615384 0.052884615384615384 0.038461538461538464
0 0.6670673076923077 0.7235576923076923 0.2283653846153846 0.24519230769230768
0 0.49038461538461536 0.6586538461538461 0.07211538461538461 0.08173076923076923
2 0.5540865384615384 0.6322115384615384 0.016826923076923076 0.038461538461538464
0 0.07932692307692307 0.734375 0.15865384615384615 0.19951923076923078
0 0.4675480769230769 0.6117788461538461 0.036057692307692304 0.04567307692307692
0 0.421875 0.6394230769230769 0.04567307692307692 0.04326923076923077
0 0.36778846153846156 0.6526442307692307 0.04807692307692308 0.06490384615384616
0 0.31971153846153844 0.6682692307692307 0.09615384615384616 0.09134615384615384
0 0.42908653846153844 0.6117788461538461 0.03125 0.021634615384615384
0 0.025240384615384616 0.6057692307692307 0.05048076923076923 0.057692307692307696