0 0.9567307692307693 0.625 0.08653846153846154 0.052884615384615384
0 0.8221153846153846 0.7043269230769231 0.24519230769230768 0.23076923076923078
2 0.7127403846153846 0.6286057692307693 0.026442307692307692 0.06009615384615385
2 0.5997596153846154 0.6274038461538461 0.01201923076923077 0.03365384615384615
0 0.5673076923076923 0.6490384615384616 0.0673076923076923 0.07211538461538461
0 0.5300480769230769 0.6382211538461539 0.036057692307692304 0.05048076923076923
0 0.5276442307692307 0.6021634615384616 0.040865384615384616 0.036057692307692304
0 0.48197115384615385 0.6322115384615384 0.03125 0.038461538461538464
0 0.4362980769230769 0.6526442307692307 0.06009615384615385 0.06490384615384616
0 0.39783653846153844 0.6634615384615384 0.06971153846153846 0.08173076923076923
0 0.31850961538461536 0.6766826923076923 0.11298076923076923 0.11298076923076923
0 0.20793269230769232 0.6790865384615384 0.10817307692307693 0.09375
0 0.4987980769230769 0.6081730769230769 0.021634615384615384 0.028846153846153848
0 0.6742788461538461 0.6081730769230769 0.08413461538461539 0.038461538461538464