0 0.18389423076923078 0.6814903846153846 0.12740384615384615 0.10336538461538461
0 0.3233173076923077 0.6754807692307693 0.12740384615384615 0.1201923076923077
0 0.3858173076923077 0.6574519230769231 0.036057692307692304 0.07932692307692307
0 0.41466346153846156 0.6442307692307693 0.05048076923076923 0.0625
0 0.43149038461538464 0.6310096153846154 0.036057692307692304 0.055288461538461536
0 0.4951923076923077 0.6430288461538461 0.057692307692307696 0.06490384615384616
0 0.6262019230769231 0.6478365384615384 0.08413461538461539 0.08413461538461539
0 0.5865384615384616 0.6382211538461539 0.03365384615384615 0.06009615384615385
0 0.5600961538461539 0.6334134615384616 0.038461538461538464 0.055288461538461536
0 0.546875 0.6069711538461539 0.04567307692307692 0.06971153846153846
0 0.5192307692307693 0.6009615384615384 0.014423076923076924 0.03365384615384615
0 0.5024038461538461 0.5997596153846154 0.019230769230769232 0.021634615384615384
2 0.7079326923076923 0.6298076923076923 0.021634615384615384 0.0625
4 0.8605769230769231 0.6033653846153846 0.009615384615384616 0.02403846153846154
0 0.03485576923076923 0.6790865384615384 0.06971153846153846 0.0889423076923077
0 0.10336538461538461 0.6574519230769231 0.057692307692307696 0.07451923076923077
0 0.07692307692307693 0.6634615384615384 0.0673076923076923 0.08173076923076923