0 0.019230769230769232 0.6730769230769231 0.038461538461538464 0.10096153846153846
0 0.12379807692307693 0.6694711538461539 0.06971153846153846 0.07451923076923077
0 0.18990384615384615 0.6826923076923077 0.1201923076923077 0.10096153846153846
0 0.31490384615384615 0.6790865384615384 0.1346153846153846 0.12740384615384615
0 0.3737980769230769 0.6646634615384616 0.055288461538461536 0.08413461538461539
0 0.4098557692307692 0.6478365384615384 0.055288461538461536 0.06009615384615385
0 0.4831730769230769 0.6502403846153846 0.0625 0.06971153846153846
0 0.609375 0.6478365384615384 0.07932692307692307 0.07932692307692307
0 0.5673076923076923 0.6382211538461539 0.028846153846153848 0.055288461538461536
0 0.5480769230769231 0.6394230769230769 0.038461538461538464 0.052884615384615384
0 0.5408653846153846 0.609375 0.04326923076923077 0.06971153846153846
2 0.7055288461538461 0.6322115384615384 0.026442307692307692 0.0625
0 0.9146634615384616 0.5889423076923077 0.11778846153846154 0.057692307692307696
0 0.5120192307692307 0.6081730769230769 0.019230769230769232 0.038461538461538464