0 0.046875 0.7427884615384616 0.09375 0.20673076923076922
0 0.057692307692307696 0.6947115384615384 0.11057692307692307 0.1346153846153846
0 0.1141826923076923 0.6658653846153846 0.0985576923076923 0.12980769230769232
0 0.17067307692307693 0.6610576923076923 0.04807692307692308 0.10096153846153846
0 0.7127403846153846 0.7475961538461539 0.3485576923076923 0.28846153846153844
0 0.28846153846153844 0.6850961538461539 0.125 0.12980769230769232
0 0.25600961538461536 0.6646634615384616 0.0889423076923077 0.11298076923076923
0 0.49278846153846156 0.6802884615384616 0.13942307692307693 0.125
0 0.421875 0.6598557692307693 0.06971153846153846 0.09375
0 0.3870192307692308 0.6502403846153846 0.03365384615384615 0.06490384615384616
0 0.3798076923076923 0.6141826923076923 0.07692307692307693 0.10336538461538461
0 0.19951923076923078 0.6586538461538461 0.052884615384615384 0.08173076923076923