0 0.051682692307692304 0.8449519230769231 0.10336538461538461 0.30528846153846156
0 0.17067307692307693 0.7175480769230769 0.23076923076923078 0.24759615384615385
0 0.2620192307692308 0.6622596153846154 0.11057692307692307 0.15625
0 0.4266826923076923 0.6081730769230769 0.18028846153846154 0.28365384615384615
2 0.9615384615384616 0.6682692307692307 0.0673076923076923 0.15865384615384615
2 0.859375 0.6454326923076923 0.04567307692307692 0.10817307692307693
0 0.8257211538461539 0.6069711538461539 0.040865384615384616 0.040865384615384616
0 0.6983173076923077 0.6418269230769231 0.18509615384615385 0.1346153846153846
0 0.39903846153846156 0.6899038461538461 0.057692307692307696 0.12980769230769232
0 0.5949519230769231 0.7956730769230769 0.47836538461538464 0.40384615384615385
0 0.32211538461538464 0.6586538461538461 0.038461538461538464 0.09134615384615384
0 0.8197115384615384 0.5853365384615384 0.04326923076923077 0.055288461538461536
0 0.9314903846153846 0.5973557692307693 0.06009615384615385 0.06490384615384616