0 0.5288461538461539 0.796875 0.3605769230769231 0.37740384615384615
0 0.1346153846153846 0.7367788461538461 0.2692307692307692 0.2860576923076923
0 0.5168269230769231 0.5925480769230769 0.04807692307692308 0.036057692307692304
0 0.3629807692307692 0.6418269230769231 0.038461538461538464 0.052884615384615384
0 0.33653846153846156 0.6454326923076923 0.038461538461538464 0.055288461538461536
0 0.8353365384615384 0.6213942307692307 0.055288461538461536 0.06009615384615385
4 0.7355769230769231 0.6081730769230769 0.009615384615384616 0.028846153846153848
4 0.7055288461538461 0.6225961538461539 0.016826923076923076 0.04807692307692308
4 0.6670673076923077 0.6310096153846154 0.01201923076923077 0.06009615384615385
4 0.6550480769230769 0.6322115384615384 0.01201923076923077 0.0625
0 0.8677884615384616 0.5973557692307693 0.0625 0.08413461538461539
0 0.3137019230769231 0.6586538461538461 0.05048076923076923 0.07211538461538461
0 0.2932692307692308 0.6646634615384616 0.04326923076923077 0.07932692307692307