0 0.53125 0.7992788461538461 0.4519230769230769 0.39663461538461536
0 0.13221153846153846 0.7307692307692307 0.2644230769230769 0.27884615384615385
0 0.2512019230769231 0.6754807692307693 0.17548076923076922 0.1875
0 0.8245192307692307 0.6177884615384616 0.052884615384615384 0.057692307692307696
4 0.6983173076923077 0.6189903846153846 0.016826923076923076 0.04567307692307692
4 0.7139423076923077 0.6081730769230769 0.009615384615384616 0.03365384615384615
4 0.7403846153846154 0.6057692307692307 0.009615384615384616 0.03365384615384615
4 0.6646634615384616 0.6165865384615384 0.01201923076923077 0.040865384615384616
0 0.5120192307692307 0.5877403846153846 0.057692307692307696 0.036057692307692304
0 0.359375 0.6298076923076923 0.03125 0.038461538461538464
0 0.8737980769230769 0.5961538461538461 0.0889423076923077 0.08653846153846154