0 0.12860576923076922 0.7872596153846154 0.25721153846153844 0.30528846153846156
0 0.2620192307692308 0.7067307692307693 0.16826923076923078 0.1778846153846154
0 0.5637019230769231 0.6947115384615384 0.17067307692307693 0.1875
0 0.8990384615384616 0.6646634615384616 0.20192307692307693 0.23317307692307693
0 0.4411057692307692 0.6490384615384616 0.08413461538461539 0.11057692307692307
0 0.36778846153846156 0.6418269230769231 0.0673076923076923 0.07211538461538461
0 0.5432692307692307 0.5697115384615384 0.08653846153846154 0.0625
4 0.8161057692307693 0.609375 0.026442307692307692 0.06490384615384616
4 0.6574519230769231 0.6165865384615384 0.016826923076923076 0.06971153846153846
4 0.7247596153846154 0.6069711538461539 0.01201923076923077 0.05048076923076923
0 0.234375 0.6262019230769231 0.1466346153846154 0.05048076923076923
0 0.32211538461538464 0.6358173076923077 0.03365384615384615 0.05048076923076923
0 0.4723557692307692 0.59375 0.04567307692307692 0.052884615384615384