0 0.10216346153846154 0.7055288461538461 0.20432692307692307 0.14182692307692307
0 0.22355769230769232 0.6850961538461539 0.14903846153846154 0.10576923076923077
0 0.36177884615384615 0.6694711538461539 0.0889423076923077 0.08413461538461539
0 0.5048076923076923 0.7019230769230769 0.16346153846153846 0.1778846153846154
0 0.5216346153846154 0.5913461538461539 0.052884615384615384 0.038461538461538464
4 0.5973557692307693 0.6225961538461539 0.01201923076923077 0.04326923076923077
4 0.6586538461538461 0.6189903846153846 0.009615384615384616 0.03125
4 0.6658653846153846 0.6177884615384616 0.004807692307692308 0.03365384615384615
4 0.7223557692307693 0.6346153846153846 0.021634615384615384 0.09134615384615384
4 0.703125 0.6286057692307693 0.021634615384615384 0.07932692307692307
0 0.9290865384615384 0.6213942307692307 0.06971153846153846 0.07451923076923077
0 0.9639423076923077 0.5841346153846154 0.07211538461538461 0.11057692307692307
4 0.8425480769230769 0.5985576923076923 0.01201923076923077 0.038461538461538464