4 0.9471153846153846 0.6658653846153846 0.038461538461538464 0.20192307692307693
4 0.9038461538461539 0.6634615384615384 0.04807692307692308 0.20192307692307693
2 0.7596153846153846 0.6117788461538461 0.019230769230769232 0.040865384615384616
4 0.6766826923076923 0.6189903846153846 0.01201923076923077 0.04567307692307692
4 0.6850961538461539 0.6225961538461539 0.009615384615384616 0.038461538461538464
4 0.6177884615384616 0.6310096153846154 0.014423076923076924 0.06490384615384616
0 0.5324519230769231 0.6850961538461539 0.13701923076923078 0.14903846153846154
0 0.09254807692307693 0.7572115384615384 0.18509615384615385 0.2548076923076923
0 0.2704326923076923 0.7007211538461539 0.16105769230769232 0.14182692307692307
0 0.35216346153846156 0.6754807692307693 0.08413461538461539 0.10576923076923077
0 0.43990384615384615 0.6502403846153846 0.07211538461538461 0.08413461538461539
0 0.11177884615384616 0.6706730769230769 0.09375 0.07692307692307693
0 0.15384615384615385 0.6778846153846154 0.11057692307692307 0.12980769230769232
0 0.38461538461538464 0.6466346153846154 0.04807692307692308 0.057692307692307696
0 0.5216346153846154 0.5865384615384616 0.0673076923076923 0.04807692307692308
0 0.46153846153846156 0.5949519230769231 0.038461538461538464 0.026442307692307692