0 0.43149038461538464 0.7379807692307693 0.25721153846153844 0.27884615384615385
0 0.04447115384615385 0.7367788461538461 0.0889423076923077 0.3581730769230769
0 0.2512019230769231 0.6742788461538461 0.11778846153846154 0.12259615384615384
0 0.09014423076923077 0.6814903846153846 0.08413461538461539 0.11778846153846154
0 0.17908653846153846 0.6586538461538461 0.08413461538461539 0.09134615384615384
0 0.3112980769230769 0.6454326923076923 0.08413461538461539 0.0985576923076923
4 0.6478365384615384 0.6117788461538461 0.01201923076923077 0.04567307692307692
4 0.5877403846153846 0.6322115384615384 0.03125 0.04807692307692308
0 0.44591346153846156 0.5721153846153846 0.12740384615384615 0.125
4 0.5480769230769231 0.625 0.02403846153846154 0.03365384615384615
4 0.7427884615384616 0.6009615384615384 0.02403846153846154 0.038461538461538464