0 0.04447115384615385 0.8137019230769231 0.0889423076923077 0.36778846153846156
0 0.054086538461538464 0.6526442307692307 0.10817307692307693 0.13221153846153846
0 0.19471153846153846 0.6742788461538461 0.18269230769230768 0.24278846153846154
0 0.3581730769230769 0.6514423076923077 0.09134615384615384 0.10096153846153846
0 0.4050480769230769 0.6274038461538461 0.06009615384615385 0.08173076923076923
0 0.5120192307692307 0.6574519230769231 0.11057692307692307 0.11298076923076923
0 0.5012019230769231 0.5949519230769231 0.10336538461538461 0.17548076923076922
0 0.6947115384615384 0.7091346153846154 0.2932692307692308 0.2548076923076923
4 0.8846153846153846 0.6117788461538461 0.028846153846153848 0.0985576923076923
2 0.859375 0.6358173076923077 0.055288461538461536 0.11778846153846154
2 0.9711538461538461 0.6165865384615384 0.04326923076923077 0.11778846153846154
0 0.2956730769230769 0.6382211538461539 0.052884615384615384 0.06490384615384616