0 0.49038461538461536 0.5913461538461539 0.11538461538461539 0.16346153846153846
0 0.03125 0.6887019230769231 0.0625 0.16105769230769232
0 0.15264423076923078 0.7019230769230769 0.21875 0.27403846153846156
0 0.2620192307692308 0.6646634615384616 0.057692307692307696 0.09375
0 0.33653846153846156 0.6706730769230769 0.10096153846153846 0.10576923076923077
0 0.38461538461538464 0.6442307692307693 0.07211538461538461 0.09134615384615384
0 0.5360576923076923 0.7379807692307693 0.2403846153846154 0.2644230769230769
4 0.9411057692307693 0.6334134615384616 0.05048076923076923 0.1466346153846154
4 0.8653846153846154 0.609375 0.02403846153846154 0.06971153846153846
4 0.8245192307692307 0.6189903846153846 0.02403846153846154 0.07451923076923077
2 0.6201923076923077 0.6286057692307693 0.02403846153846154 0.06009615384615385
2 0.6670673076923077 0.6418269230769231 0.03125 0.08653846153846154
2 0.7632211538461539 0.6346153846153846 0.055288461538461536 0.09134615384615384
2 0.8822115384615384 0.6670673076923077 0.07211538461538461 0.14182692307692307