0 0.078125 0.7980769230769231 0.15625 0.39903846153846156
0 0.2283653846153846 0.6971153846153846 0.17307692307692307 0.22115384615384615
0 0.3737980769230769 0.6802884615384616 0.08413461538461539 0.09134615384615384
0 0.41346153846153844 0.6622596153846154 0.057692307692307696 0.08413461538461539
0 0.5192307692307693 0.6862980769230769 0.10096153846153846 0.10336538461538461
0 0.5108173076923077 0.6237980769230769 0.0985576923076923 0.16105769230769232
0 0.9038461538461539 0.7379807692307693 0.1875 0.25961538461538464
0 0.1141826923076923 0.6694711538461539 0.07451923076923077 0.0985576923076923
0 0.45072115384615385 0.6622596153846154 0.026442307692307692 0.055288461538461536
0 0.31971153846153844 0.6682692307692307 0.04807692307692308 0.057692307692307696
4 0.8521634615384616 0.6430288461538461 0.04567307692307692 0.06009615384615385
4 0.9194711538461539 0.6105769230769231 0.021634615384615384 0.02403846153846154