0 0.039663461538461536 0.6478365384615384 0.04567307692307692 0.055288461538461536
0 0.09735576923076923 0.6598557692307693 0.07932692307692307 0.08413461538461539
0 0.10096153846153846 0.6117788461538461 0.08173076923076923 0.12740384615384615
2 0.3918269230769231 0.6814903846153846 0.0625 0.18509615384615385
4 0.5456730769230769 0.6225961538461539 0.03365384615384615 0.10576923076923077
2 0.6694711538461539 0.6850961538461539 0.15625 0.22596153846153846
2 0.8016826923076923 0.6814903846153846 0.1658653846153846 0.21875
2 0.8521634615384616 0.6346153846153846 0.07932692307692307 0.19230769230769232
0 0.9519230769230769 0.578125 0.09134615384615384 0.0889423076923077
0 0.7283653846153846 0.5829326923076923 0.09615384615384616 0.05048076923076923
0 0.8425480769230769 0.5757211538461539 0.13221153846153846 0.055288461538461536
0 0.046875 0.5949519230769231 0.026442307692307692 0.05048076923076923