0 0.14182692307692307 0.7295673076923077 0.23557692307692307 0.19951923076923078
0 0.7932692307692307 0.6850961538461539 0.23076923076923078 0.21634615384615385
0 0.4795673076923077 0.6550480769230769 0.08413461538461539 0.0985576923076923
0 0.3713942307692308 0.6646634615384616 0.08413461538461539 0.08413461538461539
0 0.5949519230769231 0.6742788461538461 0.11298076923076923 0.12259615384615384
0 0.6658653846153846 0.6826923076923077 0.10096153846153846 0.14423076923076922
0 0.5769230769230769 0.6418269230769231 0.08653846153846154 0.10576923076923077
4 0.22716346153846154 0.6430288461538461 0.03125 0.07932692307692307
2 0.31490384615384615 0.6538461538461539 0.028846153846153848 0.08653846153846154
4 0.038461538461538464 0.6658653846153846 0.03365384615384615 0.1346153846153846
0 0.2512019230769231 0.6490384615384616 0.09375 0.09615384615384616
0 0.4266826923076923 0.6334134615384616 0.036057692307692304 0.05048076923076923