0 0.9302884615384616 0.7175480769230769 0.1346153846153846 0.39663461538461536
0 0.8209134615384616 0.7127403846153846 0.23798076923076922 0.24278846153846154
0 0.6658653846153846 0.6766826923076923 0.17307692307692307 0.17548076923076922
0 0.5072115384615384 0.6526442307692307 0.1346153846153846 0.11298076923076923
0 0.3161057692307692 0.6826923076923077 0.13701923076923078 0.13942307692307693
0 0.05889423076923077 0.6682692307692307 0.11778846153846154 0.10576923076923077
4 0.17668269230769232 0.6538461538461539 0.040865384615384616 0.125
0 0.3786057692307692 0.6478365384615384 0.055288461538461536 0.08413461538461539
0 0.4254807692307692 0.6237980769230769 0.038461538461538464 0.06490384615384616
0 0.20432692307692307 0.6490384615384616 0.09615384615384616 0.11538461538461539
4 0.2704326923076923 0.6370192307692307 0.026442307692307692 0.0673076923076923
4 0.3004807692307692 0.6021634615384616 0.019230769230769232 0.026442307692307692