0 0.5228365384615384 0.7019230769230769 0.18028846153846154 0.17307692307692307
4 0.6225961538461539 0.6850961538461539 0.057692307692307696 0.19230769230769232
0 0.8509615384615384 0.7788461538461539 0.2980769230769231 0.35096153846153844
0 0.7439903846153846 0.7055288461538461 0.18990384615384615 0.2091346153846154
0 0.2512019230769231 0.7103365384615384 0.16105769230769232 0.15144230769230768
0 0.3485576923076923 0.6742788461538461 0.08653846153846154 0.0985576923076923
0 0.39903846153846156 0.6538461538461539 0.0673076923076923 0.09134615384615384
0 0.0889423076923077 0.6899038461538461 0.13942307692307693 0.17307692307692307
4 0.02403846153846154 0.6923076923076923 0.04807692307692308 0.1971153846153846
0 0.18269230769230768 0.6694711538461539 0.057692307692307696 0.07932692307692307
4 0.2764423076923077 0.6201923076923077 0.02403846153846154 0.03365384615384615
0 0.4362980769230769 0.640625 0.03125 0.06009615384615385