0 0.27163461538461536 0.75 0.21634615384615385 0.22115384615384615
0 0.5528846153846154 0.6899038461538461 0.14423076923076922 0.1346153846153846
4 0.5949519230769231 0.6923076923076923 0.040865384615384616 0.125
0 0.9134615384615384 0.7908653846153846 0.16826923076923078 0.32211538461538464
0 0.7740384615384616 0.7463942307692307 0.25 0.23798076923076922
0 0.38100961538461536 0.6899038461538461 0.0889423076923077 0.11057692307692307
0 0.05048076923076923 0.7019230769230769 0.10096153846153846 0.125
0 0.6899038461538461 0.6634615384615384 0.1201923076923077 0.16346153846153846
0 0.42908653846153844 0.6754807692307693 0.055288461538461536 0.08173076923076923
4 0.16947115384615385 0.6959134615384616 0.040865384615384616 0.1466346153846154
0 0.09735576923076923 0.6802884615384616 0.10817307692307693 0.09134615384615384
0 0.4579326923076923 0.6574519230769231 0.040865384615384616 0.06971153846153846