0 0.11899038461538461 0.6826923076923077 0.15625 0.12980769230769232
0 0.22716346153846154 0.6622596153846154 0.08413461538461539 0.0889423076923077
4 0.3449519230769231 0.6322115384615384 0.016826923076923076 0.0673076923076923
0 0.39302884615384615 0.6478365384615384 0.06971153846153846 0.06971153846153846
0 0.5132211538461539 0.6382211538461539 0.06490384615384616 0.06490384615384616
0 0.46153846153846156 0.6286057692307693 0.04326923076923077 0.04567307692307692
0 0.5997596153846154 0.6382211538461539 0.06971153846153846 0.07451923076923077
0 0.6959134615384616 0.6490384615384616 0.10817307692307693 0.10576923076923077
0 0.8449519230769231 0.6899038461538461 0.18509615384615385 0.17307692307692307
0 0.2439903846153846 0.6322115384615384 0.13221153846153846 0.0625
4 0.23677884615384615 0.6069711538461539 0.016826923076923076 0.021634615384615384