0 0.12379807692307693 0.6682692307692307 0.19951923076923078 0.15865384615384615
0 0.3016826923076923 0.6201923076923077 0.12740384615384615 0.07692307692307693
2 0.38100961538461536 0.6274038461538461 0.026442307692307692 0.0673076923076923
2 0.4050480769230769 0.6237980769230769 0.021634615384615384 0.06009615384615385
0 0.45072115384615385 0.6153846153846154 0.036057692307692304 0.03365384615384615
0 0.5168269230769231 0.6430288461538461 0.09134615384615384 0.0985576923076923
0 0.9278846153846154 0.7367788461538461 0.14423076923076922 0.2860576923076923
0 0.8569711538461539 0.6899038461538461 0.18028846153846154 0.18269230769230768
0 0.7680288461538461 0.6694711538461539 0.11778846153846154 0.14182692307692307
0 0.7043269230769231 0.6514423076923077 0.08653846153846154 0.11538461538461539
0 0.6382211538461539 0.6286057692307693 0.04567307692307692 0.06009615384615385
0 0.6129807692307693 0.6189903846153846 0.052884615384615384 0.06971153846153846