0 0.5552884615384616 0.6646634615384616 0.09615384615384616 0.11298076923076923
0 0.08774038461538461 0.6802884615384616 0.15625 0.20673076923076922
0 0.23317307692307693 0.6766826923076923 0.14423076923076922 0.13701923076923078
0 0.3605769230769231 0.6394230769230769 0.1201923076923077 0.07211538461538461
2 0.44711538461538464 0.6394230769230769 0.02403846153846154 0.057692307692307696
2 0.4050480769230769 0.6454326923076923 0.026442307692307692 0.06009615384615385
0 0.5036057692307693 0.6274038461538461 0.036057692307692304 0.038461538461538464
0 0.9314903846153846 0.6490384615384616 0.13221153846153846 0.46634615384615385
0 0.8161057692307693 0.6875 0.0985576923076923 0.14903846153846154
0 0.7692307692307693 0.6754807692307693 0.08653846153846154 0.1201923076923077
0 0.7247596153846154 0.6634615384615384 0.07451923076923077 0.10576923076923077
2 0.055288461538461536 0.7632211538461539 0.11057692307692307 0.3629807692307692
0 0.6730769230769231 0.6454326923076923 0.04326923076923077 0.06009615384615385
0 0.8545673076923077 0.7103365384615384 0.06490384615384616 0.17548076923076922