0 0.09735576923076923 0.6598557692307693 0.19471153846153846 0.13221153846153846
2 0.23317307692307693 0.6478365384615384 0.03365384615384615 0.07451923076923077
2 0.2668269230769231 0.6838942307692307 0.0625 0.13701923076923078
0 0.33533653846153844 0.6502403846153846 0.06971153846153846 0.06971153846153846
0 0.46033653846153844 0.6598557692307693 0.09375 0.10336538461538461
0 0.5372596153846154 0.6370192307692307 0.03125 0.04807692307692308
0 0.6153846153846154 0.6490384615384616 0.08653846153846154 0.1201923076923077
0 0.6658653846153846 0.6694711538461539 0.09615384615384616 0.11298076923076923
0 0.7824519230769231 0.6550480769230769 0.16105769230769232 0.18028846153846154
0 0.5612980769230769 0.6418269230769231 0.036057692307692304 0.08173076923076923
0 0.96875 0.8317307692307693 0.0625 0.27884615384615385