0 0.5120192307692307 0.6802884615384616 0.11538461538461539 0.12980769230769232
2 0.30528846153846156 0.6923076923076923 0.057692307692307696 0.14423076923076922
4 0.12259615384615384 0.6983173076923077 0.0625 0.19471153846153846
0 0.8353365384615384 0.6538461538461539 0.2764423076923077 0.3269230769230769
0 0.36177884615384615 0.6430288461538461 0.09375 0.06490384615384616
0 0.26802884615384615 0.6694711538461539 0.10817307692307693 0.11298076923076923
0 0.14903846153846154 0.6802884615384616 0.15384615384615385 0.14903846153846154
0 0.9278846153846154 0.7740384615384616 0.14423076923076922 0.34134615384615385
2 0.41466346153846156 0.6394230769230769 0.021634615384615384 0.04326923076923077
0 0.6802884615384616 0.6730769230769231 0.057692307692307696 0.10096153846153846
0 0.6514423076923077 0.6586538461538461 0.057692307692307696 0.08653846153846154
0 0.6213942307692307 0.6502403846153846 0.036057692307692304 0.06009615384615385
0 0.03365384615384615 0.6153846153846154 0.0673076923076923 0.14423076923076922
4 0.234375 0.6165865384615384 0.016826923076923076 0.021634615384615384