0 0.07451923076923077 0.6382211538461539 0.08653846153846154 0.0889423076923077
0 0.18870192307692307 0.6442307692307693 0.17548076923076922 0.10096153846153846
2 0.28846153846153844 0.6418269230769231 0.028846153846153848 0.07692307692307693
2 0.3389423076923077 0.6502403846153846 0.038461538461538464 0.0889423076923077
0 0.3918269230769231 0.6334134615384616 0.052884615384615384 0.05048076923076923
0 0.484375 0.65625 0.0889423076923077 0.10096153846153846
0 0.6069711538461539 0.6322115384615384 0.07451923076923077 0.09615384615384616
0 0.6418269230769231 0.6490384615384616 0.0673076923076923 0.09134615384615384
0 0.7175480769230769 0.6382211538461539 0.0985576923076923 0.13701923076923078
0 0.8377403846153846 0.7007211538461539 0.2091346153846154 0.22355769230769232
0 0.9447115384615384 0.7487980769230769 0.11057692307692307 0.25721153846153844
0 0.5492788461538461 0.6262019230769231 0.03125 0.04567307692307692