0 0.1310096153846154 0.7788461538461539 0.2620192307692308 0.2692307692307692
0 0.8870192307692307 0.7427884615384616 0.22115384615384615 0.28365384615384615
0 0.41225961538461536 0.6959134615384616 0.10817307692307693 0.10817307692307693
0 0.5817307692307693 0.6862980769230769 0.07692307692307693 0.08413461538461539
0 0.7079326923076923 0.6923076923076923 0.09375 0.08173076923076923
2 0.3473557692307692 0.6947115384615384 0.026442307692307692 0.07692307692307693
0 0.4795673076923077 0.6911057692307693 0.05048076923076923 0.06971153846153846
0 0.7788461538461539 0.7235576923076923 0.07211538461538461 0.16346153846153846
0 0.6634615384615384 0.6766826923076923 0.057692307692307696 0.08413461538461539
0 0.5240384615384616 0.6658653846153846 0.04326923076923077 0.03365384615384615
0 0.31490384615384615 0.6802884615384616 0.04807692307692308 0.04807692307692308