0 0.921875 0.6742788461538461 0.15625 0.43509615384615385
0 0.7043269230769231 0.6382211538461539 0.21153846153846154 0.18028846153846154
0 0.2692307692307692 0.6310096153846154 0.1346153846153846 0.12740384615384615
0 0.38100961538461536 0.609375 0.06490384615384616 0.07451923076923077
0 0.49038461538461536 0.6165865384615384 0.08173076923076923 0.08413461538461539
0 0.5877403846153846 0.6177884615384616 0.07451923076923077 0.08173076923076923
0 0.11177884615384616 0.6165865384615384 0.10336538461538461 0.06971153846153846
0 0.02283653846153846 0.6105769230769231 0.04567307692307692 0.09615384615384616
0 0.06129807692307692 0.6117788461538461 0.05048076923076923 0.07451923076923077
0 0.42427884615384615 0.6057692307692307 0.03125 0.057692307692307696
0 0.3449519230769231 0.5985576923076923 0.03125 0.04326923076923077