0 0.8185096153846154 0.7740384615384616 0.23798076923076922 0.35096153846153844
0 0.6370192307692307 0.7259615384615384 0.16346153846153846 0.16346153846153846
0 0.296875 0.7115384615384616 0.0985576923076923 0.09615384615384616
0 0.4483173076923077 0.7115384615384616 0.08413461538461539 0.09615384615384616
0 0.5408653846153846 0.7055288461538461 0.0625 0.06971153846153846
0 0.3701923076923077 0.6995192307692307 0.057692307692307696 0.07211538461538461
2 0.1971153846153846 0.7019230769230769 0.04326923076923077 0.08653846153846154
0 0.02283653846153846 0.6862980769230769 0.04567307692307692 0.0889423076923077
0 0.10336538461538461 0.6947115384615384 0.08653846153846154 0.07211538461538461
0 0.14302884615384615 0.6935096153846154 0.055288461538461536 0.06490384615384616
0 0.038461538461538464 0.8377403846153846 0.07692307692307693 0.30528846153846156