0 0.05889423076923077 0.5168269230769231 0.11778846153846154 0.10096153846153846
0 0.14543269230769232 0.5 0.09375 0.09134615384615384
0 0.20432692307692307 0.49759615384615385 0.052884615384615384 0.0673076923076923
0 0.2512019230769231 0.49158653846153844 0.06009615384615385 0.055288461538461536
0 0.28365384615384615 0.48197115384615385 0.04326923076923077 0.055288461538461536
0 0.3329326923076923 0.47115384615384615 0.04567307692307692 0.052884615384615384
0 0.47475961538461536 0.46153846153846156 0.026442307692307692 0.028846153846153848
0 0.5949519230769231 0.6334134615384616 0.34375 0.35336538461538464
0 0.9387019230769231 0.44711538461538464 0.11778846153846154 0.12980769230769232
0 0.7896634615384616 0.42908653846153844 0.04567307692307692 0.0985576923076923
0 0.9002403846153846 0.4338942307692308 0.11778846153846154 0.09375
0 0.7524038461538461 0.4423076923076923 0.038461538461538464 0.04326923076923077
0 0.36658653846153844 0.46875 0.036057692307692304 0.04326923076923077