0 0.054086538461538464 0.5348557692307693 0.10817307692307693 0.17548076923076922
0 0.5997596153846154 0.6286057692307693 0.34375 0.37259615384615385
0 0.14543269230769232 0.5 0.09375 0.09134615384615384
0 0.2512019230769231 0.49158653846153844 0.06009615384615385 0.055288461538461536
0 0.20552884615384615 0.49759615384615385 0.05048076923076923 0.0625
0 0.3317307692307692 0.47115384615384615 0.04326923076923077 0.052884615384615384
0 0.2860576923076923 0.4831730769230769 0.038461538461538464 0.052884615384615384
0 0.4723557692307692 0.46274038461538464 0.026442307692307692 0.03125
0 0.9411057692307693 0.45072115384615385 0.11778846153846154 0.13221153846153846
0 0.7896634615384616 0.4254807692307692 0.040865384615384616 0.09134615384615384
0 0.9014423076923077 0.43990384615384615 0.1201923076923077 0.09615384615384616
0 0.7463942307692307 0.44471153846153844 0.05048076923076923 0.04326923076923077
0 0.36778846153846156 0.4675480769230769 0.03365384615384615 0.04567307692307692