0 0.05889423076923077 0.5168269230769231 0.11778846153846154 0.10096153846153846
0 0.14302884615384615 0.49759615384615385 0.0985576923076923 0.09134615384615384
0 0.20552884615384615 0.4987980769230769 0.05048076923076923 0.06971153846153846
0 0.2512019230769231 0.49278846153846156 0.06009615384615385 0.057692307692307696
0 0.2848557692307692 0.48197115384615385 0.040865384615384616 0.055288461538461536
0 0.3329326923076923 0.4699519230769231 0.040865384615384616 0.05048076923076923
0 0.4651442307692308 0.46033653846153844 0.021634615384615384 0.026442307692307692
0 0.49158653846153844 0.4579326923076923 0.021634615384615384 0.026442307692307692
0 0.5949519230769231 0.6322115384615384 0.3389423076923077 0.34615384615384615
0 0.9411057692307693 0.45072115384615385 0.11778846153846154 0.13221153846153846
0 0.9002403846153846 0.44471153846153844 0.11778846153846154 0.10576923076923077
0 0.7908653846153846 0.4254807692307692 0.04807692307692308 0.09134615384615384
0 0.7512019230769231 0.44591346153846156 0.040865384615384616 0.05048076923076923
0 0.36538461538461536 0.46875 0.028846153846153848 0.04807692307692308