0 0.05889423076923077 0.5168269230769231 0.11778846153846154 0.10096153846153846
0 0.14302884615384615 0.5 0.0985576923076923 0.09134615384615384
0 0.20552884615384615 0.49759615384615385 0.055288461538461536 0.0673076923076923
0 0.25240384615384615 0.49038461538461536 0.0625 0.057692307692307696
0 0.2848557692307692 0.48197115384615385 0.040865384615384616 0.055288461538461536
0 0.3317307692307692 0.47115384615384615 0.04326923076923077 0.052884615384615384
0 0.4855769230769231 0.46033653846153844 0.02403846153846154 0.026442307692307692
0 0.5949519230769231 0.6334134615384616 0.3389423076923077 0.3485576923076923
0 0.9399038461538461 0.44591346153846156 0.1201923076923077 0.12740384615384615
0 0.8978365384615384 0.44591346153846156 0.11298076923076923 0.10817307692307693
0 0.7908653846153846 0.4254807692307692 0.04807692307692308 0.09134615384615384
0 0.7512019230769231 0.44471153846153844 0.040865384615384616 0.04807692307692308
0 0.36538461538461536 0.4675480769230769 0.03365384615384615 0.04567307692307692