0 0.5949519230769231 0.6322115384615384 0.34375 0.34615384615384615
0 0.9387019230769231 0.45072115384615385 0.11778846153846154 0.13221153846153846
0 0.46153846153846156 0.46274038461538464 0.02403846153846154 0.026442307692307692
0 0.4963942307692308 0.45552884615384615 0.021634615384615384 0.026442307692307692
0 0.056490384615384616 0.5168269230769231 0.11298076923076923 0.10096153846153846
0 0.14543269230769232 0.4987980769230769 0.0889423076923077 0.0889423076923077
0 0.203125 0.4987980769230769 0.05048076923076923 0.06490384615384616
0 0.25 0.49038461538461536 0.052884615384615384 0.0625
0 0.2860576923076923 0.4831730769230769 0.038461538461538464 0.057692307692307696
0 0.3317307692307692 0.47115384615384615 0.04326923076923077 0.052884615384615384
0 0.36177884615384615 0.4699519230769231 0.026442307692307692 0.04567307692307692
0 0.8233173076923077 0.43149038461538464 0.10817307692307693 0.10817307692307693