0 0.5949519230769231 0.6442307692307693 0.34375 0.3701923076923077
0 0.39302884615384615 0.48197115384615385 0.05048076923076923 0.05048076923076923
0 0.05889423076923077 0.5192307692307693 0.11778846153846154 0.10096153846153846
0 0.14182692307692307 0.5012019230769231 0.09615384615384616 0.09375
0 0.20552884615384615 0.4987980769230769 0.05048076923076923 0.06971153846153846
0 0.25240384615384615 0.4891826923076923 0.057692307692307696 0.06490384615384616
0 0.28966346153846156 0.484375 0.036057692307692304 0.06009615384615385
0 0.3317307692307692 0.47475961538461536 0.04326923076923077 0.06009615384615385
0 0.9783653846153846 0.4675480769230769 0.038461538461538464 0.10817307692307693
0 0.9387019230769231 0.45072115384615385 0.11778846153846154 0.12740384615384615
0 0.8497596153846154 0.42788461538461536 0.16105769230769232 0.09615384615384616
4 0.47716346153846156 0.46033653846153844 0.007211538461538462 0.021634615384615384