0 0.5949519230769231 0.6358173076923077 0.34375 0.3629807692307692
0 0.05889423076923077 0.5168269230769231 0.11778846153846154 0.10096153846153846
0 0.14302884615384615 0.49759615384615385 0.0985576923076923 0.09134615384615384
0 0.20432692307692307 0.49759615384615385 0.052884615384615384 0.0673076923076923
0 0.2512019230769231 0.49158653846153844 0.06009615384615385 0.055288461538461536
0 0.28125 0.484375 0.052884615384615384 0.055288461538461536
0 0.3317307692307692 0.4699519230769231 0.04326923076923077 0.05048076923076923
0 0.41947115384615385 0.47596153846153844 0.04567307692307692 0.04326923076923077
4 0.46634615384615385 0.46153846153846156 0.009615384615384616 0.028846153846153848
4 0.47716346153846156 0.46033653846153844 0.007211538461538462 0.021634615384615384
0 0.9411057692307693 0.45072115384615385 0.11778846153846154 0.13221153846153846
0 0.3641826923076923 0.4675480769230769 0.026442307692307692 0.04567307692307692
0 0.8233173076923077 0.43509615384615385 0.10817307692307693 0.10096153846153846