0 0.59375 0.640625 0.34134615384615385 0.37259615384615385
0 0.057692307692307696 0.5168269230769231 0.11538461538461539 0.10096153846153846
0 0.14302884615384615 0.5024038461538461 0.09375 0.09134615384615384
0 0.20673076923076922 0.49759615384615385 0.04807692307692308 0.0673076923076923
0 0.2512019230769231 0.49038461538461536 0.06009615384615385 0.0625
0 0.28846153846153844 0.48677884615384615 0.03365384615384615 0.06009615384615385
0 0.3317307692307692 0.47115384615384615 0.04807692307692308 0.052884615384615384
0 0.9795673076923077 0.45552884615384615 0.040865384615384616 0.12259615384615384
0 0.9387019230769231 0.45072115384615385 0.11778846153846154 0.13221153846153846
0 0.9014423076923077 0.44711538461538464 0.125 0.1201923076923077
0 0.8521634615384616 0.4362980769230769 0.15625 0.11298076923076923