0 0.5949519230769231 0.6370192307692307 0.34375 0.36538461538461536
0 0.5420673076923077 0.46033653846153844 0.07932692307692307 0.05048076923076923
0 0.14783653846153846 0.5 0.09375 0.09615384615384616
0 0.24879807692307693 0.4879807692307692 0.06009615384615385 0.0673076923076923
0 0.3329326923076923 0.4735576923076923 0.04567307692307692 0.0625
0 0.21153846153846154 0.4987980769230769 0.057692307692307696 0.06490384615384616
0 0.28966346153846156 0.4855769230769231 0.036057692307692304 0.052884615384615384
0 0.06129807692307692 0.5192307692307693 0.12259615384615384 0.10096153846153846
0 0.7920673076923077 0.43028846153846156 0.040865384615384616 0.11057692307692307
0 0.9194711538461539 0.44591346153846156 0.15625 0.12259615384615384
0 0.9387019230769231 0.45913461538461536 0.11778846153846154 0.12980769230769232