0 0.5949519230769231 0.640625 0.34375 0.3629807692307692
0 0.5480769230769231 0.4675480769230769 0.09134615384615384 0.06971153846153846
0 0.7872596153846154 0.4326923076923077 0.03125 0.10096153846153846
0 0.9038461538461539 0.43990384615384615 0.125 0.10096153846153846
0 0.9314903846153846 0.43990384615384615 0.10817307692307693 0.10576923076923077
0 0.05889423076923077 0.5168269230769231 0.11778846153846154 0.10096153846153846
0 0.14182692307692307 0.5 0.09134615384615384 0.09134615384615384
0 0.25 0.49278846153846156 0.0625 0.057692307692307696
0 0.20432692307692307 0.5012019230769231 0.057692307692307696 0.06490384615384616
0 0.2824519230769231 0.4831730769230769 0.04567307692307692 0.057692307692307696
0 0.3293269230769231 0.47115384615384615 0.04326923076923077 0.052884615384615384