0 0.5949519230769231 0.6502403846153846 0.34375 0.38221153846153844
0 0.05889423076923077 0.5168269230769231 0.11778846153846154 0.10576923076923077
0 0.14543269230769232 0.5024038461538461 0.09375 0.09134615384615384
0 0.20552884615384615 0.4987980769230769 0.05048076923076923 0.06971153846153846
0 0.25240384615384615 0.49278846153846156 0.057692307692307696 0.0625
0 0.2800480769230769 0.4831730769230769 0.05048076923076923 0.057692307692307696
0 0.3329326923076923 0.4723557692307692 0.04567307692307692 0.055288461538461536
0 0.9795673076923077 0.46153846153846156 0.040865384615384616 0.10096153846153846
0 0.9387019230769231 0.44591346153846156 0.11778846153846154 0.12740384615384615
0 0.9098557692307693 0.44591346153846156 0.14182692307692307 0.11778846153846154
0 0.8509615384615384 0.43509615384615385 0.16826923076923078 0.11057692307692307