0 0.5949519230769231 0.6382211538461539 0.34375 0.3581730769230769
0 0.5408653846153846 0.46634615384615385 0.08173076923076923 0.0673076923076923
0 0.056490384615384616 0.5228365384615384 0.11298076923076923 0.10817307692307693
0 0.140625 0.5036057692307693 0.0985576923076923 0.0985576923076923
0 0.25240384615384615 0.49038461538461536 0.0625 0.057692307692307696
0 0.20673076923076922 0.5 0.052884615384615384 0.0673076923076923
0 0.28725961538461536 0.4831730769230769 0.036057692307692304 0.052884615384615384
0 0.3317307692307692 0.47115384615384615 0.04326923076923077 0.052884615384615384
0 0.7884615384615384 0.43509615384615385 0.038461538461538464 0.11057692307692307
0 0.9098557692307693 0.44591346153846156 0.13701923076923078 0.10817307692307693
0 0.9387019230769231 0.4519230769230769 0.11778846153846154 0.11538461538461539