0 0.09254807692307693 0.5925480769230769 0.18509615384615385 0.24759615384615385
0 0.23197115384615385 0.5384615384615384 0.1658653846153846 0.1778846153846154
0 0.33052884615384615 0.5252403846153846 0.07451923076923077 0.11778846153846154
0 0.390625 0.5132211538461539 0.06971153846153846 0.0985576923076923
0 0.953125 0.5552884615384616 0.09375 0.17307692307692307
0 0.8798076923076923 0.5276442307692307 0.057692307692307696 0.13221153846153846
0 0.7644230769230769 0.4951923076923077 0.052884615384615384 0.08173076923076923
0 0.8100961538461539 0.5072115384615384 0.052884615384615384 0.10096153846153846
0 0.8401442307692307 0.515625 0.06009615384615385 0.10336538461538461
0 0.4579326923076923 0.4795673076923077 0.05048076923076923 0.07451923076923077
0 0.5769230769230769 0.47115384615384615 0.057692307692307696 0.03365384615384615
0 0.6346153846153846 0.4699519230769231 0.028846153846153848 0.03125
2 0.48197115384615385 0.5048076923076923 0.05048076923076923 0.11538461538461539