0 0.09134615384615384 0.5805288461538461 0.18269230769230768 0.25240384615384615
0 0.20673076923076922 0.5192307692307693 0.11538461538461539 0.125
0 0.4543269230769231 0.5024038461538461 0.10576923076923077 0.10576923076923077
0 0.6814903846153846 0.5180288461538461 0.1658653846153846 0.19951923076923078
0 0.7584134615384616 0.5600961538461539 0.15625 0.21634615384615385
0 0.2920673076923077 0.46153846153846156 0.026442307692307692 0.03365384615384615
0 0.328125 0.46274038461538464 0.021634615384615384 0.026442307692307692
0 0.3581730769230769 0.45552884615384615 0.014423076923076924 0.01201923076923077
0 0.46033653846153844 0.43509615384615385 0.055288461538461536 0.038461538461538464
0 0.8810096153846154 0.4519230769230769 0.23317307692307693 0.7307692307692307
0 0.5408653846153846 0.4807692307692308 0.0625 0.10576923076923077
0 0.5925480769230769 0.5060096153846154 0.06490384615384616 0.13701923076923078
2 0.29927884615384615 0.46153846153846156 0.01201923076923077 0.03365384615384615