0 0.046875 0.5805288461538461 0.09375 0.24278846153846154
0 0.2439903846153846 0.5288461538461539 0.21394230769230768 0.18269230769230768
0 0.3870192307692308 0.49158653846153844 0.09615384615384616 0.11298076923076923
2 0.5420673076923077 0.4807692307692308 0.016826923076923076 0.052884615384615384
0 0.5612980769230769 0.47596153846153844 0.036057692307692304 0.04807692307692308
0 0.6237980769230769 0.46033653846153844 0.01201923076923077 0.01201923076923077
0 0.9302884615384616 0.6899038461538461 0.1346153846153846 0.40865384615384615
0 0.8173076923076923 0.5036057692307693 0.08653846153846154 0.09375
0 0.8016826923076923 0.47115384615384615 0.08413461538461539 0.12980769230769232
0 0.7439903846153846 0.47475961538461536 0.03125 0.07451923076923077
0 0.06610576923076923 0.5012019230769231 0.13221153846153846 0.0985576923076923
0 0.12860576923076922 0.4699519230769231 0.13221153846153846 0.06971153846153846