0 0.052884615384615384 0.5408653846153846 0.10576923076923077 0.15384615384615385
0 0.1658653846153846 0.5084134615384616 0.12980769230769232 0.11778846153846154
0 0.24278846153846154 0.4891826923076923 0.0625 0.08413461538461539
0 0.5769230769230769 0.5444711538461539 0.16826923076923078 0.15144230769230768
0 0.8701923076923077 0.5661057692307693 0.21153846153846154 0.25721153846153844
0 0.9555288461538461 0.5793269230769231 0.0889423076923077 0.3557692307692308
0 0.7596153846153846 0.5396634615384616 0.1346153846153846 0.18509615384615385
0 0.5661057692307693 0.44350961538461536 0.06009615384615385 0.05048076923076923
0 0.7055288461538461 0.4963942307692308 0.11778846153846154 0.16105769230769232
2 0.37259615384615385 0.4795673076923077 0.014423076923076924 0.040865384615384616
0 0.4026442307692308 0.47716346153846156 0.03125 0.03125
0 0.4483173076923077 0.4675480769230769 0.01201923076923077 0.01201923076923077