0 0.07692307692307693 0.5300480769230769 0.15384615384615385 0.18509615384615385
0 0.17067307692307693 0.5240384615384616 0.08653846153846154 0.1201923076923077
0 0.2403846153846154 0.5072115384615384 0.07692307692307693 0.08653846153846154
0 0.27163461538461536 0.4951923076923077 0.0673076923076923 0.08653846153846154
0 0.33413461538461536 0.4831730769230769 0.02403846153846154 0.057692307692307696
0 0.359375 0.47716346153846156 0.03125 0.05048076923076923
0 0.4206730769230769 0.4831730769230769 0.052884615384615384 0.052884615384615384
0 0.4579326923076923 0.46274038461538464 0.01201923076923077 0.016826923076923076
0 0.5336538461538461 0.48677884615384615 0.04807692307692308 0.055288461538461536
0 0.9567307692307693 0.578125 0.08653846153846154 0.18509615384615385
0 0.8653846153846154 0.5540865384615384 0.1875 0.1658653846153846
0 0.7644230769230769 0.53125 0.09134615384615384 0.1346153846153846
0 0.7307692307692307 0.5036057692307693 0.1346153846153846 0.12740384615384615
0 0.6706730769230769 0.4639423076923077 0.11057692307692307 0.16346153846153846
4 0.18870192307692307 0.4519230769230769 0.026442307692307692 0.028846153846153848
0 0.3088942307692308 0.49038461538461536 0.026442307692307692 0.07211538461538461
0 0.27283653846153844 0.4795673076923077 0.10817307692307693 0.0889423076923077