0 0.04326923076923077 0.5432692307692307 0.08653846153846154 0.16826923076923078
0 0.10096153846153846 0.5036057692307693 0.11538461538461539 0.13221153846153846
0 0.21995192307692307 0.47836538461538464 0.05048076923076923 0.07692307692307693
0 0.25841346153846156 0.4723557692307692 0.05048076923076923 0.06971153846153846
0 0.3269230769230769 0.49038461538461536 0.07692307692307693 0.09615384615384616
0 0.4855769230769231 0.4855769230769231 0.0673076923076923 0.08173076923076923
0 0.8737980769230769 0.5444711538461539 0.24759615384615385 0.2620192307692308
0 0.6177884615384616 0.4891826923076923 0.08653846153846154 0.11778846153846154
0 0.7524038461538461 0.44350961538461536 0.22596153846153846 0.30528846153846156
4 0.040865384615384616 0.4423076923076923 0.028846153846153848 0.038461538461538464
0 0.16706730769230768 0.4963942307692308 0.06009615384615385 0.0985576923076923
0 0.13942307692307693 0.47115384615384615 0.13942307692307693 0.09615384615384616