0 0.8197115384615384 0.5456730769230769 0.20192307692307693 0.16346153846153846
0 0.7439903846153846 0.4831730769230769 0.17548076923076922 0.21634615384615385
2 0.25721153846153844 0.5132211538461539 0.04326923076923077 0.11298076923076923
0 0.3016826923076923 0.5060096153846154 0.07451923076923077 0.08413461538461539
0 0.3317307692307692 0.4735576923076923 0.03365384615384615 0.04326923076923077
0 0.37259615384615385 0.4639423076923077 0.014423076923076924 0.019230769230769232
0 0.6057692307692307 0.48197115384615385 0.0673076923076923 0.0889423076923077
0 0.38100961538461536 0.4651442307692308 0.01201923076923077 0.021634615384615384
0 0.41466346153846156 0.46153846153846156 0.01201923076923077 0.009615384615384616
0 0.042067307692307696 0.5360576923076923 0.08413461538461539 0.20673076923076922
0 0.5588942307692307 0.4879807692307692 0.03125 0.0673076923076923
0 0.6213942307692307 0.5024038461538461 0.040865384615384616 0.09134615384615384