0 0.07932692307692307 0.5288461538461539 0.15865384615384615 0.18269230769230768
0 0.9098557692307693 0.5492788461538461 0.17548076923076922 0.18028846153846154
0 0.8064903846153846 0.5240384615384616 0.12740384615384615 0.13942307692307693
0 0.7536057692307693 0.5096153846153846 0.06971153846153846 0.11057692307692307
0 0.7127403846153846 0.4963942307692308 0.06971153846153846 0.0889423076923077
4 0.6322115384615384 0.4795673076923077 0.019230769230769232 0.06009615384615385
0 0.5793269230769231 0.4735576923076923 0.052884615384615384 0.057692307692307696
0 0.6586538461538461 0.48197115384615385 0.0625 0.06009615384615385
0 0.5588942307692307 0.47115384615384615 0.03125 0.04326923076923077
0 0.22716346153846154 0.47115384615384615 0.10336538461538461 0.04326923076923077
0 0.2764423076923077 0.46634615384615385 0.0625 0.04326923076923077