0 0.03365384615384615 0.5108173076923077 0.0673076923076923 0.13221153846153846
0 0.07572115384615384 0.48677884615384615 0.11778846153846154 0.15144230769230768
0 0.15144230769230768 0.5024038461538461 0.03365384615384615 0.0673076923076923
0 0.17548076923076922 0.5012019230769231 0.04326923076923077 0.06971153846153846
0 0.21033653846153846 0.49759615384615385 0.03125 0.057692307692307696
0 0.2247596153846154 0.4891826923076923 0.036057692307692304 0.05048076923076923
0 0.29447115384615385 0.5036057692307693 0.09375 0.08413461538461539
0 0.4951923076923077 0.46875 0.038461538461538464 0.07692307692307693
0 0.9375 0.578125 0.1201923076923077 0.25240384615384615
0 0.8245192307692307 0.5420673076923077 0.19230769230769232 0.15625
0 0.7331730769230769 0.5204326923076923 0.11057692307692307 0.11778846153846154
0 0.6850961538461539 0.5084134615384616 0.07211538461538461 0.0985576923076923
0 0.6514423076923077 0.4963942307692308 0.08173076923076923 0.09375
0 0.6225961538461539 0.4831730769230769 0.0625 0.08173076923076923
0 0.5829326923076923 0.48677884615384615 0.036057692307692304 0.06009615384615385