0 0.042067307692307696 0.5240384615384616 0.08413461538461539 0.09615384615384616
0 0.09254807692307693 0.5012019230769231 0.09375 0.10336538461538461
0 0.14302884615384615 0.4579326923076923 0.0889423076923077 0.06971153846153846
0 0.1875 0.5276442307692307 0.15865384615384615 0.12740384615384615
0 0.2692307692307692 0.4879807692307692 0.02403846153846154 0.038461538461538464
0 0.3401442307692308 0.49158653846153844 0.06490384615384616 0.06009615384615385
0 0.43990384615384615 0.4723557692307692 0.04326923076923077 0.03125
0 0.4951923076923077 0.4699519230769231 0.04326923076923077 0.06490384615384616
0 0.90625 0.5600961538461539 0.1875 0.2548076923076923
0 0.8028846153846154 0.5336538461538461 0.12980769230769232 0.14903846153846154
0 0.7151442307692307 0.5228365384615384 0.11298076923076923 0.12259615384615384
0 0.6634615384615384 0.5096153846153846 0.0625 0.09615384615384616
0 0.6322115384615384 0.5024038461538461 0.04807692307692308 0.07692307692307693
0 0.6117788461538461 0.49158653846153844 0.04567307692307692 0.0889423076923077