0 0.025240384615384616 0.53125 0.05048076923076923 0.1201923076923077
0 0.07091346153846154 0.5192307692307693 0.0889423076923077 0.09134615384615384
0 0.11538461538461539 0.5036057692307693 0.07211538461538461 0.07451923076923077
0 0.15144230769230768 0.4879807692307692 0.07211538461538461 0.08653846153846154
0 0.18389423076923078 0.47115384615384615 0.06971153846153846 0.10096153846153846
0 0.28725961538461536 0.49759615384615385 0.09375 0.08653846153846154
0 0.36538461538461536 0.4831730769230769 0.052884615384615384 0.052884615384615384
0 0.39663461538461536 0.47115384615384615 0.02403846153846154 0.02403846153846154
0 0.4387019230769231 0.47115384615384615 0.040865384615384616 0.02403846153846154
0 0.4879807692307692 0.46634615384615385 0.038461538461538464 0.0625
0 0.8978365384615384 0.5685096153846154 0.19471153846153846 0.21394230769230768
0 0.7836538461538461 0.5216346153846154 0.16346153846153846 0.15384615384615385
0 0.7019230769230769 0.5108173076923077 0.0673076923076923 0.11778846153846154
0 0.6502403846153846 0.5048076923076923 0.06971153846153846 0.09615384615384616
0 0.6225961538461539 0.49759615384615385 0.04326923076923077 0.07692307692307693
0 0.6009615384615384 0.49399038461538464 0.028846153846153848 0.06971153846153846
0 0.5925480769230769 0.48677884615384615 0.055288461538461536 0.07451923076923077