0 0.11298076923076923 0.5204326923076923 0.125 0.08413461538461539
0 0.2091346153846154 0.5060096153846154 0.07692307692307693 0.06490384615384616
0 0.2644230769230769 0.49759615384615385 0.04807692307692308 0.057692307692307696
0 0.41947115384615385 0.4879807692307692 0.04567307692307692 0.052884615384615384
0 0.8557692307692307 0.5348557692307693 0.16826923076923078 0.13701923076923078
0 0.7596153846153846 0.5240384615384616 0.09615384615384616 0.11057692307692307
0 0.6971153846153846 0.5132211538461539 0.07692307692307693 0.0985576923076923
0 0.671875 0.5024038461538461 0.07932692307692307 0.08653846153846154
0 0.6262019230769231 0.49759615384615385 0.040865384615384616 0.0673076923076923
0 0.29086538461538464 0.47596153846153844 0.0673076923076923 0.08173076923076923
0 0.5949519230769231 0.48677884615384615 0.03125 0.05048076923076923
0 0.33774038461538464 0.4879807692307692 0.026442307692307692 0.04326923076923077
0 0.45072115384615385 0.48197115384615385 0.026442307692307692 0.036057692307692304