0 0.03245192307692308 0.49038461538461536 0.06490384615384616 0.1875
0 0.08774038461538461 0.515625 0.05048076923076923 0.09375
0 0.12379807692307693 0.5024038461538461 0.04567307692307692 0.08173076923076923
0 0.19951923076923078 0.5300480769230769 0.15865384615384615 0.13701923076923078
0 0.3545673076923077 0.47716346153846156 0.03125 0.036057692307692304
0 0.390625 0.48197115384615385 0.026442307692307692 0.03125
0 0.4266826923076923 0.47115384615384615 0.026442307692307692 0.03365384615384615
0 0.5036057692307693 0.46634615384615385 0.05048076923076923 0.08173076923076923
0 0.9459134615384616 0.5757211538461539 0.10817307692307693 0.23317307692307693
0 0.8786057692307693 0.5540865384615384 0.20432692307692307 0.17548076923076922
0 0.7668269230769231 0.5252403846153846 0.1201923076923077 0.13221153846153846
0 0.7091346153846154 0.5048076923076923 0.10576923076923077 0.11538461538461539
0 0.6622596153846154 0.48677884615384615 0.07932692307692307 0.10817307692307693
0 0.6105769230769231 0.49399038461538464 0.04326923076923077 0.06971153846153846