0 0.038461538461538464 0.5276442307692307 0.07692307692307693 0.10817307692307693
0 0.09014423076923077 0.5132211538461539 0.07932692307692307 0.09375
0 0.14182692307692307 0.5132211538461539 0.0673076923076923 0.08413461538461539
0 0.17668269230769232 0.5048076923076923 0.04567307692307692 0.0673076923076923
0 0.19831730769230768 0.49399038461538464 0.06490384615384616 0.06971153846153846
0 0.23798076923076922 0.4951923076923077 0.038461538461538464 0.0625
0 0.2620192307692308 0.49038461538461536 0.038461538461538464 0.04807692307692308
0 0.35096153846153844 0.48197115384615385 0.03365384615384615 0.040865384615384616
0 0.4170673076923077 0.47475961538461536 0.026442307692307692 0.036057692307692304
0 0.44471153846153844 0.47596153846153844 0.019230769230769232 0.028846153846153848
0 0.5396634615384616 0.46634615384615385 0.06971153846153846 0.10576923076923077
0 0.4963942307692308 0.48197115384615385 0.021634615384615384 0.040865384615384616
0 0.9387019230769231 0.5757211538461539 0.11778846153846154 0.27163461538461536
0 0.8485576923076923 0.5204326923076923 0.17307692307692307 0.20432692307692307
0 0.7307692307692307 0.5228365384615384 0.09615384615384616 0.11298076923076923
0 0.6875 0.5108173076923077 0.052884615384615384 0.09375
0 0.6550480769230769 0.4987980769230769 0.055288461538461536 0.08413461538461539