0 0.6850961538461539 0.48197115384615385 0.16346153846153846 0.22355769230769232
0 0.046875 0.5324519230769231 0.0889423076923077 0.15625
0 0.11538461538461539 0.5264423076923077 0.09134615384615384 0.11057692307692307
0 0.1814903846153846 0.5180288461538461 0.0889423076923077 0.0889423076923077
0 0.2247596153846154 0.5108173076923077 0.06009615384615385 0.08413461538461539
0 0.2668269230769231 0.4987980769230769 0.0673076923076923 0.08413461538461539
0 0.35336538461538464 0.49038461538461536 0.052884615384615384 0.0673076923076923
0 0.3894230769230769 0.48197115384615385 0.038461538461538464 0.06009615384615385
0 0.9423076923076923 0.5396634615384616 0.11538461538461539 0.24278846153846154
0 0.8521634615384616 0.5348557692307693 0.1466346153846154 0.15144230769230768
0 0.578125 0.49399038461538464 0.055288461538461536 0.07451923076923077
0 0.49158653846153844 0.47836538461538464 0.06971153846153846 0.038461538461538464
0 0.5408653846153846 0.47716346153846156 0.04326923076923077 0.055288461538461536
0 0.7992788461538461 0.5060096153846154 0.11778846153846154 0.14182692307692307
4 0.41586538461538464 0.4795673076923077 0.009615384615384616 0.036057692307692304
4 0.4338942307692308 0.4831730769230769 0.016826923076923076 0.038461538461538464
4 0.45072115384615385 0.48197115384615385 0.016826923076923076 0.04567307692307692