0 0.921875 0.5600961538461539 0.15144230769230768 0.21153846153846154
0 0.7644230769230769 0.5108173076923077 0.14423076923076922 0.10817307692307693
0 0.6959134615384616 0.5024038461538461 0.07932692307692307 0.10096153846153846
0 0.6706730769230769 0.49038461538461536 0.08173076923076923 0.09134615384615384
0 0.5913461538461539 0.5 0.08653846153846154 0.09134615384615384
0 0.037259615384615384 0.5348557692307693 0.07451923076923077 0.11298076923076923
0 0.09014423076923077 0.5048076923076923 0.10817307692307693 0.11538461538461539
0 0.15865384615384615 0.4987980769230769 0.04807692307692308 0.07932692307692307
0 0.20793269230769232 0.5072115384615384 0.0889423076923077 0.09134615384615384
0 0.2704326923076923 0.48677884615384615 0.055288461538461536 0.06490384615384616
2 0.328125 0.484375 0.026442307692307692 0.06490384615384616
0 0.453125 0.49278846153846156 0.15144230769230768 0.07692307692307693
0 0.9278846153846154 0.48197115384615385 0.14423076923076922 0.13701923076923078
0 0.32572115384615385 0.4879807692307692 0.055288461538461536 0.052884615384615384
0 0.3545673076923077 0.48197115384615385 0.03125 0.04567307692307692