0 0.027644230769230768 0.5324519230769231 0.055288461538461536 0.12259615384615384
0 0.08533653846153846 0.5228365384615384 0.08413461538461539 0.10336538461538461
0 0.13942307692307693 0.5132211538461539 0.0673076923076923 0.0889423076923077
0 0.17067307692307693 0.5024038461538461 0.07692307692307693 0.09134615384615384
0 0.21995192307692307 0.5024038461538461 0.04567307692307692 0.07692307692307693
0 0.24639423076923078 0.49759615384615385 0.04567307692307692 0.0625
0 0.35697115384615385 0.4855769230769231 0.040865384615384616 0.04326923076923077
0 0.4375 0.4795673076923077 0.0673076923076923 0.03125
0 0.5709134615384616 0.46875 0.07932692307692307 0.125
0 0.5204326923076923 0.484375 0.021634615384615384 0.04567307692307692
0 0.8990384615384616 0.5432692307692307 0.19230769230769232 0.16346153846153846
0 0.8028846153846154 0.5252403846153846 0.1201923076923077 0.12740384615384615
0 0.7391826923076923 0.5120192307692307 0.0889423076923077 0.10096153846153846
0 0.7127403846153846 0.49278846153846156 0.0889423076923077 0.11057692307692307
0 0.6526442307692307 0.4987980769230769 0.040865384615384616 0.06971153846153846