0 0.02403846153846154 0.5396634615384616 0.04807692307692308 0.14182692307692307
0 0.07211538461538461 0.5168269230769231 0.10096153846153846 0.10096153846153846
0 0.1141826923076923 0.4951923076923077 0.0889423076923077 0.11057692307692307
0 0.17307692307692307 0.49038461538461536 0.0625 0.09615384615384616
0 0.46033653846153844 0.5072115384615384 0.11298076923076923 0.10576923076923077
0 0.9375 0.5252403846153846 0.125 0.24759615384615385
0 0.8497596153846154 0.5036057692307693 0.15625 0.18990384615384615
0 0.6899038461538461 0.5144230769230769 0.16346153846153846 0.125
0 0.22235576923076922 0.4963942307692308 0.06009615384615385 0.06490384615384616
0 0.6322115384615384 0.4735576923076923 0.0625 0.07692307692307693
0 0.5925480769230769 0.4831730769230769 0.040865384615384616 0.0625
0 0.5709134615384616 0.47716346153846156 0.036057692307692304 0.055288461538461536
4 0.37740384615384615 0.46634615384615385 0.009615384615384616 0.038461538461538464
4 0.38822115384615385 0.4651442307692308 0.01201923076923077 0.040865384615384616