0 0.06129807692307692 0.5516826923076923 0.12259615384615384 0.1658653846153846
0 0.09735576923076923 0.5132211538461539 0.0889423076923077 0.10817307692307693
0 0.4567307692307692 0.5072115384615384 0.11057692307692307 0.10576923076923077
0 0.9038461538461539 0.5360576923076923 0.19230769230769232 0.16826923076923078
0 0.8209134615384616 0.5072115384615384 0.15625 0.16826923076923078
0 0.7427884615384616 0.4879807692307692 0.11057692307692307 0.1346153846153846
0 0.6370192307692307 0.5 0.12980769230769232 0.09134615384615384
0 0.15384615384615385 0.5024038461538461 0.057692307692307696 0.08173076923076923
0 0.17307692307692307 0.48677884615384615 0.0673076923076923 0.0889423076923077
0 0.2127403846153846 0.48197115384615385 0.055288461538461536 0.07932692307692307
4 0.38221153846153844 0.4639423076923077 0.009615384615384616 0.038461538461538464
4 0.3942307692307692 0.4651442307692308 0.014423076923076924 0.036057692307692304
4 0.41947115384615385 0.46274038461538464 0.01201923076923077 0.03125
0 0.2548076923076923 0.48677884615384615 0.038461538461538464 0.06009615384615385