0 0.48677884615384615 0.5048076923076923 0.11778846153846154 0.10576923076923077
0 0.1658653846153846 0.5228365384615384 0.15384615384615385 0.11778846153846154
0 0.040865384615384616 0.5216346153846154 0.08173076923076923 0.14423076923076922
0 0.24879807692307693 0.5048076923076923 0.0889423076923077 0.08653846153846154
0 0.28966346153846156 0.5 0.040865384615384616 0.07211538461538461
0 0.9098557692307693 0.5252403846153846 0.17548076923076922 0.18990384615384615
0 0.8112980769230769 0.5192307692307693 0.11778846153846154 0.1346153846153846
0 0.7632211538461539 0.5084134615384616 0.0889423076923077 0.10336538461538461
0 0.7235576923076923 0.49399038461538464 0.10096153846153846 0.0985576923076923
0 0.578125 0.4795673076923077 0.07451923076923077 0.06009615384615385
0 0.6634615384615384 0.49038461538461536 0.0625 0.07692307692307693
4 0.4098557692307692 0.46274038461538464 0.007211538461538462 0.03125
4 0.41586538461538464 0.46274038461538464 0.004807692307692308 0.03125