0 0.4639423076923077 0.5084134615384616 0.11538461538461539 0.11298076923076923
0 0.9206730769230769 0.5528846153846154 0.15384615384615385 0.19230769230769232
0 0.8161057692307693 0.5060096153846154 0.1466346153846154 0.1658653846153846
0 0.7259615384615384 0.5120192307692307 0.07211538461538461 0.10576923076923077
0 0.6899038461538461 0.5036057692307693 0.07692307692307693 0.09375
0 0.6466346153846154 0.49759615384615385 0.07211538461538461 0.08173076923076923
0 0.06129807692307692 0.5240384615384616 0.0985576923076923 0.10096153846153846
0 0.12620192307692307 0.5096153846153846 0.07451923076923077 0.08173076923076923
0 0.16826923076923078 0.5048076923076923 0.0625 0.07211538461538461
0 0.203125 0.4987980769230769 0.055288461538461536 0.06490384615384616
0 0.23317307692307693 0.49278846153846156 0.04807692307692308 0.057692307692307696
4 0.3545673076923077 0.4723557692307692 0.016826923076923076 0.05048076923076923
4 0.37259615384615385 0.4723557692307692 0.019230769230769232 0.05048076923076923
0 0.265625 0.49278846153846156 0.036057692307692304 0.052884615384615384
0 0.28125 0.48677884615384615 0.02403846153846154 0.04567307692307692
0 0.3004807692307692 0.4855769230769231 0.02403846153846154 0.04326923076923077
0 0.3112980769230769 0.4831730769230769 0.021634615384615384 0.038461538461538464
0 0.31971153846153844 0.47716346153846156 0.03365384615384615 0.036057692307692304
0 0.33653846153846156 0.47115384615384615 0.02403846153846154 0.038461538461538464
0 0.6033653846153846 0.4879807692307692 0.028846153846153848 0.0625
0 0.5901442307692307 0.4735576923076923 0.04567307692307692 0.07211538461538461
0 0.5600961538461539 0.47475961538461536 0.028846153846153848 0.06009615384615385
0 0.5372596153846154 0.4735576923076923 0.026442307692307692 0.04326923076923077