0 0.4963942307692308 0.6358173076923077 0.45913461538461536 0.49278846153846156
0 0.22355769230769232 0.5036057692307693 0.057692307692307696 0.04567307692307692
0 0.2512019230769231 0.5048076923076923 0.026442307692307692 0.038461538461538464
0 0.28846153846153844 0.5012019230769231 0.052884615384615384 0.05048076923076923
4 0.06850961538461539 0.5012019230769231 0.021634615384615384 0.05048076923076923
4 0.703125 0.484375 0.01201923076923077 0.04567307692307692
4 0.6911057692307693 0.48677884615384615 0.016826923076923076 0.040865384615384616
4 0.8100961538461539 0.484375 0.009615384615384616 0.016826923076923076
4 0.8786057692307693 0.4795673076923077 0.016826923076923076 0.040865384615384616
4 0.9026442307692307 0.4795673076923077 0.01201923076923077 0.036057692307692304
4 0.9110576923076923 0.4807692307692308 0.014423076923076924 0.03365384615384615