0 0.10817307692307693 0.5276442307692307 0.21634615384615385 0.2620192307692308
0 0.48677884615384615 0.5588942307692307 0.2764423076923077 0.31009615384615385
0 0.2512019230769231 0.5036057692307693 0.06490384615384616 0.05048076923076923
0 0.3004807692307692 0.5024038461538461 0.038461538461538464 0.038461538461538464
0 0.32572115384615385 0.5024038461538461 0.021634615384615384 0.03365384615384615
0 0.6358173076923077 0.49158653846153844 0.04567307692307692 0.04567307692307692
0 0.8497596153846154 0.49399038461538464 0.13221153846153846 0.06009615384615385
4 0.7115384615384616 0.48677884615384615 0.014423076923076924 0.04567307692307692
4 0.7223557692307693 0.4879807692307692 0.016826923076923076 0.038461538461538464
4 0.7668269230769231 0.484375 0.014423076923076924 0.04567307692307692
4 0.921875 0.4807692307692308 0.016826923076923076 0.03365384615384615
1 0.7490625000000001 0.6175240384615385 0.20728365384615385 0.10040865384615386
1 0.2667307692307692 0.6153125 0.14004807692307691 0.09199519230769232