0 0.1310096153846154 0.5901442307692307 0.24278846153846154 0.18990384615384615
0 0.3485576923076923 0.5204326923076923 0.08653846153846154 0.11298076923076923
0 0.5228365384615384 0.5216346153846154 0.08413461538461539 0.09134615384615384
0 0.24879807692307693 0.5228365384615384 0.01201923076923077 0.026442307692307692
4 0.7788461538461539 0.5036057692307693 0.014423076923076924 0.055288461538461536
4 0.8185096153846154 0.5024038461538461 0.016826923076923076 0.052884615384615384
0 0.65625 0.515625 0.0625 0.055288461538461536
0 0.6153846153846154 0.5204326923076923 0.03365384615384615 0.055288461538461536
0 0.040865384615384616 0.5432692307692307 0.08173076923076923 0.09134615384615384
0 0.4699519230769231 0.5168269230769231 0.03125 0.02403846153846154
0 0.39783653846153844 0.5168269230769231 0.016826923076923076 0.02403846153846154