0 0.484375 0.5324519230769231 0.21394230769230768 0.23317307692307693
0 0.1658653846153846 0.5132211538461539 0.1875 0.2091346153846154
0 0.28725961538461536 0.5036057692307693 0.04567307692307692 0.05048076923076923
0 0.31850961538461536 0.5024038461538461 0.03125 0.03365384615384615
0 0.3701923076923077 0.5 0.04326923076923077 0.04807692307692308
0 0.33653846153846156 0.5036057692307693 0.019230769230769232 0.036057692307692304
0 0.7427884615384616 0.49278846153846156 0.11057692307692307 0.052884615384615384
0 0.6382211538461539 0.49278846153846156 0.04567307692307692 0.04807692307692308
4 0.7103365384615384 0.47596153846153844 0.01201923076923077 0.02403846153846154
4 0.9254807692307693 0.4807692307692308 0.014423076923076924 0.03365384615384615
4 0.8930288461538461 0.4807692307692308 0.01201923076923077 0.03365384615384615
4 0.9074519230769231 0.48677884615384615 0.01201923076923077 0.01201923076923077