0 0.5072115384615384 0.5240384615384616 0.125 0.13942307692307693
0 0.12980769230769232 0.5228365384615384 0.09134615384615384 0.06971153846153846
0 0.36899038461538464 0.5180288461538461 0.040865384615384616 0.04567307692307692
0 0.3942307692307692 0.5192307692307693 0.019230769230769232 0.03365384615384615
0 0.17908653846153846 0.5216346153846154 0.026442307692307692 0.052884615384615384
0 0.2127403846153846 0.5216346153846154 0.03125 0.04326923076923077
0 0.2764423076923077 0.5180288461538461 0.11538461538461539 0.14182692307692307
0 0.6153846153846154 0.5144230769230769 0.07211538461538461 0.052884615384615384
4 0.7319711538461539 0.5024038461538461 0.01201923076923077 0.04807692307692308
4 0.7668269230769231 0.5036057692307693 0.014423076923076924 0.05048076923076923
4 0.9074519230769231 0.49278846153846156 0.01201923076923077 0.02403846153846154
4 0.671875 0.5048076923076923 0.01201923076923077 0.04326923076923077
0 0.02283653846153846 0.6754807692307693 0.04567307692307692 0.21153846153846154
0 0.9387019230769231 0.5048076923076923 0.11778846153846154 0.04807692307692308