0 0.12139423076923077 0.6129807692307693 0.24278846153846154 0.27403846153846156
0 0.38221153846153844 0.484375 0.0625 0.06490384615384616
0 0.21875 0.49759615384615385 0.11057692307692307 0.14423076923076922
0 0.921875 0.5420673076923077 0.15625 0.17548076923076922
0 0.7355769230769231 0.515625 0.12980769230769232 0.12740384615384615
0 0.6598557692307693 0.49759615384615385 0.06009615384615385 0.08653846153846154
0 0.6153846153846154 0.4891826923076923 0.057692307692307696 0.06971153846153846
0 0.34615384615384615 0.48197115384615385 0.028846153846153848 0.04567307692307692
0 0.2848557692307692 0.47716346153846156 0.026442307692307692 0.055288461538461536
0 0.5793269230769231 0.48677884615384615 0.03365384615384615 0.06009615384615385
0 0.5612980769230769 0.47716346153846156 0.03125 0.055288461538461536
0 0.5456730769230769 0.47475961538461536 0.028846153846153848 0.05048076923076923
0 0.5276442307692307 0.47596153846153844 0.026442307692307692 0.04326923076923077
0 0.31009615384615385 0.453125 0.019230769230769232 0.026442307692307692
0 0.3798076923076923 0.44471153846153844 0.014423076923076924 0.014423076923076924
0 0.3942307692307692 0.4423076923076923 0.014423076923076924 0.019230769230769232
0 0.4891826923076923 0.4675480769230769 0.040865384615384616 0.04567307692307692
0 0.47115384615384615 0.4651442307692308 0.019230769230769232 0.036057692307692304
0 0.4567307692307692 0.4675480769230769 0.02403846153846154 0.03125
0 0.4375 0.4675480769230769 0.019230769230769232 0.026442307692307692
0 0.42427884615384615 0.4411057692307692 0.01201923076923077 0.01201923076923077
0 0.43990384615384615 0.4411057692307692 0.009615384615384616 0.01201923076923077
0 0.4543269230769231 0.4326923076923077 0.009615384615384616 0.019230769230769232