0 0.07451923076923077 0.6021634615384616 0.14903846153846154 0.24759615384615385
0 0.125 0.5012019230769231 0.052884615384615384 0.05048076923076923
0 0.23197115384615385 0.5036057692307693 0.10336538461538461 0.13221153846153846
0 0.2956730769230769 0.4831730769230769 0.02403846153846154 0.038461538461538464
0 0.33413461538461536 0.4951923076923077 0.03365384615384615 0.04326923076923077
0 0.38461538461538464 0.5012019230769231 0.0673076923076923 0.07451923076923077
0 0.8786057692307693 0.5264423076923077 0.21394230769230768 0.16826923076923078
0 0.7439903846153846 0.5252403846153846 0.11778846153846154 0.10817307692307693
0 0.6754807692307693 0.5120192307692307 0.0673076923076923 0.09615384615384616
0 0.6009615384615384 0.5012019230769231 0.08653846153846154 0.0889423076923077
0 0.5456730769230769 0.49759615384615385 0.038461538461538464 0.057692307692307696
0 0.4543269230769231 0.4831730769230769 0.03365384615384615 0.038461538461538464
0 0.5324519230769231 0.49158653846153844 0.04567307692307692 0.055288461538461536
0 0.5060096153846154 0.4879807692307692 0.03125 0.04326923076923077
0 0.4879807692307692 0.4855769230769231 0.02403846153846154 0.038461538461538464
0 0.29447115384615385 0.4651442307692308 0.016826923076923076 0.016826923076923076
0 0.42788461538461536 0.4795673076923077 0.02403846153846154 0.026442307692307692
0 0.3713942307692308 0.4567307692307692 0.007211538461538462 0.009615384615384616
0 0.3942307692307692 0.4567307692307692 0.009615384615384616 0.009615384615384616
0 0.4110576923076923 0.45552884615384615 0.009615384615384616 0.01201923076923077
0 0.4206730769230769 0.45072115384615385 0.009615384615384616 0.016826923076923076