0 0.21634615384615385 0.5925480769230769 0.2932692307692308 0.25240384615384615
0 0.38461538461538464 0.47475961538461536 0.0625 0.06490384615384616
0 0.3473557692307692 0.46875 0.04567307692307692 0.052884615384615384
0 0.875 0.5240384615384616 0.1875 0.15865384615384615
0 0.75 0.5024038461538461 0.1346153846153846 0.11057692307692307
0 0.6742788461538461 0.4879807692307692 0.0985576923076923 0.10576923076923077
0 0.5072115384615384 0.4579326923076923 0.04326923076923077 0.05048076923076923
0 0.6153846153846154 0.4807692307692308 0.04807692307692308 0.0625
0 0.5612980769230769 0.4735576923076923 0.040865384615384616 0.057692307692307696
0 0.6009615384615384 0.4723557692307692 0.057692307692307696 0.06490384615384616
0 0.4735576923076923 0.4567307692307692 0.03365384615384615 0.038461538461538464
0 0.30649038461538464 0.43990384615384615 0.021634615384615384 0.028846153846153848
0 0.3762019230769231 0.4326923076923077 0.016826923076923076 0.014423076923076924
0 0.39903846153846156 0.4326923076923077 0.014423076923076924 0.019230769230769232
0 0.4483173076923077 0.45913461538461536 0.026442307692307692 0.03365384615384615
0 0.24639423076923078 0.44471153846153844 0.10336538461538461 0.0625
0 0.4338942307692308 0.4266826923076923 0.01201923076923077 0.01201923076923077
0 0.45072115384615385 0.42908653846153844 0.01201923076923077 0.01201923076923077
0 0.4651442307692308 0.421875 0.01201923076923077 0.021634615384615384
0 0.42427884615384615 0.4230769230769231 0.01201923076923077 0.009615384615384616