0 0.03125 0.5252403846153846 0.0625 0.11778846153846154
0 0.27524038461538464 0.5757211538461539 0.25240384615384615 0.23317307692307693
4 0.1045673076923077 0.46875 0.016826923076923076 0.057692307692307696
0 0.1346153846153846 0.4639423076923077 0.04807692307692308 0.04326923076923077
0 0.38822115384615385 0.4651442307692308 0.06490384615384616 0.06490384615384616
0 0.8918269230769231 0.5324519230769231 0.21153846153846154 0.17548076923076922
0 0.7620192307692307 0.5072115384615384 0.1201923076923077 0.125
0 0.7451923076923077 0.48197115384615385 0.1346153846153846 0.11298076923076923
0 0.6634615384615384 0.4831730769230769 0.0673076923076923 0.08653846153846154
0 0.5216346153846154 0.453125 0.052884615384615384 0.055288461538461536
0 0.2283653846153846 0.4639423076923077 0.125 0.10576923076923077
0 0.4807692307692308 0.45552884615384615 0.04326923076923077 0.040865384615384616
0 0.6346153846153846 0.4735576923076923 0.07211538461538461 0.07692307692307693
0 0.5901442307692307 0.4723557692307692 0.05048076923076923 0.06009615384615385
0 0.45552884615384615 0.4567307692307692 0.026442307692307692 0.03365384615384615
0 0.30649038461538464 0.4362980769230769 0.021634615384615384 0.03125
0 0.34375 0.4543269230769231 0.04326923076923077 0.03365384615384615
0 0.37259615384615385 0.43028846153846156 0.019230769230769232 0.014423076923076924
0 0.40024038461538464 0.4254807692307692 0.016826923076923076 0.014423076923076924
0 0.42788461538461536 0.4206730769230769 0.009615384615384616 0.009615384615384616
0 0.4423076923076923 0.4206730769230769 0.014423076923076924 0.014423076923076924
0 0.45913461538461536 0.4230769230769231 0.009615384615384616 0.014423076923076924
0 0.47475961538461536 0.41586538461538464 0.01201923076923077 0.019230769230769232