0 0.6730769230769231 0.484375 0.1201923076923077 0.12259615384615384
0 0.9459134615384616 0.5576923076923077 0.10336538461538461 0.21634615384615385
4 0.8149038461538461 0.45072115384615385 0.02403846153846154 0.055288461538461536
0 0.04447115384615385 0.484375 0.07932692307692307 0.06490384615384616
0 0.1201923076923077 0.47475961538461536 0.0673076923076923 0.06009615384615385
0 0.3317307692307692 0.5612980769230769 0.21153846153846154 0.2091346153846154
0 0.21634615384615385 0.49399038461538464 0.12980769230769232 0.1658653846153846
0 0.42788461538461536 0.46634615384615385 0.0625 0.07211538461538461
0 0.5697115384615384 0.4735576923076923 0.0673076923076923 0.07211538461538461
0 0.5240384615384616 0.4723557692307692 0.052884615384615384 0.06490384615384616
0 0.6105769230769231 0.4795673076923077 0.04807692307692308 0.09375
0 0.34134615384615385 0.44591346153846156 0.038461538461538464 0.03125
0 0.3894230769230769 0.4495192307692308 0.02403846153846154 0.028846153846153848
0 0.47475961538461536 0.43149038461538464 0.01201923076923077 0.01201923076923077
0 0.5204326923076923 0.43028846153846156 0.01201923076923077 0.014423076923076924
0 0.5048076923076923 0.42908653846153844 0.014423076923076924 0.01201923076923077
0 0.5348557692307693 0.42427884615384615 0.01201923076923077 0.016826923076923076