0 0.04927884615384615 0.5048076923076923 0.0985576923076923 0.09615384615384616
0 0.11298076923076923 0.5 0.0673076923076923 0.07692307692307693
0 0.19471153846153846 0.4987980769230769 0.14903846153846154 0.13701923076923078
0 0.36778846153846156 0.4987980769230769 0.17307692307692307 0.19471153846153846
0 0.5408653846153846 0.5552884615384616 0.20192307692307693 0.20673076923076922
0 0.5721153846153846 0.44350961538461536 0.057692307692307696 0.03125
0 0.9026442307692307 0.5204326923076923 0.18990384615384615 0.19471153846153846
0 0.7764423076923077 0.5180288461538461 0.14423076923076922 0.1466346153846154
0 0.7379807692307693 0.4675480769230769 0.0673076923076923 0.06971153846153846
0 0.5120192307692307 0.44471153846153844 0.02403846153846154 0.02403846153846154
0 0.2932692307692308 0.47475961538461536 0.04326923076923077 0.05048076923076923
0 0.7079326923076923 0.46153846153846156 0.05048076923076923 0.0673076923076923
0 0.6262019230769231 0.43509615384615385 0.01201923076923077 0.019230769230769232
0 0.6129807692307693 0.4423076923076923 0.009615384615384616 0.009615384615384616