0 0.31850961538461536 0.5108173076923077 0.16105769230769232 0.21394230769230768
0 0.41947115384615385 0.47475961538461536 0.055288461538461536 0.06490384615384616
0 0.5456730769230769 0.4723557692307692 0.0673076923076923 0.07451923076923077
0 0.6370192307692307 0.5240384615384616 0.14903846153846154 0.1346153846153846
0 0.7752403846153846 0.5024038461538461 0.12259615384615384 0.10576923076923077
0 0.9170673076923077 0.5240384615384616 0.1658653846153846 0.15865384615384615
4 0.8473557692307693 0.4483173076923077 0.026442307692307692 0.06009615384615385
0 0.47475961538461536 0.44711538461538464 0.01201923076923077 0.019230769230769232
0 0.47716346153846156 0.453125 0.01201923076923077 0.01201923076923077
4 0.6995192307692307 0.4423076923076923 0.009615384615384616 0.019230769230769232
4 0.7127403846153846 0.43990384615384615 0.01201923076923077 0.014423076923076924