0 0.8762019230769231 0.546875 0.24278846153846154 0.21394230769230768
4 0.8894230769230769 0.4254807692307692 0.02403846153846154 0.028846153846153848
4 0.9134615384615384 0.42788461538461536 0.019230769230769232 0.03365384615384615
0 0.5721153846153846 0.5192307692307693 0.15384615384615385 0.15384615384615385
0 0.5120192307692307 0.46274038461538464 0.04807692307692308 0.06971153846153846
0 0.41947115384615385 0.46153846153846156 0.040865384615384616 0.057692307692307696
0 0.27884615384615385 0.5456730769230769 0.28365384615384615 0.36538461538461536
0 0.7355769230769231 0.4326923076923077 0.04326923076923077 0.03365384615384615
0 0.7644230769230769 0.4375 0.04326923076923077 0.028846153846153848
0 0.8100961538461539 0.43990384615384615 0.0625 0.038461538461538464
0 0.46274038461538464 0.4423076923076923 0.01201923076923077 0.019230769230769232
0 0.46875 0.44591346153846156 0.009615384615384616 0.01201923076923077