0 0.03485576923076923 0.4879807692307692 0.06971153846153846 0.08173076923076923
0 0.06850961538461539 0.5180288461538461 0.13701923076923078 0.12259615384615384
0 0.32091346153846156 0.5084134615384616 0.1466346153846154 0.20432692307692307
0 0.41225961538461536 0.4879807692307692 0.04567307692307692 0.0625
0 0.5240384615384616 0.4879807692307692 0.0673076923076923 0.08173076923076923
0 0.6141826923076923 0.5432692307692307 0.16105769230769232 0.15865384615384615
0 0.7596153846153846 0.5084134615384616 0.11538461538461539 0.10817307692307693
0 0.8978365384615384 0.5444711538461539 0.20432692307692307 0.18028846153846154
4 0.8653846153846154 0.44471153846153844 0.02403846153846154 0.04807692307692308
0 0.45552884615384615 0.4579326923076923 0.01201923076923077 0.016826923076923076
0 0.4567307692307692 0.4639423076923077 0.009615384615384616 0.014423076923076924