0 0.23076923076923078 0.49759615384615385 0.08653846153846154 0.07692307692307693
0 0.3425480769230769 0.4723557692307692 0.040865384615384616 0.04567307692307692
0 0.4074519230769231 0.47596153846153844 0.040865384615384616 0.04326923076923077
0 0.4651442307692308 0.47115384615384615 0.026442307692307692 0.02403846153846154
0 0.5096153846153846 0.4951923076923077 0.08653846153846154 0.08173076923076923
0 0.6574519230769231 0.5036057692307693 0.15144230769230768 0.18990384615384615
0 0.8569711538461539 0.453125 0.06971153846153846 0.055288461538461536
0 0.9230769230769231 0.4675480769230769 0.14903846153846154 0.06971153846153846
0 0.7403846153846154 0.4567307692307692 0.09134615384615384 0.052884615384615384
0 0.7764423076923077 0.46033653846153844 0.0625 0.03125
4 0.8185096153846154 0.46153846153846156 0.01201923076923077 0.052884615384615384