4 0.018028846153846152 0.47716346153846156 0.021634615384615384 0.05048076923076923
4 0.30288461538461536 0.46153846153846156 0.019230769230769232 0.04807692307692308
0 0.3389423076923077 0.44350961538461536 0.02403846153846154 0.026442307692307692
4 0.3762019230769231 0.4495192307692308 0.01201923076923077 0.038461538461538464
2 0.39302884615384615 0.4519230769230769 0.01201923076923077 0.03365384615384615
0 0.43149038461538464 0.4483173076923077 0.026442307692307692 0.036057692307692304
0 0.4519230769230769 0.4362980769230769 0.019230769230769232 0.026442307692307692
0 0.4735576923076923 0.4338942307692308 0.014423076923076924 0.026442307692307692
0 0.5120192307692307 0.5564903846153846 0.23076923076923078 0.23317307692307693
4 0.8221153846153846 0.45072115384615385 0.014423076923076924 0.06490384615384616
4 0.8353365384615384 0.4423076923076923 0.016826923076923076 0.08173076923076923
4 0.24158653846153846 0.453125 0.01201923076923077 0.026442307692307692