0 0.046875 0.6057692307692307 0.09375 0.3173076923076923
0 0.5264423076923077 0.5973557692307693 0.25961538461538464 0.27163461538461536
4 0.36538461538461536 0.4675480769230769 0.019230769230769232 0.05048076923076923
4 0.4266826923076923 0.46274038461538464 0.01201923076923077 0.036057692307692304
4 0.4387019230769231 0.46274038461538464 0.01201923076923077 0.03125
4 0.41225961538461536 0.46274038461538464 0.01201923076923077 0.021634615384615384
0 0.4723557692307692 0.4567307692307692 0.026442307692307692 0.03365384615384615
0 0.49399038461538464 0.4495192307692308 0.016826923076923076 0.02403846153846154
0 0.5120192307692307 0.4495192307692308 0.014423076923076924 0.019230769230769232
0 0.5324519230769231 0.4495192307692308 0.01201923076923077 0.028846153846153848
4 0.0625 0.47836538461538464 0.02403846153846154 0.07692307692307693