4 0.008413461538461538 0.48197115384615385 0.016826923076923076 0.040865384615384616
4 0.04927884615384615 0.47836538461538464 0.021634615384615384 0.052884615384615384
4 0.06971153846153846 0.48677884615384615 0.014423076923076924 0.036057692307692304
4 0.23677884615384615 0.4699519230769231 0.01201923076923077 0.040865384615384616
0 0.31850961538461536 0.4891826923076923 0.06009615384615385 0.055288461538461536
4 0.25600961538461536 0.4699519230769231 0.01201923076923077 0.036057692307692304
0 0.9074519230769231 0.4795673076923077 0.10817307692307693 0.12259615384615384
0 0.734375 0.4699519230769231 0.03125 0.07932692307692307
0 0.6574519230769231 0.47115384615384615 0.04567307692307692 0.04326923076923077
0 0.765625 0.4699519230769231 0.040865384615384616 0.040865384615384616
0 0.38461538461538464 0.45552884615384615 0.019230769230769232 0.03125
0 0.40625 0.45913461538461536 0.019230769230769232 0.02403846153846154
0 0.42427884615384615 0.453125 0.016826923076923076 0.016826923076923076
0 0.43990384615384615 0.4543269230769231 0.014423076923076924 0.014423076923076924
0 0.4519230769230769 0.44591346153846156 0.014423076923076924 0.01201923076923077
0 0.4651442307692308 0.5420673076923077 0.17067307692307693 0.17548076923076922
4 0.22716346153846154 0.4723557692307692 0.007211538461538462 0.036057692307692304
2 0.28846153846153844 0.47596153846153844 0.014423076923076924 0.04326923076923077