0 0.036057692307692304 0.5961538461538461 0.07211538461538461 0.2692307692307692
0 0.052884615384615384 0.5300480769230769 0.07211538461538461 0.12740384615384615
0 0.1201923076923077 0.5060096153846154 0.09615384615384616 0.10336538461538461
0 0.21754807692307693 0.49278846153846156 0.06490384615384616 0.07211538461538461
0 0.2548076923076923 0.4879807692307692 0.038461538461538464 0.057692307692307696
0 0.2956730769230769 0.47596153846153844 0.03365384615384615 0.04807692307692308
0 0.3701923076923077 0.4831730769230769 0.04326923076923077 0.052884615384615384
0 0.39663461538461536 0.4675480769230769 0.028846153846153848 0.03125
0 0.4807692307692308 0.49158653846153844 0.0673076923076923 0.07451923076923077
4 0.9086538461538461 0.48197115384615385 0.038461538461538464 0.12259615384615384
4 0.9543269230769231 0.47596153846153844 0.03365384615384615 0.125