0 0.057692307692307696 0.4987980769230769 0.11057692307692307 0.11298076923076923
0 0.2247596153846154 0.47475961538461536 0.08413461538461539 0.06971153846153846
0 0.3293269230769231 0.4831730769230769 0.057692307692307696 0.07211538461538461
0 0.5144230769230769 0.4987980769230769 0.09134615384615384 0.0889423076923077
0 0.6514423076923077 0.4543269230769231 0.13942307692307693 0.11057692307692307
0 0.671875 0.49038461538461536 0.10817307692307693 0.08653846153846154
0 0.8461538461538461 0.5144230769230769 0.23076923076923078 0.1346153846153846
4 0.4387019230769231 0.46634615384615385 0.01201923076923077 0.038461538461538464
4 0.47596153846153844 0.46153846153846156 0.009615384615384616 0.04326923076923077
0 0.3701923076923077 0.47115384615384615 0.04326923076923077 0.052884615384615384
0 0.39903846153846156 0.46875 0.02403846153846154 0.04807692307692308