0 0.030048076923076924 0.5120192307692307 0.055288461538461536 0.07692307692307693
0 0.05889423076923077 0.48197115384615385 0.0985576923076923 0.10336538461538461
0 0.17548076923076922 0.5036057692307693 0.09615384615384616 0.10817307692307693
0 0.22235576923076922 0.48677884615384615 0.0889423076923077 0.11298076923076923
0 0.2932692307692308 0.4723557692307692 0.0625 0.07451923076923077
0 0.44350961538461536 0.5324519230769231 0.21875 0.17548076923076922
4 0.36899038461538464 0.4567307692307692 0.016826923076923076 0.028846153846153848
4 0.38221153846153844 0.45552884615384615 0.014423076923076924 0.021634615384615384
4 0.3954326923076923 0.4567307692307692 0.01201923076923077 0.02403846153846154
0 0.5637019230769231 0.46875 0.07932692307692307 0.0673076923076923
0 0.6009615384615384 0.484375 0.08653846153846154 0.06971153846153846
0 0.7427884615384616 0.4567307692307692 0.23557692307692307 0.18269230769230768
0 0.8473557692307693 0.4987980769230769 0.27163461538461536 0.17548076923076922
0 0.8810096153846154 0.5492788461538461 0.22355769230769232 0.18509615384615385
0 0.9495192307692307 0.5853365384615384 0.09615384615384616 0.24759615384615385