0 0.03365384615384615 0.4567307692307692 0.0673076923076923 0.36538461538461536
4 0.09495192307692307 0.5012019230769231 0.04567307692307692 0.11298076923076923
4 0.12620192307692307 0.49399038461538464 0.040865384615384616 0.11298076923076923
4 0.20793269230769232 0.4543269230769231 0.021634615384615384 0.08653846153846154
0 0.3473557692307692 0.4831730769230769 0.18028846153846154 0.07211538461538461
0 0.4362980769230769 0.43990384615384615 0.17067307692307693 0.09615384615384616
0 0.6057692307692307 0.4495192307692308 0.02403846153846154 0.03365384615384615
4 0.6418269230769231 0.4495192307692308 0.009615384615384616 0.04807692307692308
0 0.6358173076923077 0.49158653846153844 0.0985576923076923 0.07932692307692307
0 0.6742788461538461 0.5 0.14182692307692307 0.11057692307692307
0 0.7692307692307693 0.5180288461538461 0.23557692307692307 0.17067307692307693
0 0.8629807692307693 0.5552884615384616 0.27403846153846156 0.1875