0 0.359375 0.45552884615384615 0.10336538461538461 0.12259615384615384
4 0.44350961538461536 0.44350961538461536 0.016826923076923076 0.026442307692307692
0 0.4338942307692308 0.47115384615384615 0.05048076923076923 0.04807692307692308
0 0.49759615384615385 0.46875 0.07692307692307693 0.04807692307692308
4 0.5456730769230769 0.47475961538461536 0.019230769230769232 0.06009615384615385
0 0.9230769230769231 0.5685096153846154 0.1346153846153846 0.16105769230769232
0 0.8918269230769231 0.5396634615384616 0.1875 0.13701923076923078
0 0.8449519230769231 0.5264423076923077 0.1466346153846154 0.12980769230769232
0 0.7524038461538461 0.5240384615384616 0.10096153846153846 0.10576923076923077
0 0.7055288461538461 0.5060096153846154 0.09375 0.07932692307692307
0 0.6418269230769231 0.49278846153846156 0.08173076923076923 0.057692307692307696
0 0.5384615384615384 0.45913461538461536 0.08653846153846154 0.07211538461538461