0 0.037259615384615384 0.5384615384615384 0.06971153846153846 0.13942307692307693
0 0.08774038461538461 0.5216346153846154 0.08413461538461539 0.09615384615384616
0 0.12620192307692307 0.5 0.07451923076923077 0.09615384615384616
0 0.15745192307692307 0.5 0.055288461538461536 0.09615384615384616
0 0.1935096153846154 0.49399038461538464 0.03125 0.06971153846153846
0 0.21754807692307693 0.48677884615384615 0.036057692307692304 0.06971153846153846
0 0.234375 0.4855769230769231 0.026442307692307692 0.0625
0 0.26802884615384615 0.47596153846153844 0.03125 0.04807692307692308
0 0.3762019230769231 0.47115384615384615 0.026442307692307692 0.03365384615384615
0 0.4375 0.4519230769230769 0.04807692307692308 0.08653846153846154
0 0.4411057692307692 0.4735576923076923 0.026442307692307692 0.04326923076923077
0 0.46274038461538464 0.4795673076923077 0.040865384615384616 0.06971153846153846
0 0.5012019230769231 0.4963942307692308 0.07932692307692307 0.08413461538461539
0 0.5853365384615384 0.5168269230769231 0.10817307692307693 0.13942307692307693
0 0.6826923076923077 0.5480769230769231 0.1971153846153846 0.1875