0 0.052884615384615384 0.5444711538461539 0.10576923076923077 0.19471153846153846
0 0.1310096153846154 0.5288461538461539 0.0889423076923077 0.12980769230769232
0 0.17548076923076922 0.5060096153846154 0.09615384615384616 0.12740384615384615
0 0.23557692307692307 0.5072115384615384 0.052884615384615384 0.10096153846153846
0 0.31971153846153844 0.4831730769230769 0.057692307692307696 0.057692307692307696
0 0.3581730769230769 0.4735576923076923 0.03365384615384615 0.04326923076923077
0 0.5012019230769231 0.45913461538461536 0.026442307692307692 0.03365384615384615
0 0.4375 0.4543269230769231 0.019230769230769232 0.02403846153846154
0 0.5673076923076923 0.44591346153846156 0.08653846153846154 0.11778846153846154
0 0.5901442307692307 0.4795673076923077 0.06009615384615385 0.07451923076923077
0 0.6442307692307693 0.4951923076923077 0.09615384615384616 0.1201923076923077
0 0.703125 0.5180288461538461 0.09375 0.13221153846153846
0 0.75 0.5348557692307693 0.125 0.1658653846153846
0 0.8701923076923077 0.5949519230769231 0.25961538461538464 0.2860576923076923