0 0.056490384615384616 0.49038461538461536 0.11298076923076923 0.08173076923076923
0 0.16105769230769232 0.5096153846153846 0.10096153846153846 0.09134615384615384
0 0.21514423076923078 0.4963942307692308 0.08413461538461539 0.0985576923076923
0 0.2764423076923077 0.4831730769230769 0.057692307692307696 0.07211538461538461
0 0.3076923076923077 0.4831730769230769 0.038461538461538464 0.052884615384615384
0 0.41586538461538464 0.46274038461538464 0.03365384615384615 0.040865384615384616
0 0.4855769230769231 0.46033653846153844 0.028846153846153848 0.036057692307692304
0 0.6081730769230769 0.44471153846153844 0.14423076923076922 0.20673076923076922
0 0.7067307692307693 0.5180288461538461 0.14423076923076922 0.1658653846153846
0 0.8125 0.5625 0.19230769230769232 0.21634615384615385
0 0.9182692307692307 0.6057692307692307 0.15865384615384615 0.3798076923076923