0 0.046875 0.5384615384615384 0.0889423076923077 0.12980769230769232
0 0.09975961538461539 0.5180288461538461 0.0889423076923077 0.11778846153846154
0 0.13701923076923078 0.5024038461538461 0.07692307692307693 0.11057692307692307
0 0.1814903846153846 0.5 0.04567307692307692 0.09134615384615384
0 0.20192307692307693 0.4963942307692308 0.04326923076923077 0.07932692307692307
0 0.21995192307692307 0.49158653846153844 0.036057692307692304 0.07451923076923077
0 0.23918269230769232 0.49278846153846156 0.03125 0.057692307692307696
0 0.2764423076923077 0.48197115384615385 0.038461538461538464 0.04567307692307692
0 0.4050480769230769 0.47115384615384615 0.036057692307692304 0.03365384615384615
0 0.46033653846153844 0.45072115384615385 0.055288461538461536 0.09375
0 0.46274038461538464 0.4723557692307692 0.021634615384615384 0.055288461538461536
0 0.49038461538461536 0.49038461538461536 0.052884615384615384 0.07211538461538461
0 0.5384615384615384 0.5060096153846154 0.10096153846153846 0.0985576923076923
0 0.6622596153846154 0.5300480769230769 0.1658653846153846 0.16105769230769232
0 0.8112980769230769 0.5841346153846154 0.31009615384615385 0.25