0 0.03245192307692308 0.5769230769230769 0.06490384615384616 0.16826923076923078
0 0.09254807692307693 0.5432692307692307 0.12259615384615384 0.14903846153846154
0 0.1502403846153846 0.5204326923076923 0.0889423076923077 0.13221153846153846
0 0.21754807692307693 0.5276442307692307 0.036057692307692304 0.12259615384615384
0 0.23798076923076922 0.5132211538461539 0.057692307692307696 0.09375
0 0.265625 0.5036057692307693 0.04567307692307692 0.0889423076923077
0 0.2932692307692308 0.5036057692307693 0.03365384615384615 0.06490384615384616
0 0.33774038461538464 0.49038461538461536 0.036057692307692304 0.04807692307692308
0 0.4831730769230769 0.47716346153846156 0.03365384615384615 0.036057692307692304
0 0.5384615384615384 0.45913461538461536 0.057692307692307696 0.10096153846153846
0 0.5432692307692307 0.484375 0.03365384615384615 0.06490384615384616
0 0.5769230769230769 0.5036057692307693 0.057692307692307696 0.06971153846153846
0 0.6490384615384616 0.5276442307692307 0.12980769230769232 0.12259615384615384
0 0.8617788461538461 0.5757211538461539 0.2764423076923077 0.24278846153846154
0 0.9447115384615384 0.7019230769230769 0.10576923076923077 0.2403846153846154