4 0.26322115384615385 0.47836538461538464 0.01201923076923077 0.04326923076923077
0 0.33653846153846156 0.47115384615384615 0.038461538461538464 0.028846153846153848
0 0.4567307692307692 0.46875 0.028846153846153848 0.028846153846153848
2 0.49158653846153844 0.46274038461538464 0.021634615384615384 0.03125
0 0.6177884615384616 0.453125 0.07692307692307693 0.11298076923076923
0 0.5745192307692307 0.4723557692307692 0.028846153846153848 0.05048076923076923
0 0.6394230769230769 0.4735576923076923 0.0625 0.08173076923076923
0 0.7451923076923077 0.49399038461538464 0.11538461538461539 0.11298076923076923
0 0.5625 0.4675480769230769 0.028846153846153848 0.03125
0 0.5444711538461539 0.46634615384615385 0.021634615384615384 0.02403846153846154
0 0.5300480769230769 0.4639423076923077 0.021634615384615384 0.02403846153846154