2 0.2091346153846154 0.4891826923076923 0.019230769230769232 0.06009615384615385
0 0.34615384615384615 0.47836538461538464 0.04326923076923077 0.03365384615384615
0 0.484375 0.46875 0.026442307692307692 0.028846153846153848
0 0.5612980769230769 0.46634615384615385 0.026442307692307692 0.02403846153846154
0 0.5685096153846154 0.4699519230769231 0.021634615384615384 0.026442307692307692
0 0.5901442307692307 0.47115384615384615 0.021634615384615384 0.03365384615384615
0 0.609375 0.47596153846153844 0.026442307692307692 0.04807692307692308
0 0.6382211538461539 0.4807692307692308 0.05048076923076923 0.057692307692307696
0 0.7151442307692307 0.45552884615384615 0.11778846153846154 0.16105769230769232
0 0.7608173076923077 0.49038461538461536 0.09375 0.125
0 0.4387019230769231 0.4651442307692308 0.016826923076923076 0.016826923076923076