0 0.09495192307692307 0.484375 0.06490384615384616 0.040865384615384616
0 0.23798076923076922 0.5252403846153846 0.14903846153846154 0.13221153846153846
0 0.4254807692307692 0.41947115384615385 0.014423076923076924 0.01201923076923077
0 0.4326923076923077 0.41466346153846156 0.009615384615384616 0.01201923076923077
0 0.44591346153846156 0.40865384615384615 0.007211538461538462 0.009615384615384616
0 0.453125 0.4170673076923077 0.016826923076923076 0.01201923076923077
0 0.4411057692307692 0.44471153846153844 0.021634615384615384 0.02403846153846154
0 0.4723557692307692 0.4495192307692308 0.021634615384615384 0.02403846153846154
0 0.38100961538461536 0.47596153846153844 0.055288461538461536 0.057692307692307696
0 0.46274038461538464 0.4831730769230769 0.055288461538461536 0.052884615384615384
2 0.5096153846153846 0.44471153846153844 0.009615384615384616 0.02403846153846154
4 0.5348557692307693 0.45072115384615385 0.01201923076923077 0.03125
2 0.6802884615384616 0.5180288461538461 0.0673076923076923 0.15625
0 0.8521634615384616 0.5120192307692307 0.0985576923076923 0.08173076923076923
0 0.7980769230769231 0.5012019230769231 0.07692307692307693 0.06490384615384616
0 0.5204326923076923 0.4230769230769231 0.01201923076923077 0.014423076923076924