2 0.6622596153846154 0.5168269230769231 0.06971153846153846 0.15384615384615385
2 0.5276442307692307 0.4519230769230769 0.01201923076923077 0.02403846153846154
4 0.5456730769230769 0.4519230769230769 0.014423076923076924 0.02403846153846154
0 0.49278846153846156 0.42788461538461536 0.014423076923076924 0.019230769230769232
0 0.46033653846153844 0.41466346153846156 0.007211538461538462 0.007211538461538462
0 0.4723557692307692 0.4098557692307692 0.007211538461538462 0.007211538461538462
0 0.45072115384615385 0.4206730769230769 0.01201923076923077 0.014423076923076924
0 0.43028846153846156 0.4230769230769231 0.019230769230769232 0.019230769230769232
0 0.46033653846153844 0.45913461538461536 0.021634615384615384 0.028846153846153848
0 0.5036057692307693 0.47596153846153844 0.026442307692307692 0.04326923076923077
0 0.47716346153846156 0.4879807692307692 0.06009615384615385 0.0625
2 0.4098557692307692 0.421875 0.007211538461538462 0.016826923076923076
0 0.3737980769230769 0.484375 0.06971153846153846 0.06971153846153846
0 0.14182692307692307 0.5480769230769231 0.22115384615384615 0.18269230769230768
0 0.7151442307692307 0.4855769230769231 0.05048076923076923 0.04807692307692308