0 0.3786057692307692 0.4723557692307692 0.016826923076923076 0.021634615384615384
0 0.4170673076923077 0.46153846153846156 0.01201923076923077 0.009615384615384616
0 0.42908653846153844 0.46153846153846156 0.007211538461538462 0.009615384615384616
0 0.2824519230769231 0.48677884615384615 0.03125 0.040865384615384616
0 0.35336538461538464 0.49278846153846156 0.0625 0.0673076923076923
0 0.20673076923076922 0.5240384615384616 0.14903846153846154 0.1346153846153846
0 0.46875 0.4855769230769231 0.0625 0.0673076923076923
0 0.49278846153846156 0.46153846153846156 0.009615384615384616 0.014423076923076924
0 0.8401442307692307 0.49399038461538464 0.09375 0.0985576923076923
0 0.7608173076923077 0.49038461538461536 0.08413461538461539 0.09134615384615384
2 0.5600961538461539 0.4795673076923077 0.019230769230769232 0.05048076923076923