2 0.734375 0.5180288461538461 0.055288461538461536 0.1466346153846154
0 0.4206730769230769 0.46634615384615385 0.019230769230769232 0.02403846153846154
0 0.45913461538461536 0.49038461538461536 0.08173076923076923 0.09134615384615384
0 0.3894230769230769 0.46153846153846156 0.014423076923076924 0.014423076923076924
0 0.3473557692307692 0.4651442307692308 0.021634615384615384 0.016826923076923076
0 0.2644230769230769 0.47836538461538464 0.03365384615384615 0.038461538461538464
0 0.24158653846153846 0.4831730769230769 0.026442307692307692 0.038461538461538464
0 0.22596153846153846 0.48677884615384615 0.03365384615384615 0.040865384615384616
0 0.1971153846153846 0.47716346153846156 0.04807692307692308 0.036057692307692304
0 0.18509615384615385 0.49278846153846156 0.038461538461538464 0.03365384615384615
0 0.3112980769230769 0.4987980769230769 0.07932692307692307 0.07451923076923077
0 0.09014423076923077 0.5516826923076923 0.18028846153846154 0.19471153846153846