0 0.7379807692307693 0.47475961538461536 0.07211538461538461 0.06971153846153846
0 0.6862980769230769 0.47475961538461536 0.06490384615384616 0.06971153846153846
2 0.5516826923076923 0.4699519230769231 0.016826923076923076 0.05048076923076923
0 0.4651442307692308 0.47475961538461536 0.06009615384615385 0.06490384615384616
0 0.4014423076923077 0.46153846153846156 0.019230769230769232 0.019230769230769232
0 0.3798076923076923 0.4639423076923077 0.019230769230769232 0.02403846153846154
0 0.34975961538461536 0.484375 0.06490384615384616 0.06490384615384616
0 0.20432692307692307 0.5144230769230769 0.14903846153846154 0.1346153846153846
0 0.31009615384615385 0.46274038461538464 0.02403846153846154 0.016826923076923076
0 0.4182692307692308 0.4543269230769231 0.009615384615384616 0.009615384615384616
0 0.49038461538461536 0.45552884615384615 0.014423076923076924 0.016826923076923076