2 0.8689903846153846 0.5480769230769231 0.06971153846153846 0.1971153846153846
0 0.49038461538461536 0.46875 0.014423076923076924 0.014423076923076924
0 0.4567307692307692 0.5 0.08653846153846154 0.09134615384615384
0 0.3894230769230769 0.4723557692307692 0.014423076923076924 0.01201923076923077
0 0.33653846153846156 0.4735576923076923 0.019230769230769232 0.019230769230769232
0 0.23918269230769232 0.5144230769230769 0.10817307692307693 0.09615384615384616
0 0.1814903846153846 0.5012019230769231 0.040865384615384616 0.05048076923076923
0 0.140625 0.5024038461538461 0.06971153846153846 0.0625
0 0.07211538461538461 0.5841346153846154 0.14423076923076922 0.22596153846153846
4 0.41947115384615385 0.4723557692307692 0.007211538461538462 0.016826923076923076
4 0.30649038461538464 0.47716346153846156 0.007211538461538462 0.021634615384615384