0 0.2536057692307692 0.4891826923076923 0.07932692307692307 0.06009615384615385
0 0.3629807692307692 0.4723557692307692 0.03365384615384615 0.03125
0 0.4831730769230769 0.4723557692307692 0.028846153846153848 0.036057692307692304
0 0.5168269230769231 0.4651442307692308 0.02403846153846154 0.036057692307692304
0 0.5060096153846154 0.4651442307692308 0.007211538461538462 0.021634615384615384
0 0.5384615384615384 0.47475961538461536 0.04326923076923077 0.040865384615384616
0 0.42908653846153844 0.45913461538461536 0.01201923076923077 0.014423076923076924
0 0.4423076923076923 0.46033653846153844 0.009615384615384616 0.007211538461538462
4 0.328125 0.47115384615384615 0.016826923076923076 0.03365384615384615
0 0.3112980769230769 0.47596153846153844 0.021634615384615384 0.028846153846153848
0 0.9254807692307693 0.5841346153846154 0.14423076923076922 0.5384615384615384