0 0.3449519230769231 0.4831730769230769 0.05048076923076923 0.052884615384615384
0 0.4423076923076923 0.4807692307692308 0.04807692307692308 0.052884615384615384
0 0.3605769230769231 0.4519230769230769 0.052884615384615384 0.09134615384615384
0 0.4326923076923077 0.4483173076923077 0.04807692307692308 0.07932692307692307
0 0.2439903846153846 0.46875 0.03125 0.019230769230769232
0 0.2692307692307692 0.46634615384615385 0.02403846153846154 0.014423076923076924
0 0.30649038461538464 0.4651442307692308 0.026442307692307692 0.016826923076923076
0 0.3245192307692308 0.4579326923076923 0.019230769230769232 0.06009615384615385
5 0.40334134615384615 0.3658653846153846 0.02064903846153846 0.02980769230769231
5 0.38572115384615385 0.3654567307692308 0.017451923076923077 0.020985576923076923
3 0.3562740384615385 0.3654567307692308 0.018653846153846153 0.03701923076923077