0 0.5805288461538461 0.6201923076923077 0.026442307692307692 0.03365384615384615
0 0.5480769230769231 0.6201923076923077 0.02403846153846154 0.02403846153846154
0 0.5132211538461539 0.6225961538461539 0.021634615384615384 0.028846153846153848
0 0.4519230769230769 0.6177884615384616 0.014423076923076924 0.019230769230769232
0 0.4675480769230769 0.6274038461538461 0.021634615384615384 0.028846153846153848
0 0.49038461538461536 0.6274038461538461 0.028846153846153848 0.03365384615384615
0 0.06850961538461539 0.6514423076923077 0.13701923076923078 0.0673076923076923
0 0.2536057692307692 0.6959134615384616 0.15144230769230768 0.13701923076923078
0 0.34375 0.6310096153846154 0.0625 0.03125
0 0.5240384615384616 0.6189903846153846 0.014423076923076924 0.021634615384615384
0 0.38221153846153844 0.6274038461538461 0.04326923076923077 0.028846153846153848