0 0.15985576923076922 0.6826923076923077 0.07932692307692307 0.10576923076923077
0 0.0673076923076923 0.6442307692307693 0.07211538461538461 0.038461538461538464
0 0.2283653846153846 0.7019230769230769 0.17307692307692307 0.14903846153846154
0 0.47475961538461536 0.6346153846153846 0.026442307692307692 0.038461538461538464
0 0.5084134615384616 0.6298076923076923 0.04567307692307692 0.04326923076923077
0 0.546875 0.6237980769230769 0.021634615384615384 0.026442307692307692
0 0.5769230769230769 0.6189903846153846 0.02403846153846154 0.026442307692307692
0 0.5949519230769231 0.6201923076923077 0.016826923076923076 0.019230769230769232
4 0.6310096153846154 0.6201923076923077 0.01201923076923077 0.03365384615384615
0 0.640625 0.6189903846153846 0.016826923076923076 0.026442307692307692
0 0.6069711538461539 0.6177884615384616 0.01201923076923077 0.014423076923076924
0 0.6141826923076923 0.6177884615384616 0.007211538461538462 0.009615384615384616