4 0.4735576923076923 0.6430288461538461 0.019230769230769232 0.06490384615384616
4 0.45913461538461536 0.6430288461538461 0.02403846153846154 0.07451923076923077
0 0.12860576923076922 0.7175480769230769 0.25721153846153844 0.27163461538461536
0 0.2800480769230769 0.6586538461538461 0.07451923076923077 0.07692307692307693
0 0.3293269230769231 0.6526442307692307 0.052884615384615384 0.06490384615384616
0 0.36658653846153844 0.6478365384615384 0.036057692307692304 0.05048076923076923
0 0.4014423076923077 0.6526442307692307 0.0625 0.06009615384615385
0 0.4375 0.6322115384615384 0.02403846153846154 0.028846153846153848
0 0.5384615384615384 0.6225961538461539 0.019230769230769232 0.02403846153846154
0 0.5120192307692307 0.6213942307692307 0.014423076923076924 0.016826923076923076
0 0.5228365384615384 0.6189903846153846 0.01201923076923077 0.016826923076923076
0 0.5120192307692307 0.6201923076923077 0.014423076923076924 0.014423076923076924
0 0.4963942307692308 0.6201923076923077 0.01201923076923077 0.014423076923076924