2 0.8209134615384616 0.578125 0.040865384615384616 0.07451923076923077
0 0.45913461538461536 0.5024038461538461 0.16346153846153846 0.35096153846153844
0 0.5492788461538461 0.5480769230769231 0.021634615384615384 0.07211538461538461
0 0.3581730769230769 0.5865384615384616 0.052884615384615384 0.07211538461538461
0 0.24278846153846154 0.6117788461538461 0.12980769230769232 0.12259615384615384
0 0.019230769230769232 0.5769230769230769 0.038461538461538464 0.057692307692307696
0 0.07692307692307693 0.5757211538461539 0.04807692307692308 0.04567307692307692
0 0.11899038461538461 0.5673076923076923 0.055288461538461536 0.052884615384615384
0 0.1658653846153846 0.5697115384615384 0.04807692307692308 0.04326923076923077
0 0.3389423076923077 0.5372596153846154 0.08173076923076923 0.13221153846153846
0 0.5685096153846154 0.5600961538461539 0.026442307692307692 0.02403846153846154