0 0.057692307692307696 0.6742788461538461 0.11538461538461539 0.30528846153846156
0 0.43990384615384615 0.5120192307692307 0.1346153846153846 0.27884615384615385
0 0.28725961538461536 0.5865384615384616 0.08413461538461539 0.11057692307692307
0 0.1346153846153846 0.5973557692307693 0.057692307692307696 0.06490384615384616
0 0.3557692307692308 0.5925480769230769 0.04326923076923077 0.05048076923076923
0 0.5432692307692307 0.5733173076923077 0.057692307692307696 0.055288461538461536
0 0.5973557692307693 0.5697115384615384 0.040865384615384616 0.04326923076923077
0 0.23677884615384615 0.5853365384615384 0.040865384615384616 0.05048076923076923
4 0.6814903846153846 0.5540865384615384 0.016826923076923076 0.04567307692307692
4 0.6466346153846154 0.546875 0.009615384615384616 0.036057692307692304
4 0.6370192307692307 0.5480769230769231 0.009615384615384616 0.03365384615384615
0 0.1622596153846154 0.5721153846153846 0.08413461538461539 0.0673076923076923