0 0.0673076923076923 0.6117788461538461 0.0673076923076923 0.07451923076923077
0 0.14423076923076922 0.5961538461538461 0.04807692307692308 0.04326923076923077
0 0.22235576923076922 0.6045673076923077 0.10817307692307693 0.12740384615384615
0 0.5889423076923077 0.5769230769230769 0.057692307692307696 0.04807692307692308
0 0.3173076923076923 0.5829326923076923 0.0625 0.07451923076923077
0 0.41586538461538464 0.5252403846153846 0.11538461538461539 0.25240384615384615
0 0.49399038461538464 0.5552884615384616 0.021634615384615384 0.03365384615384615
0 0.48677884615384615 0.5793269230769231 0.016826923076923076 0.04807692307692308
0 0.6322115384615384 0.5697115384615384 0.03365384615384615 0.04326923076923077
2 0.7716346153846154 0.5625 0.028846153846153848 0.052884615384615384
4 0.7463942307692307 0.5600961538461539 0.026442307692307692 0.04807692307692308
4 0.6850961538461539 0.5492788461538461 0.014423076923076924 0.040865384615384616
4 0.671875 0.5540865384615384 0.01201923076923077 0.040865384615384616
0 0.3581730769230769 0.5829326923076923 0.028846153846153848 0.055288461538461536