4 0.9254807692307693 0.5685096153846154 0.02403846153846154 0.09375
4 0.953125 0.5757211538461539 0.01201923076923077 0.06490384615384616
4 0.8149038461538461 0.5564903846153846 0.014423076923076924 0.055288461538461536
0 0.7475961538461539 0.5769230769230769 0.07211538461538461 0.0625
0 0.6862980769230769 0.5733173076923077 0.06009615384615385 0.05048076923076923
0 0.6033653846153846 0.578125 0.0673076923076923 0.06971153846153846
0 0.5108173076923077 0.5745192307692307 0.036057692307692304 0.04326923076923077
0 0.4326923076923077 0.5288461538461539 0.10576923076923077 0.22115384615384615
0 0.31971153846153844 0.5853365384615384 0.0625 0.07451923076923077
0 0.24879807692307693 0.59375 0.06971153846153846 0.052884615384615384
0 0.109375 0.6069711538461539 0.06490384615384616 0.055288461538461536
0 0.15985576923076922 0.5985576923076923 0.05048076923076923 0.052884615384615384
0 0.06610576923076923 0.6021634615384616 0.03125 0.04567307692307692
4 0.7932692307692307 0.5576923076923077 0.019230769230769232 0.0673076923076923
0 0.19110576923076922 0.5889423076923077 0.040865384615384616 0.057692307692307696
4 0.78125 0.5444711538461539 0.014423076923076924 0.040865384615384616