0 0.4362980769230769 0.5 0.12740384615384615 0.2644230769230769
0 0.6045673076923077 0.5540865384615384 0.055288461538461536 0.04567307692307692
0 0.515625 0.5588942307692307 0.036057692307692304 0.05048076923076923
0 0.3125 0.5685096153846154 0.0673076923076923 0.09375
0 0.36658653846153844 0.5661057692307693 0.036057692307692304 0.055288461538461536
0 0.15745192307692307 0.6057692307692307 0.15625 0.18269230769230768
0 0.25961538461538464 0.5649038461538461 0.038461538461538464 0.03365384615384615
4 0.7836538461538461 0.5360576923076923 0.019230769230769232 0.04326923076923077
4 0.7151442307692307 0.5396634615384616 0.01201923076923077 0.040865384615384616
4 0.6694711538461539 0.5336538461538461 0.01201923076923077 0.03365384615384615
4 0.6598557692307693 0.5336538461538461 0.016826923076923076 0.038461538461538464
4 0.7247596153846154 0.5456730769230769 0.01201923076923077 0.028846153846153848
0 0.038461538461538464 0.5649038461538461 0.07692307692307693 0.09615384615384616