0 0.1346153846153846 0.6117788461538461 0.0673076923076923 0.04567307692307692
0 0.2692307692307692 0.5612980769230769 0.0673076923076923 0.07451923076923077
0 0.1658653846153846 0.5661057692307693 0.0673076923076923 0.07451923076923077
2 0.026442307692307692 0.6213942307692307 0.019230769230769232 0.04567307692307692
0 0.21754807692307693 0.5540865384615384 0.036057692307692304 0.05048076923076923
0 0.23317307692307693 0.5961538461538461 0.04807692307692308 0.03365384615384615
0 0.5192307692307693 0.5889423076923077 0.052884615384615384 0.0625
0 0.7211538461538461 0.5721153846153846 0.0625 0.057692307692307696
0 0.6586538461538461 0.5709134615384616 0.038461538461538464 0.040865384615384616
0 0.6057692307692307 0.5504807692307693 0.0625 0.10096153846153846
0 0.4891826923076923 0.5769230769230769 0.026442307692307692 0.04326923076923077
0 0.35336538461538464 0.5769230769230769 0.03365384615384615 0.019230769230769232
0 0.31009615384615385 0.5829326923076923 0.02403846153846154 0.026442307692307692
0 0.3269230769230769 0.578125 0.02403846153846154 0.026442307692307692
0 0.8497596153846154 0.53125 0.09375 0.0673076923076923