0 0.4831730769230769 0.5901442307692307 0.057692307692307696 0.06490384615384616
0 0.6658653846153846 0.5769230769230769 0.07211538461538461 0.07692307692307693
0 0.6129807692307693 0.5673076923076923 0.03365384615384615 0.038461538461538464
0 0.546875 0.5480769230769231 0.04567307692307692 0.07211538461538461
0 0.4483173076923077 0.5709134615384616 0.026442307692307692 0.040865384615384616
0 0.15144230769230768 0.5793269230769231 0.08653846153846154 0.07692307692307693
0 0.27524038461538464 0.5552884615384616 0.026442307692307692 0.028846153846153848
0 0.30528846153846156 0.5492788461538461 0.03365384615384615 0.026442307692307692
0 0.34375 0.5492788461538461 0.02403846153846154 0.026442307692307692
0 0.32091346153846156 0.5745192307692307 0.03125 0.019230769230769232
0 0.06971153846153846 0.6057692307692307 0.0673076923076923 0.04326923076923077