0 0.021634615384615384 0.6153846153846154 0.04326923076923077 0.057692307692307696
0 0.057692307692307696 0.5925480769230769 0.052884615384615384 0.05048076923076923
0 0.11538461538461539 0.5793269230769231 0.057692307692307696 0.0625
0 0.15504807692307693 0.5793269230769231 0.03125 0.052884615384615384
0 0.19471153846153846 0.5757211538461539 0.0625 0.06490384615384616
0 0.23557692307692307 0.5709134615384616 0.04326923076923077 0.06490384615384616
4 0.29447115384615385 0.5649038461538461 0.021634615384615384 0.04807692307692308
0 0.34134615384615385 0.59375 0.1971153846153846 0.08653846153846154
0 0.484375 0.5625 0.04567307692307692 0.052884615384615384
0 0.5096153846153846 0.5721153846153846 0.057692307692307696 0.057692307692307696
0 0.5420673076923077 0.5540865384615384 0.026442307692307692 0.036057692307692304
0 0.7908653846153846 0.5264423076923077 0.2548076923076923 0.17307692307692307
0 0.6526442307692307 0.5697115384615384 0.036057692307692304 0.057692307692307696