0 0.051682692307692304 0.5913461538461539 0.06009615384615385 0.052884615384615384
0 0.1141826923076923 0.5805288461538461 0.06490384615384616 0.06490384615384616
0 0.15504807692307693 0.578125 0.03125 0.05048076923076923
0 0.1971153846153846 0.5913461538461539 0.08173076923076923 0.07692307692307693
0 0.34375 0.5480769230769231 0.2548076923076923 0.17307692307692307
4 0.4795673076923077 0.5709134615384616 0.021634615384615384 0.06490384615384616
4 0.5108173076923077 0.5709134615384616 0.026442307692307692 0.06490384615384616
0 0.5600961538461539 0.5600961538461539 0.028846153846153848 0.038461538461538464
2 0.7151442307692307 0.5673076923076923 0.036057692307692304 0.0625
0 0.8617788461538461 0.5600961538461539 0.17067307692307693 0.07692307692307693
1 0.5 0.8998317307692307 1 0.2003125