4 0.1814903846153846 0.5709134615384616 0.01201923076923077 0.021634615384615384
0 0.20192307692307693 0.5697115384615384 0.03365384615384615 0.02403846153846154
0 0.27283653846153844 0.5721153846153846 0.03125 0.03365384615384615
0 0.36177884615384615 0.5600961538461539 0.016826923076923076 0.019230769230769232
0 0.3762019230769231 0.5540865384615384 0.01201923076923077 0.016826923076923076
0 0.38822115384615385 0.5492788461538461 0.01201923076923077 0.016826923076923076
0 0.4387019230769231 0.5697115384615384 0.040865384615384616 0.04807692307692308
0 0.4831730769230769 0.5925480769230769 0.07692307692307693 0.08413461538461539
0 0.5348557692307693 0.5552884615384616 0.026442307692307692 0.03365384615384615
0 0.4879807692307692 0.5480769230769231 0.028846153846153848 0.014423076923076924
0 0.5048076923076923 0.5384615384615384 0.014423076923076924 0.028846153846153848