0 0.35216346153846156 0.5444711538461539 0.026442307692307692 0.040865384615384616
0 0.4266826923076923 0.5336538461538461 0.01201923076923077 0.019230769230769232
0 0.5012019230769231 0.5288461538461539 0.021634615384615384 0.028846153846153848
4 0.03485576923076923 0.5757211538461539 0.01201923076923077 0.04567307692307692
2 0.08052884615384616 0.5793269230769231 0.03125 0.04326923076923077
0 0.39663461538461536 0.5697115384615384 0.052884615384615384 0.0625
0 0.4230769230769231 0.5673076923076923 0.02403846153846154 0.052884615384615384
0 0.5108173076923077 0.59375 0.0985576923076923 0.10096153846153846
0 0.5733173076923077 0.5661057692307693 0.040865384615384616 0.05048076923076923
2 0.7692307692307693 0.5480769230769231 0.03365384615384615 0.038461538461538464
0 0.6754807692307693 0.5492788461538461 0.07692307692307693 0.040865384615384616