0 0.05048076923076923 0.7319711538461539 0.10096153846153846 0.2956730769230769
0 0.359375 0.5276442307692307 0.036057692307692304 0.06009615384615385
0 0.19230769230769232 0.5540865384615384 0.0673076923076923 0.06490384615384616
0 0.14423076923076922 0.6550480769230769 0.22596153846153846 0.20432692307692307
0 0.4699519230769231 0.7896634615384616 0.4879807692307692 0.41586538461538464
2 0.3173076923076923 0.5973557692307693 0.04326923076923077 0.06971153846153846
0 0.45552884615384615 0.5661057692307693 0.15144230769230768 0.06490384615384616
0 0.8677884615384616 0.6574519230769231 0.2548076923076923 0.21394230769230768
2 0.28365384615384615 0.5540865384615384 0.019230769230769232 0.021634615384615384
4 0.24879807692307693 0.5516826923076923 0.01201923076923077 0.021634615384615384
0 0.5012019230769231 0.5264423076923077 0.01201923076923077 0.019230769230769232