0 0.021634615384615384 0.6009615384615384 0.04326923076923077 0.038461538461538464
0 0.07692307692307693 0.5925480769230769 0.07692307692307693 0.040865384615384616
0 0.46033653846153844 0.5697115384615384 0.016826923076923076 0.019230769230769232
0 0.5036057692307693 0.5793269230769231 0.04567307692307692 0.04807692307692308
0 0.5853365384615384 0.5733173076923077 0.03125 0.03125
0 0.5300480769230769 0.5673076923076923 0.03125 0.04807692307692308
4 0.9663461538461539 0.5805288461538461 0.038461538461538464 0.14182692307692307
4 0.6370192307692307 0.5588942307692307 0.009615384615384616 0.036057692307692304
4 0.6490384615384616 0.5564903846153846 0.009615384615384616 0.036057692307692304
4 0.6370192307692307 0.5841346153846154 0.019230769230769232 0.028846153846153848
4 0.6754807692307693 0.5661057692307693 0.014423076923076924 0.05048076923076923
2 0.3629807692307692 0.5709134615384616 0.009615384615384616 0.026442307692307692