4 0.24759615384615385 0.6201923076923077 0.03365384615384615 0.11057692307692307
4 0.6850961538461539 0.5600961538461539 0.014423076923076924 0.0673076923076923
4 0.7800480769230769 0.5637019230769231 0.01201923076923077 0.04567307692307692
4 0.7620192307692307 0.5649038461538461 0.014423076923076924 0.038461538461538464
0 0.875 0.5276442307692307 0.0625 0.036057692307692304
0 0.9543269230769231 0.5288461538461539 0.0673076923076923 0.03365384615384615
0 0.8317307692307693 0.53125 0.038461538461538464 0.028846153846153848
0 0.4651442307692308 0.5865384615384616 0.07451923076923077 0.07692307692307693
0 0.4050480769230769 0.5649038461538461 0.036057692307692304 0.038461538461538464
0 0.515625 0.5528846153846154 0.026442307692307692 0.03365384615384615
0 0.4375 0.5552884615384616 0.019230769230769232 0.019230769230769232