0 0.07451923076923077 0.6322115384615384 0.1346153846153846 0.10576923076923077
0 0.5661057692307693 0.6502403846153846 0.17067307692307693 0.17067307692307693
0 0.4495192307692308 0.5961538461538461 0.0625 0.0673076923076923
0 0.38341346153846156 0.5853365384615384 0.040865384615384616 0.04567307692307692
0 0.2956730769230769 0.5877403846153846 0.052884615384615384 0.04567307692307692
0 0.34975961538461536 0.5817307692307693 0.036057692307692304 0.04326923076923077
0 0.4026442307692308 0.5637019230769231 0.026442307692307692 0.040865384615384616
0 0.8942307692307693 0.5600961538461539 0.20673076923076922 0.10096153846153846
0 0.6947115384615384 0.5612980769230769 0.09615384615384616 0.040865384615384616
0 0.6370192307692307 0.5576923076923077 0.0625 0.028846153846153848
0 0.8257211538461539 0.5384615384615384 0.040865384615384616 0.02403846153846154