0 0.4735576923076923 0.6129807692307693 0.09615384615384616 0.10096153846153846
0 0.3798076923076923 0.5877403846153846 0.057692307692307696 0.06971153846153846
0 0.2776442307692308 0.5949519230769231 0.07451923076923077 0.06971153846153846
0 0.953125 0.5757211538461539 0.09375 0.0985576923076923
0 0.8617788461538461 0.5673076923076923 0.19471153846153846 0.10096153846153846
0 0.7451923076923077 0.5685096153846154 0.11057692307692307 0.06490384615384616
0 0.7223557692307693 0.5528846153846154 0.10817307692307693 0.052884615384615384
4 0.59375 0.5649038461538461 0.009615384615384616 0.038461538461538464
0 0.4987980769230769 0.5673076923076923 0.03125 0.038461538461538464
0 0.5492788461538461 0.5588942307692307 0.016826923076923076 0.016826923076923076
0 0.5444711538461539 0.5504807692307693 0.016826923076923076 0.028846153846153848