0 0.4807692307692308 0.6225961538461539 0.10576923076923077 0.10576923076923077
0 0.33774038461538464 0.5949519230769231 0.055288461538461536 0.05048076923076923
0 0.5228365384615384 0.5709134615384616 0.036057692307692304 0.05048076923076923
0 0.9375 0.5757211538461539 0.125 0.09375
0 0.8641826923076923 0.5697115384615384 0.11298076923076923 0.07211538461538461
0 0.7956730769230769 0.5685096153846154 0.10096153846153846 0.06490384615384616
0 0.7403846153846154 0.5600961538461539 0.057692307692307696 0.057692307692307696
0 0.6983173076923077 0.5661057692307693 0.07451923076923077 0.05048076923076923
0 0.4338942307692308 0.5685096153846154 0.026442307692307692 0.026442307692307692
0 0.4795673076923077 0.5600961538461539 0.016826923076923076 0.019230769230769232
0 0.5612980769230769 0.5600961538461539 0.016826923076923076 0.014423076923076924
0 0.5649038461538461 0.5492788461538461 0.019230769230769232 0.026442307692307692