0 0.4795673076923077 0.6081730769230769 0.0985576923076923 0.10096153846153846
4 0.6610576923076923 0.5733173076923077 0.014423076923076924 0.055288461538461536
4 0.6490384615384616 0.5709134615384616 0.014423076923076924 0.06490384615384616
0 0.9194711538461539 0.5564903846153846 0.16105769230769232 0.11778846153846154
0 0.859375 0.5492788461538461 0.13701923076923078 0.08413461538461539
0 0.5084134615384616 0.5625 0.03125 0.038461538461538464
0 0.5540865384615384 0.5444711538461539 0.016826923076923076 0.03125
0 0.47596153846153844 0.546875 0.014423076923076924 0.021634615384615384
0 0.8064903846153846 0.5480769230769231 0.0889423076923077 0.09134615384615384
0 0.7512019230769231 0.5552884615384616 0.055288461538461536 0.0673076923076923
0 0.7283653846153846 0.5528846153846154 0.0673076923076923 0.057692307692307696
0 0.6983173076923077 0.5456730769230769 0.05048076923076923 0.04326923076923077
1 0.34865384615384615 0.6203125 0.15567307692307694 0.03389423076923077
1 0.5888221153846154 0.6054807692307692 0.11115384615384616 0.04430288461538461