0 0.23918269230769232 0.5637019230769231 0.021634615384615384 0.026442307692307692
0 0.3004807692307692 0.5637019230769231 0.019230769230769232 0.021634615384615384
0 0.3317307692307692 0.5576923076923077 0.03365384615384615 0.02403846153846154
0 0.3581730769230769 0.5661057692307693 0.028846153846153848 0.03125
0 0.5180288461538461 0.5564903846153846 0.05048076923076923 0.03125
0 0.5372596153846154 0.5456730769230769 0.03125 0.03365384615384615
0 0.4387019230769231 0.5552884615384616 0.026442307692307692 0.02403846153846154
0 0.4951923076923077 0.5384615384615384 0.04326923076923077 0.04807692307692308
4 0.8617788461538461 0.5492788461538461 0.026442307692307692 0.0985576923076923
0 0.7740384615384616 0.5288461538461539 0.04807692307692308 0.019230769230769232
0 0.7355769230769231 0.5288461538461539 0.02403846153846154 0.014423076923076924
0 0.96875 0.5108173076923077 0.038461538461538464 0.016826923076923076
0 0.5757211538461539 0.5276442307692307 0.040865384615384616 0.055288461538461536
0 0.6213942307692307 0.53125 0.04567307692307692 0.04326923076923077