0 0.9387019230769231 0.5036057692307693 0.11778846153846154 0.2091346153846154
0 0.35096153846153844 0.5721153846153846 0.028846153846153848 0.028846153846153848
0 0.4879807692307692 0.5492788461538461 0.03365384615384615 0.04567307692307692
0 0.625 0.5600961538461539 0.0625 0.03365384615384615
0 0.5192307692307693 0.5552884615384616 0.028846153846153848 0.038461538461538464
0 0.7259615384615384 0.5384615384615384 0.04326923076923077 0.014423076923076924
2 0.45913461538461536 0.5600961538461539 0.014423076923076924 0.028846153846153848
0 0.36899038461538464 0.5697115384615384 0.01201923076923077 0.019230769230769232
0 0.2932692307692308 0.5697115384615384 0.019230769230769232 0.019230769230769232
0 0.2439903846153846 0.5709134615384616 0.016826923076923076 0.021634615384615384
0 0.328125 0.5637019230769231 0.01201923076923077 0.01201923076923077
0 0.37528846153846157 0.6123076923076923 0.6055288461538462 0.03389423076923077