0 0.16706730769230768 0.5853365384615384 0.04567307692307692 0.05048076923076923
0 0.23918269230769232 0.5805288461538461 0.04567307692307692 0.04567307692307692
0 0.36899038461538464 0.5552884615384616 0.026442307692307692 0.02403846153846154
0 0.3870192307692308 0.5480769230769231 0.02403846153846154 0.038461538461538464
0 0.4170673076923077 0.5649038461538461 0.021634615384615384 0.028846153846153848
0 0.3269230769230769 0.5588942307692307 0.014423076923076924 0.016826923076923076
0 0.3004807692307692 0.5588942307692307 0.014423076923076924 0.016826923076923076
0 0.640625 0.5661057692307693 0.09375 0.05048076923076923
0 0.5612980769230769 0.5324519230769231 0.06009615384615385 0.06971153846153846
0 0.6298076923076923 0.5336538461538461 0.0625 0.052884615384615384
0 0.859375 0.5360576923076923 0.0889423076923077 0.02403846153846154
0 0.7944711538461539 0.5336538461538461 0.036057692307692304 0.014423076923076924