0 0.036057692307692304 0.5757211538461539 0.052884615384615384 0.05048076923076923
0 0.13701923076923078 0.5637019230769231 0.04807692307692308 0.026442307692307692
0 0.17548076923076922 0.5697115384615384 0.038461538461538464 0.038461538461538464
0 0.37259615384615385 0.5805288461538461 0.30288461538461536 0.15144230769230768
0 0.9471153846153846 0.5072115384615384 0.10096153846153846 0.14903846153846154
0 0.5528846153846154 0.5528846153846154 0.04807692307692308 0.038461538461538464
0 0.5637019230769231 0.5144230769230769 0.055288461538461536 0.0673076923076923
0 0.6262019230769231 0.5240384615384616 0.06009615384615385 0.052884615384615384
0 0.7992788461538461 0.5192307692307693 0.040865384615384616 0.019230769230769232
0 0.8545673076923077 0.5192307692307693 0.08413461538461539 0.02403846153846154
0 0.21153846153846154 0.5432692307692307 0.028846153846153848 0.02403846153846154
0 0.4735576923076923 0.5396634615384616 0.02403846153846154 0.016826923076923076