0 0.09254807692307693 0.5661057692307693 0.18509615384615385 0.11298076923076923
0 0.359375 0.5661057692307693 0.06009615384615385 0.055288461538461536
2 0.453125 0.5576923076923077 0.040865384615384616 0.0625
0 0.5168269230769231 0.6033653846153846 0.13942307692307693 0.14903846153846154
0 0.6730769230769231 0.5252403846153846 0.03365384615384615 0.04567307692307692
4 0.9266826923076923 0.5132211538461539 0.016826923076923076 0.06009615384615385
0 0.7860576923076923 0.5288461538461539 0.038461538461538464 0.028846153846153848
0 0.5408653846153846 0.5240384615384616 0.019230769230769232 0.019230769230769232
0 0.2608173076923077 0.5528846153846154 0.026442307692307692 0.02403846153846154
0 0.3088942307692308 0.5625 0.03125 0.028846153846153848
0 0.20192307692307693 0.5564903846153846 0.04326923076923077 0.05048076923076923
0 0.5697115384615384 0.5384615384615384 0.02403846153846154 0.02403846153846154