4 0.05889423076923077 0.5925480769230769 0.01201923076923077 0.05048076923076923
4 0.06971153846153846 0.6033653846153846 0.009615384615384616 0.028846153846153848
0 0.14423076923076922 0.6153846153846154 0.1201923076923077 0.09615384615384616
0 0.20793269230769232 0.5889423076923077 0.036057692307692304 0.038461538461538464
0 0.3581730769230769 0.7019230769230769 0.30288461538461536 0.34134615384615385
2 0.6490384615384616 0.5661057692307693 0.014423076923076924 0.040865384615384616
2 0.7211538461538461 0.5877403846153846 0.038461538461538464 0.0889423076923077
0 0.84375 0.5504807692307693 0.057692307692307696 0.04326923076923077
0 0.9098557692307693 0.5540865384615384 0.09375 0.05048076923076923
4 0.9290865384615384 0.5216346153846154 0.021634615384615384 0.03365384615384615
4 0.9639423076923077 0.5372596153846154 0.014423076923076924 0.05048076923076923
0 0.48677884615384615 0.5540865384615384 0.021634615384615384 0.026442307692307692
0 0.4699519230769231 0.5612980769230769 0.01201923076923077 0.01201923076923077
0 0.5108173076923077 0.5600961538461539 0.01201923076923077 0.014423076923076924
0 0.6358173076923077 0.5492788461538461 0.036057692307692304 0.055288461538461536
0 0.6911057692307693 0.5600961538461539 0.03125 0.02403846153846154
0 0.78125 0.5540865384615384 0.04807692307692308 0.040865384615384616