4 0.10096153846153846 0.5793269230769231 0.014423076923076924 0.038461538461538464
0 0.24639423076923078 0.5865384615384616 0.06490384615384616 0.08173076923076923
0 0.4098557692307692 0.7439903846153846 0.38221153846153844 0.43028846153846156
2 0.7752403846153846 0.5564903846153846 0.016826923076923076 0.055288461538461536
0 0.9002403846153846 0.5372596153846154 0.0889423076923077 0.04567307692307692
4 0.9206730769230769 0.5060096153846154 0.014423076923076924 0.040865384615384616
0 0.8365384615384616 0.5336538461538461 0.057692307692307696 0.038461538461538464
2 0.8137019230769231 0.5444711538461539 0.036057692307692304 0.04567307692307692
0 0.7752403846153846 0.5396634615384616 0.04567307692307692 0.040865384615384616
0 0.6382211538461539 0.5348557692307693 0.036057692307692304 0.05048076923076923
0 0.7319711538461539 0.5360576923076923 0.016826923076923076 0.02403846153846154
0 0.17427884615384615 0.5673076923076923 0.026442307692307692 0.028846153846153848
0 0.2127403846153846 0.5721153846153846 0.026442307692307692 0.03365384615384615
0 0.056490384615384616 0.5721153846153846 0.03125 0.03365384615384615
0 0.027644230769230768 0.5709134615384616 0.026442307692307692 0.026442307692307692
0 0.49158653846153844 0.53125 0.021634615384615384 0.014423076923076924
4 0.9759615384615384 0.5492788461538461 0.009615384615384616 0.06490384615384616