2 0.04807692307692308 0.5985576923076923 0.052884615384615384 0.0625
4 0.08173076923076923 0.578125 0.014423076923076924 0.040865384615384616
2 0.18870192307692307 0.6189903846153846 0.07451923076923077 0.11778846153846154
0 0.38221153846153844 0.7620192307692307 0.47115384615384615 0.47115384615384615
2 0.6454326923076923 0.5540865384615384 0.036057692307692304 0.055288461538461536
2 0.7235576923076923 0.5528846153846154 0.019230769230769232 0.04326923076923077
0 0.9026442307692307 0.5360576923076923 0.09375 0.04807692307692308
0 0.8401442307692307 0.5348557692307693 0.06490384615384616 0.05048076923076923
4 0.9290865384615384 0.5024038461538461 0.021634615384615384 0.038461538461538464
4 0.9879807692307693 0.5444711538461539 0.014423076923076924 0.06971153846153846
0 0.7716346153846154 0.5360576923076923 0.04326923076923077 0.038461538461538464
0 0.7259615384615384 0.5348557692307693 0.04326923076923077 0.036057692307692304