0 0.21995192307692307 0.6959134615384616 0.2764423076923077 0.2764423076923077
0 0.32211538461538464 0.6045673076923077 0.07692307692307693 0.12259615384615384
2 0.8112980769230769 0.5865384615384616 0.036057692307692304 0.0673076923076923
2 0.5865384615384616 0.5649038461538461 0.028846153846153848 0.038461538461538464
4 0.042067307692307696 0.6009615384615384 0.01201923076923077 0.04326923076923077
4 0.04807692307692308 0.6069711538461539 0.009615384615384616 0.026442307692307692
0 0.9338942307692307 0.5528846153846154 0.10336538461538461 0.04807692307692308
0 0.6418269230769231 0.5492788461538461 0.038461538461538464 0.06009615384615385
4 0.9435096153846154 0.5252403846153846 0.01201923076923077 0.03125
0 0.8653846153846154 0.5528846153846154 0.07211538461538461 0.052884615384615384
0 0.06971153846153846 0.5901442307692307 0.052884615384615384 0.06009615384615385