4 0.07211538461538461 0.6069711538461539 0.014423076923076924 0.04567307692307692
4 0.0829326923076923 0.6117788461538461 0.01201923076923077 0.036057692307692304
0 0.042067307692307696 0.6947115384615384 0.08413461538461539 0.21153846153846154
0 0.1045673076923077 0.5877403846153846 0.055288461538461536 0.06009615384615385
0 0.15264423076923078 0.5865384615384616 0.03125 0.038461538461538464
0 0.23557692307692307 0.5961538461538461 0.028846153846153848 0.03365384615384615
2 0.9122596153846154 0.5721153846153846 0.03125 0.07211538461538461
0 0.7067307692307693 0.5492788461538461 0.038461538461538464 0.06009615384615385
0 0.8689903846153846 0.5492788461538461 0.06009615384615385 0.040865384615384616
0 0.9447115384615384 0.5444711538461539 0.07692307692307693 0.05048076923076923
0 0.9807692307692307 0.5528846153846154 0.03365384615384615 0.0625
0 0.19591346153846154 0.5865384615384616 0.03125 0.028846153846153848
0 0.5480769230769231 0.5528846153846154 0.019230769230769232 0.028846153846153848
0 0.5252403846153846 0.5600961538461539 0.01201923076923077 0.014423076923076924
0 0.8269230769230769 0.5480769230769231 0.019230769230769232 0.038461538461538464
0 0.8076923076923077 0.5540865384615384 0.019230769230769232 0.026442307692307692
0 0.3173076923076923 0.6189903846153846 0.1201923076923077 0.15625