2 0.03245192307692308 0.6334134615384616 0.036057692307692304 0.08413461538461539
0 0.12980769230769232 0.609375 0.07692307692307693 0.08413461538461539
0 0.36538461538461536 0.5829326923076923 0.03365384615384615 0.04567307692307692
0 0.5012019230769231 0.5769230769230769 0.03125 0.028846153846153848
2 0.6298076923076923 0.5757211538461539 0.014423076923076924 0.04567307692307692
0 0.7175480769230769 0.5889423076923077 0.06971153846153846 0.0625
0 0.6826923076923077 0.5877403846153846 0.038461538461538464 0.06009615384615385
4 0.9759615384615384 0.5733173076923077 0.014423076923076924 0.055288461538461536
0 0.9002403846153846 0.5769230769230769 0.08413461538461539 0.038461538461538464
0 0.5865384615384616 0.5612980769230769 0.03365384615384615 0.05048076923076923
0 0.4110576923076923 0.5733173076923077 0.014423076923076924 0.021634615384615384
2 0.21394230769230768 0.6009615384615384 0.028846153846153848 0.038461538461538464