0 0.21514423076923078 0.6418269230769231 0.11298076923076923 0.15865384615384615
0 0.4411057692307692 0.5132211538461539 0.15144230769230768 0.036057692307692304
0 0.4338942307692308 0.7620192307692307 0.5264423076923077 0.47115384615384615
2 0.8942307692307693 0.5793269230769231 0.057692307692307696 0.13942307692307693
2 0.7956730769230769 0.5420673076923077 0.03365384615384615 0.06971153846153846
4 0.6850961538461539 0.5576923076923077 0.014423076923076924 0.02403846153846154
4 0.07692307692307693 0.5721153846153846 0.009615384615384616 0.038461538461538464
4 0.109375 0.5721153846153846 0.01201923076923077 0.04326923076923077
4 0.7019230769230769 0.5456730769230769 0.014423076923076924 0.052884615384615384
0 0.59375 0.5360576923076923 0.019230769230769232 0.019230769230769232
4 0.6454326923076923 0.5336538461538461 0.007211538461538462 0.028846153846153848