0 0.43149038461538464 0.7644230769230769 0.5456730769230769 0.47115384615384615
0 0.20793269230769232 0.6490384615384616 0.10336538461538461 0.15865384615384615
0 0.4387019230769231 0.5204326923076923 0.15625 0.036057692307692304
2 0.8966346153846154 0.5865384615384616 0.057692307692307696 0.13942307692307693
2 0.8473557692307693 0.5480769230769231 0.026442307692307692 0.07211538461538461
4 0.6850961538461539 0.5649038461538461 0.014423076923076924 0.028846153846153848
4 0.08774038461538461 0.5805288461538461 0.01201923076923077 0.040865384615384616
4 0.10576923076923077 0.5793269230769231 0.014423076923076924 0.04326923076923077
4 0.7007211538461539 0.5504807692307693 0.01201923076923077 0.052884615384615384
0 0.5925480769230769 0.5408653846153846 0.021634615384615384 0.02403846153846154
4 0.6454326923076923 0.5396634615384616 0.007211538461538462 0.03125