4 0.015625 0.5757211538461539 0.016826923076923076 0.055288461538461536
0 0.018028846153846152 0.6033653846153846 0.036057692307692304 0.09134615384615384
0 0.27403846153846156 0.5757211538461539 0.07692307692307693 0.06971153846153846
0 0.33533653846153844 0.5841346153846154 0.0889423076923077 0.07692307692307693
0 0.37740384615384615 0.5576923076923077 0.028846153846153848 0.028846153846153848
0 0.45072115384615385 0.609375 0.16105769230769232 0.18028846153846154
0 0.5625 0.5733173076923077 0.09134615384615384 0.13221153846153846
0 0.6454326923076923 0.5360576923076923 0.021634615384615384 0.02403846153846154
4 0.7211538461538461 0.5372596153846154 0.014423076923076924 0.040865384615384616
4 0.8064903846153846 0.5709134615384616 0.021634615384615384 0.036057692307692304
4 0.8329326923076923 0.5540865384615384 0.016826923076923076 0.07451923076923077
4 0.8629807692307693 0.5456730769230769 0.014423076923076924 0.07211538461538461
2 0.6971153846153846 0.5564903846153846 0.02403846153846154 0.06490384615384616