0 0.07932692307692307 0.6862980769230769 0.15865384615384615 0.18990384615384615
0 0.24879807692307693 0.6225961538461539 0.10336538461538461 0.09134615384615384
0 0.30408653846153844 0.6057692307692307 0.07451923076923077 0.08173076923076923
0 0.35096153846153844 0.5961538461538461 0.052884615384615384 0.08173076923076923
0 0.44471153846153844 0.6213942307692307 0.10576923076923077 0.12259615384615384
0 0.4963942307692308 0.5793269230769231 0.036057692307692304 0.052884615384615384
0 0.5564903846153846 0.6045673076923077 0.06971153846153846 0.10817307692307693
0 0.5204326923076923 0.5661057692307693 0.021634615384615384 0.036057692307692304
0 0.6021634615384616 0.5709134615384616 0.021634615384615384 0.03125
2 0.6730769230769231 0.5853365384615384 0.028846153846153848 0.06971153846153846
4 0.7079326923076923 0.5733173076923077 0.016826923076923076 0.055288461538461536
0 0.8064903846153846 0.6610576923076923 0.35336538461538464 0.16826923076923078