0 0.17908653846153846 0.5793269230769231 0.1466346153846154 0.14903846153846154
0 0.5925480769230769 0.6466346153846154 0.15625 0.13942307692307693
2 0.8798076923076923 0.6153846153846154 0.052884615384615384 0.14423076923076922
0 0.6682692307692307 0.5865384615384616 0.057692307692307696 0.057692307692307696
0 0.5588942307692307 0.5649038461538461 0.04567307692307692 0.03365384615384615
0 0.5120192307692307 0.5793269230769231 0.038461538461538464 0.04326923076923077
0 0.47716346153846156 0.5769230769230769 0.026442307692307692 0.03365384615384615
0 0.8076923076923077 0.5685096153846154 0.0625 0.06490384615384616
0 0.7632211538461539 0.5709134615384616 0.040865384615384616 0.06009615384615385
0 0.7295673076923077 0.5721153846153846 0.026442307692307692 0.04807692307692308
0 0.7199519230769231 0.5649038461538461 0.03125 0.04326923076923077
0 0.7043269230769231 0.5649038461538461 0.019230769230769232 0.04326923076923077
0 0.6887019230769231 0.5552884615384616 0.01201923076923077 0.028846153846153848
0 0.3894230769230769 0.5793269230769231 0.014423076923076924 0.019230769230769232
0 0.36899038461538464 0.578125 0.026442307692307692 0.016826923076923076
0 0.44711538461538464 0.5697115384615384 0.009615384615384616 0.014423076923076924
2 0.29447115384615385 0.5901442307692307 0.01201923076923077 0.026442307692307692
2 0.30288461538461536 0.5889423076923077 0.009615384615384616 0.028846153846153848
0 0.009615384615384616 0.609375 0.019230769230769232 0.06971153846153846