2 0.23317307692307693 0.5961538461538461 0.014423076923076924 0.028846153846153848
2 0.24759615384615385 0.5889423076923077 0.014423076923076924 0.038461538461538464
0 0.3449519230769231 0.5745192307692307 0.040865384615384616 0.02403846153846154
0 0.7091346153846154 0.5925480769230769 0.08653846153846154 0.07932692307692307
0 0.9086538461538461 0.5661057692307693 0.10096153846153846 0.0985576923076923
0 0.8413461538461539 0.5649038461538461 0.0673076923076923 0.08173076923076923
0 0.7980769230769231 0.5697115384615384 0.04326923076923077 0.0625
0 0.7692307692307693 0.5661057692307693 0.028846153846153848 0.05048076923076923
0 0.7512019230769231 0.5564903846153846 0.036057692307692304 0.05048076923076923
0 0.5096153846153846 0.6382211538461539 0.12980769230769232 0.13221153846153846
0 0.5384615384615384 0.5721153846153846 0.038461538461538464 0.04807692307692308
0 0.5036057692307693 0.5649038461538461 0.03125 0.02403846153846154
0 0.46153846153846156 0.5612980769230769 0.014423076923076924 0.01201923076923077
0 0.48677884615384615 0.5600961538461539 0.01201923076923077 0.014423076923076924
0 0.7151442307692307 0.5444711538461539 0.03125 0.026442307692307692
0 0.7295673076923077 0.5492788461538461 0.021634615384615384 0.03125
0 0.6490384615384616 0.5625 0.04326923076923077 0.04326923076923077
0 0.6862980769230769 0.546875 0.026442307692307692 0.026442307692307692
0 0.4254807692307692 0.5673076923076923 0.014423076923076924 0.019230769230769232