2 0.14423076923076922 0.5997596153846154 0.02403846153846154 0.06490384615384616
4 0.16346153846153846 0.6009615384615384 0.019230769230769232 0.057692307692307696
2 0.2512019230769231 0.5877403846153846 0.021634615384615384 0.055288461538461536
0 0.19591346153846154 0.59375 0.04567307692307692 0.038461538461538464
0 0.20673076923076922 0.5745192307692307 0.04807692307692308 0.028846153846153848
0 0.2403846153846154 0.5865384615384616 0.052884615384615384 0.052884615384615384
0 0.3137019230769231 0.5769230769230769 0.06009615384615385 0.028846153846153848
0 0.45913461538461536 0.5625 0.019230769230769232 0.02403846153846154
0 0.5096153846153846 0.6069711538461539 0.08653846153846154 0.0889423076923077
0 0.546875 0.5697115384615384 0.016826923076923076 0.019230769230769232
0 0.4795673076923077 0.5576923076923077 0.01201923076923077 0.02403846153846154
0 0.5925480769230769 0.5757211538461539 0.05048076923076923 0.055288461538461536
4 0.7463942307692307 0.5576923076923077 0.01201923076923077 0.038461538461538464
0 0.6959134615384616 0.5600961538461539 0.040865384615384616 0.04326923076923077
0 0.7992788461538461 0.5576923076923077 0.055288461538461536 0.04326923076923077
0 0.8185096153846154 0.5600961538461539 0.036057692307692304 0.04326923076923077
0 0.5649038461538461 0.5612980769230769 0.02403846153846154 0.026442307692307692
0 0.9026442307692307 0.5492788461538461 0.15144230769230768 0.08413461538461539
0 0.9086538461538461 0.5528846153846154 0.052884615384615384 0.07211538461538461
0 0.9663461538461539 0.5492788461538461 0.0625 0.08413461538461539