0 0.04567307692307692 0.6009615384615384 0.09134615384615384 0.052884615384615384
0 0.056490384615384616 0.5757211538461539 0.055288461538461536 0.03125
4 0.1045673076923077 0.5889423076923077 0.01201923076923077 0.052884615384615384
0 0.23918269230769232 0.5925480769230769 0.07932692307692307 0.09375
0 0.5300480769230769 0.6045673076923077 0.0985576923076923 0.09375
0 0.390625 0.5625 0.016826923076923076 0.019230769230769232
0 0.40024038461538464 0.5612980769230769 0.01201923076923077 0.016826923076923076
0 0.41225961538461536 0.5528846153846154 0.021634615384615384 0.028846153846153848
0 0.49038461538461536 0.5576923076923077 0.02403846153846154 0.028846153846153848
0 0.5300480769230769 0.5504807692307693 0.04567307692307692 0.03365384615384615
0 0.4338942307692308 0.5552884615384616 0.01201923076923077 0.014423076923076924
0 0.43028846153846156 0.546875 0.014423076923076924 0.016826923076923076
0 0.47475961538461536 0.5492788461538461 0.016826923076923076 0.016826923076923076
2 0.33413461538461536 0.5661057692307693 0.009615384615384616 0.021634615384615384
2 0.3425480769230769 0.5649038461538461 0.007211538461538462 0.014423076923076924
0 0.5552884615384616 0.5504807692307693 0.014423076923076924 0.019230769230769232