0 0.20793269230769232 0.6514423076923077 0.17067307692307693 0.15384615384615385
0 0.22596153846153846 0.5673076923076923 0.04807692307692308 0.038461538461538464
0 0.3004807692307692 0.5985576923076923 0.09134615384615384 0.1201923076923077
0 0.38461538461538464 0.5685096153846154 0.02403846153846154 0.021634615384615384
0 0.39903846153846156 0.5612980769230769 0.014423076923076924 0.016826923076923076
0 0.41225961538461536 0.5564903846153846 0.016826923076923076 0.021634615384615384
2 0.6706730769230769 0.5600961538461539 0.038461538461538464 0.04326923076923077
0 0.6286057692307693 0.5504807692307693 0.055288461538461536 0.04326923076923077
0 0.5528846153846154 0.5637019230769231 0.09134615384615384 0.055288461538461536
4 0.7139423076923077 0.5432692307692307 0.014423076923076924 0.03365384615384615
0 0.4362980769230769 0.5552884615384616 0.021634615384615384 0.02403846153846154
0 0.453125 0.5456730769230769 0.016826923076923076 0.02403846153846154
0 0.36899038461538464 0.5612980769230769 0.01201923076923077 0.016826923076923076
0 0.34615384615384615 0.5649038461538461 0.019230769230769232 0.014423076923076924
0 0.35697115384615385 0.5516826923076923 0.016826923076923076 0.021634615384615384
2 0.4483173076923077 0.5673076923076923 0.036057692307692304 0.04326923076923077