0 0.10096153846153846 0.5793269230769231 0.10096153846153846 0.09615384615384616
0 0.15504807692307693 0.5853365384615384 0.04567307692307692 0.055288461538461536
0 0.22355769230769232 0.5504807692307693 0.12980769230769232 0.125
0 0.31009615384615385 0.5697115384615384 0.04807692307692308 0.04326923076923077
0 0.96875 0.5288461538461539 0.057692307692307696 0.04326923076923077
0 0.8918269230769231 0.5264423076923077 0.0673076923076923 0.04807692307692308
0 0.8521634615384616 0.5504807692307693 0.14182692307692307 0.0625
0 0.8064903846153846 0.5444711538461539 0.10817307692307693 0.06971153846153846
0 0.7884615384615384 0.546875 0.11057692307692307 0.04567307692307692
0 0.7536057692307693 0.546875 0.08413461538461539 0.04567307692307692
0 0.7283653846153846 0.5480769230769231 0.07211538461538461 0.04326923076923077
0 0.7199519230769231 0.5408653846153846 0.07451923076923077 0.052884615384615384
0 0.3762019230769231 0.5492788461538461 0.016826923076923076 0.021634615384615384
0 0.41346153846153844 0.5456730769230769 0.019230769230769232 0.028846153846153848
0 0.5252403846153846 0.5408653846153846 0.021634615384615384 0.04326923076923077
0 0.4338942307692308 0.5552884615384616 0.026442307692307692 0.028846153846153848
0 0.4735576923076923 0.5528846153846154 0.03365384615384615 0.04326923076923077
0 0.5492788461538461 0.5600961538461539 0.055288461538461536 0.04326923076923077