0 0.10096153846153846 0.5817307692307693 0.10096153846153846 0.09615384615384616
0 0.15384615384615385 0.5877403846153846 0.057692307692307696 0.055288461538461536
0 0.20432692307692307 0.5805288461538461 0.0625 0.05048076923076923
0 0.2512019230769231 0.5516826923076923 0.11298076923076923 0.11298076923076923
0 0.31971153846153844 0.5576923076923077 0.019230769230769232 0.028846153846153848
0 0.33774038461538464 0.5673076923076923 0.040865384615384616 0.038461538461538464
0 0.41466346153846156 0.5600961538461539 0.036057692307692304 0.03365384615384615
0 0.46274038461538464 0.5564903846153846 0.036057692307692304 0.04567307692307692
0 0.5456730769230769 0.5576923076923077 0.057692307692307696 0.04326923076923077
0 0.5228365384615384 0.5384615384615384 0.021634615384615384 0.038461538461538464
0 0.8533653846153846 0.5528846153846154 0.13942307692307693 0.0625
0 0.8088942307692307 0.5432692307692307 0.11298076923076923 0.057692307692307696
0 0.7716346153846154 0.5492788461538461 0.07211538461538461 0.04567307692307692
0 0.75 0.546875 0.07692307692307693 0.04567307692307692
0 0.7367788461538461 0.5456730769230769 0.07932692307692307 0.04326923076923077
0 0.7163461538461539 0.5420673076923077 0.07211538461538461 0.055288461538461536
0 0.9711538461538461 0.5288461538461539 0.057692307692307696 0.04326923076923077
0 0.8918269230769231 0.5288461538461539 0.0673076923076923 0.04807692307692308
0 0.37740384615384615 0.5504807692307693 0.014423076923076924 0.019230769230769232