0 0.08774038461538461 0.6286057692307693 0.15144230769230768 0.11778846153846154
0 0.12980769230769232 0.5769230769230769 0.04807692307692308 0.052884615384615384
4 0.17548076923076922 0.5817307692307693 0.02403846153846154 0.0625
2 0.35697115384615385 0.6634615384615384 0.0985576923076923 0.21634615384615385
0 0.49278846153846156 0.5865384615384616 0.09134615384615384 0.11057692307692307
4 0.41346153846153844 0.5817307692307693 0.02403846153846154 0.08173076923076923
0 0.3545673076923077 0.5685096153846154 0.05048076923076923 0.06490384615384616
0 0.44591346153846156 0.5492788461538461 0.016826923076923076 0.021634615384615384
0 0.5024038461538461 0.5348557692307693 0.04807692307692308 0.06971153846153846
0 0.5444711538461539 0.5576923076923077 0.03125 0.052884615384615384
0 0.7956730769230769 0.5516826923076923 0.13942307692307693 0.0985576923076923
0 0.9098557692307693 0.5625 0.10817307692307693 0.1201923076923077
0 0.9591346153846154 0.5697115384615384 0.07692307692307693 0.14423076923076922
0 0.7247596153846154 0.5252403846153846 0.16105769230769232 0.11298076923076923