0 0.9519230769230769 0.5745192307692307 0.09134615384615384 0.15384615384615385
0 0.9086538461538461 0.5805288461538461 0.18269230769230768 0.12740384615384615
0 0.8100961538461539 0.5757211538461539 0.24519230769230768 0.10817307692307693
0 0.6262019230769231 0.5372596153846154 0.21875 0.14182692307692307
0 0.2608173076923077 0.5805288461538461 0.055288461538461536 0.06009615384615385
0 0.5588942307692307 0.5492788461538461 0.17548076923076922 0.10336538461538461
0 0.4338942307692308 0.5612980769230769 0.11778846153846154 0.055288461538461536
0 0.42788461538461536 0.5444711538461539 0.14903846153846154 0.08413461538461539
0 0.23557692307692307 0.5516826923076923 0.04326923076923077 0.06490384615384616
0 0.030048076923076924 0.6105769230769231 0.06009615384615385 0.12980769230769232
0 0.09495192307692307 0.5877403846153846 0.05048076923076923 0.05048076923076923