0 0.4074519230769231 0.5673076923076923 0.026442307692307692 0.028846153846153848
0 0.9627403846153846 0.578125 0.07451923076923077 0.14182692307692307
0 0.9254807692307693 0.5685096153846154 0.14423076923076922 0.12259615384615384
0 0.8209134615384616 0.5600961538461539 0.18028846153846154 0.10096153846153846
0 0.7391826923076923 0.5276442307692307 0.16105769230769232 0.12259615384615384
0 0.5396634615384616 0.5661057692307693 0.03125 0.055288461538461536
0 0.4891826923076923 0.5901442307692307 0.09375 0.0985576923076923
0 0.4987980769230769 0.5432692307692307 0.05048076923076923 0.07692307692307693
0 0.3293269230769231 0.5673076923076923 0.019230769230769232 0.019230769230769232
0 0.28725961538461536 0.5733173076923077 0.03125 0.026442307692307692
2 0.3389423076923077 0.5817307692307693 0.04326923076923077 0.04326923076923077
4 0.29086538461538464 0.5757211538461539 0.009615384615384616 0.026442307692307692
0 0.125 0.5865384615384616 0.04807692307692308 0.04807692307692308
4 0.24639423076923078 0.5925480769230769 0.026442307692307692 0.0889423076923077
4 0.25841346153846156 0.5889423076923077 0.021634615384615384 0.08653846153846154
0 0.3389423076923077 0.5504807692307693 0.10096153846153846 0.03365384615384615
0 0.4362980769230769 0.5649038461538461 0.026442307692307692 0.03365384615384615
4 0.3870192307692308 0.5805288461538461 0.02403846153846154 0.05048076923076923