4 0.4170673076923077 0.5889423076923077 0.03125 0.09134615384615384
0 0.9627403846153846 0.578125 0.07451923076923077 0.14182692307692307
0 0.9254807692307693 0.5685096153846154 0.14423076923076922 0.12259615384615384
0 0.8209134615384616 0.5600961538461539 0.18028846153846154 0.10096153846153846
0 0.75 0.5625 0.10576923076923077 0.07211538461538461
0 0.7211538461538461 0.5612980769230769 0.0673076923076923 0.05048076923076923
0 0.7524038461538461 0.5288461538461539 0.1875 0.1201923076923077
0 0.5528846153846154 0.5661057692307693 0.057692307692307696 0.055288461538461536
0 0.4891826923076923 0.5889423076923077 0.0889423076923077 0.09615384615384616
0 0.4987980769230769 0.5432692307692307 0.05048076923076923 0.07692307692307693
0 0.3293269230769231 0.5673076923076923 0.019230769230769232 0.019230769230769232
0 0.12740384615384615 0.5889423076923077 0.04807692307692308 0.04807692307692308
0 0.06971153846153846 0.6262019230769231 0.13942307692307693 0.12740384615384615
2 0.34375 0.5877403846153846 0.02403846153846154 0.06490384615384616
4 0.19230769230769232 0.5853365384615384 0.02403846153846154 0.06009615384615385