0 0.8822115384615384 0.5733173076923077 0.1875 0.15144230769230768
0 0.7283653846153846 0.5709134615384616 0.1201923076923077 0.11298076923076923
0 0.6935096153846154 0.5576923076923077 0.0985576923076923 0.1201923076923077
0 0.6057692307692307 0.5552884615384616 0.02403846153846154 0.03365384615384615
0 0.5168269230769231 0.5600961538461539 0.07692307692307693 0.038461538461538464
2 0.4338942307692308 0.5793269230769231 0.021634615384615384 0.0625
0 0.07572115384615384 0.5841346153846154 0.07451923076923077 0.03365384615384615
0 0.32091346153846156 0.5829326923076923 0.07451923076923077 0.07451923076923077
0 0.25721153846153844 0.5805288461538461 0.04326923076923077 0.055288461538461536
0 0.23798076923076922 0.5889423076923077 0.038461538461538464 0.057692307692307696
0 0.19831730769230768 0.5925480769230769 0.06490384615384616 0.07932692307692307
0 0.16346153846153846 0.6069711538461539 0.09615384615384616 0.09375