0 0.20192307692307693 0.5697115384615384 0.04807692307692308 0.038461538461538464
0 0.31850961538461536 0.5540865384615384 0.03125 0.03125
0 0.8173076923076923 0.5036057692307693 0.24519230769230768 0.3004807692307692
0 0.43149038461538464 0.5432692307692307 0.021634615384615384 0.028846153846153848
0 0.44471153846153844 0.5348557692307693 0.019230769230769232 0.036057692307692304
0 0.484375 0.5444711538461539 0.021634615384615384 0.026442307692307692
0 0.5252403846153846 0.5396634615384616 0.021634615384615384 0.026442307692307692
0 0.6262019230769231 0.5504807692307693 0.040865384615384616 0.038461538461538464
2 0.5612980769230769 0.5456730769230769 0.01201923076923077 0.03365384615384615
0 0.6105769230769231 0.5252403846153846 0.057692307692307696 0.07932692307692307
4 0.29927884615384615 0.5480769230769231 0.007211538461538462 0.038461538461538464
0 0.9723557692307693 0.5661057692307693 0.055288461538461536 0.11298076923076923