0 0.040865384615384616 0.6766826923076923 0.08173076923076923 0.17548076923076922
0 0.078125 0.6213942307692307 0.11298076923076923 0.14182692307692307
0 0.25600961538461536 0.5913461538461539 0.055288461538461536 0.057692307692307696
0 0.3401442307692308 0.546875 0.0889423076923077 0.14182692307692307
0 0.8377403846153846 0.5444711538461539 0.10817307692307693 0.10336538461538461
0 0.7475961538461539 0.5612980769230769 0.07692307692307693 0.05048076923076923
0 0.4855769230769231 0.5673076923076923 0.028846153846153848 0.028846153846153848
0 0.5012019230769231 0.5588942307692307 0.01201923076923077 0.026442307692307692
0 0.5096153846153846 0.5564903846153846 0.014423076923076924 0.06009615384615385
0 0.4375 0.5865384615384616 0.057692307692307696 0.057692307692307696
0 0.5528846153846154 0.5612980769230769 0.08653846153846154 0.11778846153846154
0 0.4495192307692308 0.5516826923076923 0.02403846153846154 0.026442307692307692
0 0.3894230769230769 0.5685096153846154 0.02403846153846154 0.03125
0 0.4110576923076923 0.5709134615384616 0.019230769230769232 0.021634615384615384