0 0.10336538461538461 0.6826923076923077 0.20673076923076922 0.1778846153846154
0 0.24639423076923078 0.6334134615384616 0.15625 0.14182692307692307
0 0.6310096153846154 0.5877403846153846 0.06971153846153846 0.07451923076923077
0 0.6911057692307693 0.5552884615384616 0.026442307692307692 0.03365384615384615
0 0.7463942307692307 0.5528846153846154 0.0889423076923077 0.13942307692307693
0 0.4675480769230769 0.5865384615384616 0.07451923076923077 0.057692307692307696
0 0.5180288461538461 0.5661057692307693 0.04567307692307692 0.040865384615384616
0 0.5540865384615384 0.5625 0.03125 0.03365384615384615
0 0.6069711538461539 0.5336538461538461 0.05048076923076923 0.09134615384615384
0 0.6778846153846154 0.5276442307692307 0.019230769230769232 0.021634615384615384
0 0.9278846153846154 0.5180288461538461 0.057692307692307696 0.04567307692307692
0 0.8882211538461539 0.5408653846153846 0.036057692307692304 0.03365384615384615
0 0.375 0.5576923076923077 0.2403846153846154 0.22596153846153846
0 0.5588942307692307 0.5444711538461539 0.055288461538461536 0.055288461538461536