2 0.055288461538461536 0.5913461538461539 0.10576923076923077 0.09615384615384616
0 0.19471153846153846 0.5865384615384616 0.07692307692307693 0.0673076923076923
0 0.44591346153846156 0.5649038461538461 0.055288461538461536 0.057692307692307696
0 0.9206730769230769 0.5216346153846154 0.14903846153846154 0.12980769230769232
0 0.7908653846153846 0.5444711538461539 0.11538461538461539 0.06009615384615385
0 0.30288461538461536 0.5324519230769231 0.11057692307692307 0.16105769230769232
0 0.5396634615384616 0.5384615384615384 0.0985576923076923 0.1201923076923077
0 0.4831730769230769 0.5492788461538461 0.02403846153846154 0.03125
0 0.36538461538461536 0.5637019230769231 0.038461538461538464 0.03125
0 0.390625 0.5528846153846154 0.026442307692307692 0.03365384615384615
0 0.43149038461538464 0.5336538461538461 0.03125 0.038461538461538464