4 0.16706730769230768 0.5877403846153846 0.026442307692307692 0.06490384615384616
4 0.2091346153846154 0.578125 0.004807692307692308 0.055288461538461536
4 0.21995192307692307 0.5612980769230769 0.01201923076923077 0.03125
0 0.24879807692307693 0.5901442307692307 0.06971153846153846 0.06009615384615385
0 0.37740384615384615 0.5252403846153846 0.09615384615384616 0.13701923076923078
0 0.640625 0.5408653846153846 0.15625 0.20192307692307693
0 0.9423076923076923 0.5276442307692307 0.057692307692307696 0.07451923076923077
4 0.8737980769230769 0.5420673076923077 0.021634615384615384 0.06971153846153846
0 0.45913461538461536 0.5372596153846154 0.038461538461538464 0.04567307692307692
0 0.5012019230769231 0.5685096153846154 0.036057692307692304 0.040865384615384616
0 0.5384615384615384 0.5552884615384616 0.028846153846153848 0.04326923076923077
0 0.8689903846153846 0.53125 0.055288461538461536 0.0625