4 0.921875 0.5168269230769231 0.021634615384615384 0.038461538461538464
4 0.84375 0.5264423076923077 0.014423076923076924 0.03365384615384615
0 0.04567307692307692 0.6286057692307693 0.09134615384615384 0.0985576923076923
0 0.25600961538461536 0.5901442307692307 0.09375 0.07451923076923077
0 0.3762019230769231 0.5733173076923077 0.06490384615384616 0.040865384615384616
0 0.6706730769230769 0.5757211538461539 0.07692307692307693 0.07451923076923077
0 0.5661057692307693 0.5600961538461539 0.036057692307692304 0.038461538461538464
0 0.5096153846153846 0.5492788461538461 0.02403846153846154 0.021634615384615384
0 0.44591346153846156 0.5564903846153846 0.036057692307692304 0.026442307692307692
0 0.6033653846153846 0.5709134615384616 0.057692307692307696 0.06009615384615385
0 0.6286057692307693 0.5240384615384616 0.03125 0.028846153846153848