0 0.04567307692307692 0.6526442307692307 0.09134615384615384 0.27163461538461536
0 0.2956730769230769 0.5456730769230769 0.0625 0.028846153846153848
0 0.27403846153846156 0.5865384615384616 0.09615384615384616 0.052884615384615384
0 0.3425480769230769 0.5697115384615384 0.055288461538461536 0.038461538461538464
0 0.38822115384615385 0.5420673076923077 0.040865384615384616 0.06490384615384616
0 0.3629807692307692 0.5564903846153846 0.038461538461538464 0.036057692307692304
0 0.7019230769230769 0.6009615384615384 0.12980769230769232 0.1201923076923077
0 0.640625 0.5757211538461539 0.06490384615384616 0.06971153846153846
0 0.5961538461538461 0.5649038461538461 0.04807692307692308 0.04807692307692308
0 0.5793269230769231 0.5576923076923077 0.03365384615384615 0.038461538461538464
0 0.5709134615384616 0.5216346153846154 0.03125 0.03365384615384615
0 0.5108173076923077 0.5649038461538461 0.040865384615384616 0.04807692307692308
4 0.8088942307692307 0.5396634615384616 0.021634615384615384 0.06009615384615385