0 0.7019230769230769 0.59375 0.14903846153846154 0.15384615384615385
0 0.53125 0.5805288461538461 0.09615384615384616 0.08413461538461539
0 0.5997596153846154 0.5540865384615384 0.05048076923076923 0.05048076923076923
0 0.21754807692307693 0.5661057692307693 0.10336538461538461 0.06009615384615385
0 0.3161057692307692 0.5612980769230769 0.06971153846153846 0.06490384615384616
0 0.3605769230769231 0.5480769230769231 0.014423076923076924 0.019230769230769232
0 0.3858173076923077 0.5456730769230769 0.036057692307692304 0.038461538461538464
0 0.47596153846153844 0.5276442307692307 0.057692307692307696 0.11298076923076923
0 0.5709134615384616 0.5336538461538461 0.03125 0.028846153846153848
4 0.7680288461538461 0.515625 0.01201923076923077 0.021634615384615384
4 0.7331730769230769 0.5132211538461539 0.009615384615384616 0.01201923076923077