0 0.08774038461538461 0.6322115384615384 0.17548076923076922 0.20192307692307693
0 0.24158653846153846 0.5913461538461539 0.0889423076923077 0.0625
0 0.7331730769230769 0.5925480769230769 0.125 0.13221153846153846
0 0.5276442307692307 0.5961538461538461 0.09375 0.08653846153846154
0 0.6117788461538461 0.5805288461538461 0.06971153846153846 0.07932692307692307
0 0.6622596153846154 0.5697115384615384 0.05048076923076923 0.057692307692307696
0 0.5144230769230769 0.5132211538461539 0.07211538461538461 0.07451923076923077
0 0.39903846153846156 0.5637019230769231 0.038461538461538464 0.021634615384615384
0 0.43509615384615385 0.5576923076923077 0.028846153846153848 0.019230769230769232
4 0.9423076923076923 0.5252403846153846 0.019230769230769232 0.040865384615384616
4 0.7536057692307693 0.5264423076923077 0.01201923076923077 0.014423076923076924
1 0.6153846153846154 0.7351201923076923 0.7692307692307693 0.14733173076923076