0 0.0625 0.5901442307692307 0.125 0.10336538461538461
0 0.21514423076923078 0.5877403846153846 0.12740384615384615 0.11778846153846154
0 0.30288461538461536 0.5697115384615384 0.07211538461538461 0.04326923076923077
0 0.9675480769230769 0.8161057692307693 0.06009615384615385 0.2283653846153846
0 0.8810096153846154 0.6274038461538461 0.18509615384615385 0.16826923076923078
0 0.41346153846153844 0.6490384615384616 0.1778846153846154 0.17307692307692307
0 0.38461538461538464 0.5576923076923077 0.04326923076923077 0.019230769230769232
0 0.42427884615384615 0.5516826923076923 0.03125 0.021634615384615384
0 0.5264423076923077 0.5348557692307693 0.1201923076923077 0.18990384615384615
0 0.7175480769230769 0.5769230769230769 0.09375 0.10096153846153846
0 0.6298076923076923 0.5709134615384616 0.057692307692307696 0.06490384615384616
4 0.9206730769230769 0.5300480769230769 0.02403846153846154 0.040865384615384616
4 0.9639423076923077 0.5456730769230769 0.02403846153846154 0.07692307692307693