0 0.08052884615384616 0.5949519230769231 0.1466346153846154 0.08413461538461539
0 0.39783653846153844 0.6442307692307693 0.18028846153846154 0.17307692307692307
0 0.9122596153846154 0.7115384615384616 0.17548076923076922 0.3125
0 0.8064903846153846 0.5973557692307693 0.13701923076923078 0.12740384615384615
0 0.6694711538461539 0.5685096153846154 0.06971153846153846 0.07932692307692307
0 0.6057692307692307 0.5588942307692307 0.052884615384615384 0.055288461538461536
0 0.28125 0.5697115384615384 0.0673076923076923 0.038461538461538464
0 0.3737980769230769 0.5492788461538461 0.036057692307692304 0.021634615384615384
0 0.4098557692307692 0.5480769230769231 0.026442307692307692 0.02403846153846154
0 0.5096153846153846 0.5300480769230769 0.1201923076923077 0.18990384615384615
0 0.9098557692307693 0.5216346153846154 0.0889423076923077 0.04807692307692308
0 0.8209134615384616 0.5288461538461539 0.09375 0.038461538461538464