0 0.13341346153846154 0.5829326923076923 0.11778846153846154 0.07451923076923077
0 0.4579326923076923 0.6225961538461539 0.15625 0.14903846153846154
0 0.7668269230769231 0.5769230769230769 0.09134615384615384 0.09134615384615384
0 0.8557692307692307 0.5564903846153846 0.08173076923076923 0.06490384615384616
0 0.9495192307692307 0.5252403846153846 0.09615384615384616 0.05048076923076923
0 0.9699519230769231 0.5264423076923077 0.055288461538461536 0.04807692307692308
0 0.25721153846153844 0.5865384615384616 0.10096153846153846 0.0673076923076923
0 0.28846153846153844 0.5625 0.057692307692307696 0.04326923076923077
0 0.3173076923076923 0.5516826923076923 0.04326923076923077 0.04567307692307692
0 0.5372596153846154 0.5240384615384616 0.10336538461538461 0.17307692307692307
0 0.43028846153846156 0.5384615384615384 0.03365384615384615 0.028846153846153848
0 0.3473557692307692 0.5492788461538461 0.021634615384615384 0.036057692307692304
0 0.38341346153846156 0.5456730769230769 0.036057692307692304 0.02403846153846154
2 0.8112980769230769 0.5348557692307693 0.021634615384615384 0.036057692307692304