0 0.03485576923076923 0.59375 0.06490384615384616 0.10576923076923077
0 0.10817307692307693 0.6262019230769231 0.21634615384615385 0.17548076923076922
0 0.26802884615384615 0.6117788461538461 0.10817307692307693 0.10336538461538461
0 0.3485576923076923 0.5805288461538461 0.052884615384615384 0.06971153846153846
0 0.5300480769230769 0.6346153846153846 0.15625 0.15384615384615385
0 0.4098557692307692 0.5649038461538461 0.026442307692307692 0.028846153846153848
0 0.4362980769230769 0.5673076923076923 0.03125 0.028846153846153848
0 0.5288461538461539 0.4987980769230769 0.125 0.13221153846153846
0 0.6826923076923077 0.5612980769230769 0.07692307692307693 0.036057692307692304
2 0.9915865384615384 0.5552884615384616 0.016826923076923076 0.07211538461538461
0 0.6069711538461539 0.5504807692307693 0.021634615384615384 0.019230769230769232