0 0.06971153846153846 0.65625 0.13942307692307693 0.15865384615384615
0 0.15144230769230768 0.6213942307692307 0.0673076923076923 0.06490384615384616
0 0.2091346153846154 0.6069711538461539 0.0625 0.06009615384615385
0 0.2932692307692308 0.6045673076923077 0.07211538461538461 0.055288461538461536
0 0.3449519230769231 0.5973557692307693 0.05048076923076923 0.05048076923076923
4 0.5072115384615384 0.578125 0.004807692307692308 0.01201923076923077
4 0.5240384615384616 0.5769230769230769 0.004807692307692308 0.014423076923076924
4 0.5120192307692307 0.5769230769230769 0.004807692307692308 0.014423076923076924
2 0.5925480769230769 0.5829326923076923 0.007211538461538462 0.021634615384615384
0 0.8858173076923077 0.5709134615384616 0.026442307692307692 0.026442307692307692
0 0.8413461538461539 0.5685096153846154 0.02403846153846154 0.016826923076923076