0 0.9314903846153846 0.5552884615384616 0.11298076923076923 0.052884615384615384
0 0.890625 0.5564903846153846 0.07932692307692307 0.05048076923076923
0 0.8870192307692307 0.546875 0.11057692307692307 0.06009615384615385
0 0.8545673076923077 0.5456730769230769 0.04567307692307692 0.04807692307692308
0 0.8221153846153846 0.5480769230769231 0.04807692307692308 0.04807692307692308
0 0.21754807692307693 0.5805288461538461 0.040865384615384616 0.026442307692307692
0 0.3954326923076923 0.5697115384615384 0.036057692307692304 0.038461538461538464
0 0.4735576923076923 0.5612980769230769 0.028846153846153848 0.03125
0 0.4963942307692308 0.5516826923076923 0.016826923076923076 0.021634615384615384
0 0.5216346153846154 0.5480769230769231 0.009615384615384616 0.014423076923076924
0 0.24639423076923078 0.5745192307692307 0.036057692307692304 0.028846153846153848
0 0.234375 0.5757211538461539 0.040865384615384616 0.026442307692307692