0 0.24519230769230768 0.5853365384615384 0.04326923076923077 0.055288461538461536
0 0.2848557692307692 0.5889423076923077 0.06009615384615385 0.04807692307692308
2 0.41947115384615385 0.5709134615384616 0.03125 0.04567307692307692
0 0.4831730769230769 0.5540865384615384 0.014423076923076924 0.026442307692307692
0 0.020432692307692308 0.6129807692307693 0.036057692307692304 0.04326923076923077
0 0.02403846153846154 0.6105769230769231 0.04807692307692308 0.038461538461538464
0 0.055288461538461536 0.6117788461538461 0.038461538461538464 0.03125
0 0.11778846153846154 0.5901442307692307 0.057692307692307696 0.016826923076923076
0 0.3389423076923077 0.5625 0.038461538461538464 0.014423076923076924
0 0.06009615384615385 0.6069711538461539 0.04807692307692308 0.036057692307692304
0 0.17548076923076922 0.5841346153846154 0.052884615384615384 0.019230769230769232
0 0.15745192307692307 0.5877403846153846 0.036057692307692304 0.016826923076923076
0 0.20072115384615385 0.5817307692307693 0.04567307692307692 0.014423076923076924
0 0.3798076923076923 0.5661057692307693 0.02403846153846154 0.026442307692307692
4 0.38221153846153844 0.5697115384615384 0.004807692307692308 0.02403846153846154