2 0.31971153846153844 0.59375 0.0625 0.08653846153846154
0 0.4963942307692308 0.5528846153846154 0.021634615384615384 0.019230769230769232
0 0.028846153846153848 0.6009615384615384 0.057692307692307696 0.02403846153846154
0 0.037259615384615384 0.5949519230769231 0.06971153846153846 0.026442307692307692
0 0.15865384615384615 0.5913461538461539 0.0625 0.038461538461538464
0 0.18389423076923078 0.5913461538461539 0.055288461538461536 0.03365384615384615
0 0.1935096153846154 0.5841346153846154 0.07451923076923077 0.04326923076923077
0 0.2439903846153846 0.5793269230769231 0.055288461538461536 0.028846153846153848
0 0.23197115384615385 0.5865384615384616 0.03125 0.028846153846153848
0 0.9567307692307693 0.6274038461538461 0.08653846153846154 0.09615384615384616
0 0.36658653846153844 0.5685096153846154 0.03125 0.026442307692307692
4 0.37259615384615385 0.5685096153846154 0.009615384615384616 0.03125
0 0.3942307692307692 0.5576923076923077 0.014423076923076924 0.019230769230769232
0 0.4074519230769231 0.5552884615384616 0.01201923076923077 0.019230769230769232
0 0.9567307692307693 0.5288461538461539 0.028846153846153848 0.028846153846153848
0 0.9819711538461539 0.5240384615384616 0.03125 0.02403846153846154