0 0.4495192307692308 0.5612980769230769 0.02403846153846154 0.03125
0 0.8125 0.5444711538461539 0.052884615384615384 0.026442307692307692
0 0.019230769230769232 0.6117788461538461 0.038461538461538464 0.04567307692307692
0 0.02403846153846154 0.6057692307692307 0.04807692307692308 0.038461538461538464
0 0.040865384615384616 0.5949519230769231 0.08173076923076923 0.06009615384615385
0 0.08774038461538461 0.6021634615384616 0.04567307692307692 0.036057692307692304
0 0.10576923076923077 0.5961538461538461 0.0673076923076923 0.04326923076923077
0 0.1310096153846154 0.5925480769230769 0.04567307692307692 0.036057692307692304
0 0.2860576923076923 0.5805288461538461 0.052884615384615384 0.040865384615384616
4 0.29086538461538464 0.5805288461538461 0.009615384615384616 0.036057692307692304
0 0.15504807692307693 0.5865384615384616 0.04567307692307692 0.03365384615384615
0 0.32091346153846156 0.5697115384615384 0.021634615384615384 0.02403846153846154
0 0.3389423076923077 0.5673076923076923 0.014423076923076924 0.02403846153846154
0 0.3545673076923077 0.5625 0.01201923076923077 0.019230769230769232