2 0.8810096153846154 0.5348557692307693 0.021634615384615384 0.03125
0 0.1658653846153846 0.6418269230769231 0.21634615384615385 0.13942307692307693
0 0.23918269230769232 0.5685096153846154 0.06490384615384616 0.03125
4 0.26802884615384615 0.5612980769230769 0.01201923076923077 0.036057692307692304
4 0.28125 0.5625 0.009615384615384616 0.038461538461538464
4 0.1658653846153846 0.5697115384615384 0.014423076923076924 0.02403846153846154
0 0.29086538461538464 0.5649038461538461 0.03365384615384615 0.02403846153846154
0 0.3317307692307692 0.5637019230769231 0.057692307692307696 0.03125
0 0.4170673076923077 0.5564903846153846 0.05048076923076923 0.03125
0 0.38461538461538464 0.5817307692307693 0.07211538461538461 0.0625
0 0.4651442307692308 0.5552884615384616 0.05048076923076923 0.028846153846153848
0 0.5408653846153846 0.5552884615384616 0.07692307692307693 0.04326923076923077
0 0.6610576923076923 0.5588942307692307 0.057692307692307696 0.06490384615384616
0 0.7872596153846154 0.5360576923076923 0.036057692307692304 0.028846153846153848
0 0.7367788461538461 0.5300480769230769 0.06971153846153846 0.10336538461538461
0 0.8834134615384616 0.5144230769230769 0.16105769230769232 0.08653846153846154