0 0.08533653846153846 0.5805288461538461 0.09375 0.036057692307692304
0 0.15264423076923078 0.5769230769230769 0.07451923076923077 0.03365384615384615
0 0.25600961538461536 0.5697115384615384 0.06009615384615385 0.04326923076923077
0 0.4098557692307692 0.5600961538461539 0.06971153846153846 0.03365384615384615
0 0.3112980769230769 0.6153846153846154 0.15144230769230768 0.11538461538461539
0 0.5384615384615384 0.5588942307692307 0.07692307692307693 0.040865384615384616
0 0.6442307692307693 0.5649038461538461 0.0625 0.0673076923076923
0 0.734375 0.5300480769230769 0.0985576923076923 0.13221153846153846
0 0.6802884615384616 0.5492788461538461 0.03365384615384615 0.040865384615384616
0 0.5805288461538461 0.5516826923076923 0.040865384615384616 0.03125
0 0.8569711538461539 0.5384615384615384 0.040865384615384616 0.038461538461538464
0 0.9326923076923077 0.5132211538461539 0.12980769230769232 0.07451923076923077
0 0.7884615384615384 0.5384615384615384 0.028846153846153848 0.04326923076923077
2 0.9074519230769231 0.5384615384615384 0.036057692307692304 0.04326923076923077