0 0.11899038461538461 0.5552884615384616 0.13221153846153846 0.04326923076923077
0 0.6862980769230769 0.5300480769230769 0.06009615384615385 0.08413461538461539
0 0.7848557692307693 0.5168269230769231 0.11778846153846154 0.08173076923076923
0 0.6418269230769231 0.5408653846153846 0.038461538461538464 0.028846153846153848
0 0.5384615384615384 0.5456730769230769 0.07211538461538461 0.038461538461538464
0 0.6033653846153846 0.5588942307692307 0.0625 0.06490384615384616
0 0.16346153846153846 0.5769230769230769 0.057692307692307696 0.03365384615384615
0 0.23557692307692307 0.5697115384615384 0.052884615384615384 0.02403846153846154
0 0.33052884615384615 0.5588942307692307 0.040865384615384616 0.026442307692307692
0 0.3629807692307692 0.5793269230769231 0.0673076923076923 0.057692307692307696
0 0.4362980769230769 0.5564903846153846 0.040865384615384616 0.03125
0 0.46875 0.5504807692307693 0.04807692307692308 0.028846153846153848
0 0.28725961538461536 0.5625 0.040865384615384616 0.014423076923076924
2 0.8197115384615384 0.53125 0.019230769230769232 0.02403846153846154