4 0.5877403846153846 0.5564903846153846 0.01201923076923077 0.040865384615384616
4 0.5997596153846154 0.5588942307692307 0.01201923076923077 0.040865384615384616
4 0.5661057692307693 0.5552884615384616 0.01201923076923077 0.03365384615384615
0 0.3137019230769231 0.5625 0.03125 0.04326923076923077
0 0.2668269230769231 0.5757211538461539 0.04807692307692308 0.04567307692307692
2 0.22956730769230768 0.5757211538461539 0.036057692307692304 0.06009615384615385
0 0.14543269230769232 0.5853365384615384 0.055288461538461536 0.05048076923076923
0 0.09134615384615384 0.5649038461538461 0.07211538461538461 0.057692307692307696
0 0.03485576923076923 0.5649038461538461 0.036057692307692304 0.04326923076923077
0 0.39663461538461536 0.5576923076923077 0.03365384615384615 0.019230769230769232
0 0.36899038461538464 0.5552884615384616 0.026442307692307692 0.014423076923076924