0 0.021634615384615384 0.7824519230769231 0.04326923076923077 0.3004807692307692
0 0.09495192307692307 0.5985576923076923 0.13701923076923078 0.11057692307692307
0 0.18269230769230768 0.5504807692307693 0.07211538461538461 0.09615384615384616
0 0.23076923076923078 0.5697115384615384 0.028846153846153848 0.038461538461538464
0 0.3004807692307692 0.5276442307692307 0.13942307692307693 0.18509615384615385
0 0.45072115384615385 0.5889423076923077 0.0985576923076923 0.10096153846153846
0 0.7692307692307693 0.6310096153846154 0.21634615384615385 0.19471153846153846
0 0.6502403846153846 0.578125 0.0985576923076923 0.0889423076923077
0 0.5841346153846154 0.5637019230769231 0.07211538461538461 0.06971153846153846
0 0.8822115384615384 0.5661057692307693 0.10576923076923077 0.06971153846153846
0 0.9675480769230769 0.5997596153846154 0.06009615384615385 0.14182692307692307
2 0.3173076923076923 0.6009615384615384 0.10096153846153846 0.1346153846153846