0 0.8822115384615384 0.7584134615384616 0.23076923076923078 0.37740384615384615
0 0.13942307692307693 0.7247596153846154 0.27884615384615385 0.24759615384615385
2 0.8377403846153846 0.5709134615384616 0.036057692307692304 0.06971153846153846
0 0.6694711538461539 0.6141826923076923 0.1658653846153846 0.17067307692307693
4 0.5997596153846154 0.5540865384615384 0.01201923076923077 0.040865384615384616
0 0.29086538461538464 0.5805288461538461 0.057692307692307696 0.055288461538461536
2 0.2127403846153846 0.5805288461538461 0.040865384615384616 0.06009615384615385
0 0.025240384615384616 0.6129807692307693 0.05048076923076923 0.08653846153846154
0 0.055288461538461536 0.5673076923076923 0.038461538461538464 0.0625
0 0.09254807692307693 0.5889423076923077 0.06971153846153846 0.04807692307692308
0 0.1346153846153846 0.5793269230769231 0.04326923076923077 0.04326923076923077
0 0.18509615384615385 0.5528846153846154 0.07692307692307693 0.09615384615384616
0 0.3737980769230769 0.5564903846153846 0.03125 0.016826923076923076
0 0.4026442307692308 0.5564903846153846 0.03125 0.016826923076923076
1 0.5 0.9539182692307692 1 0.09213942307692308
5 0.33704326923076927 0.4271634615384615 0.02826923076923077 0.03223557692307692
3 0.6881730769230768 0.3662740384615385 0.02139423076923077 0.054663461538461536
3 0.6148798076923077 0.3706730769230769 0.02701923076923077 0.07149038461538461