0 0.6454326923076923 0.5817307692307693 0.1466346153846154 0.1201923076923077
0 0.8473557692307693 0.7800480769230769 0.30528846153846156 0.43028846153846156
0 0.921875 0.5432692307692307 0.15625 0.057692307692307696
0 0.5396634615384616 0.5552884615384616 0.09375 0.09134615384615384
4 0.7043269230769231 0.5324519230769231 0.014423076923076924 0.04567307692307692
4 0.6850961538461539 0.5144230769230769 0.009615384615384616 0.02403846153846154
0 0.328125 0.5637019230769231 0.07451923076923077 0.07932692307692307
2 0.2091346153846154 0.5745192307692307 0.052884615384615384 0.09615384615384616
0 0.21514423076923078 0.5252403846153846 0.0889423076923077 0.12740384615384615
0 0.06009615384615385 0.6754807692307693 0.1201923076923077 0.22596153846153846
0 0.1141826923076923 0.5612980769230769 0.07451923076923077 0.07451923076923077
0 0.08653846153846154 0.5348557692307693 0.052884615384615384 0.06971153846153846
0 0.4411057692307692 0.5264423076923077 0.03125 0.019230769230769232
0 0.4675480769230769 0.5276442307692307 0.026442307692307692 0.016826923076923076