4 0.9927884615384616 0.5600961538461539 0.014423076923076924 0.10096153846153846
4 0.8521634615384616 0.5504807692307693 0.021634615384615384 0.0673076923076923
4 0.8245192307692307 0.5516826923076923 0.014423076923076924 0.06971153846153846
4 0.7908653846153846 0.5564903846153846 0.014423076923076924 0.06490384615384616
4 0.8389423076923077 0.5516826923076923 0.009615384615384616 0.06971153846153846
0 0.8918269230769231 0.5444711538461539 0.0625 0.05048076923076923
0 0.3629807692307692 0.5877403846153846 0.07211538461538461 0.06971153846153846
0 0.44471153846153844 0.5877403846153846 0.08173076923076923 0.09375
0 0.5132211538461539 0.5721153846153846 0.04567307692307692 0.04807692307692308
0 0.5649038461538461 0.5697115384615384 0.04807692307692308 0.0673076923076923
2 0.6430288461538461 0.5649038461538461 0.016826923076923076 0.04807692307692308