0 0.06009615384615385 0.6129807692307693 0.1201923076923077 0.10096153846153846
0 0.13822115384615385 0.5769230769230769 0.07451923076923077 0.02403846153846154
0 0.5516826923076923 0.5697115384615384 0.055288461538461536 0.0625
0 0.640625 0.5637019230769231 0.04567307692307692 0.06971153846153846
0 0.5877403846153846 0.5600961538461539 0.036057692307692304 0.04326923076923077
0 0.6081730769230769 0.5576923076923077 0.014423076923076924 0.03365384615384615
4 0.18870192307692307 0.5817307692307693 0.01201923076923077 0.03365384615384615
4 0.1778846153846154 0.5757211538461539 0.009615384615384616 0.026442307692307692
0 0.9771634615384616 0.5480769230769231 0.040865384615384616 0.07211538461538461
4 0.8713942307692307 0.5384615384615384 0.016826923076923076 0.057692307692307696
4 0.8533653846153846 0.5396634615384616 0.014423076923076924 0.055288461538461536
4 0.7716346153846154 0.5384615384615384 0.009615384615384616 0.03365384615384615
4 0.7644230769230769 0.5432692307692307 0.004807692307692308 0.028846153846153848
0 0.7235576923076923 0.5276442307692307 0.04807692307692308 0.08413461538461539
4 0.7932692307692307 0.5384615384615384 0.009615384615384616 0.03365384615384615
0 0.47115384615384615 0.5456730769230769 0.052884615384615384 0.028846153846153848