0 0.5985576923076923 0.6213942307692307 0.1346153846153846 0.15144230769230768
0 0.6262019230769231 0.5444711538461539 0.12740384615384615 0.17067307692307693
0 0.9423076923076923 0.5456730769230769 0.0625 0.07211538461538461
0 0.8846153846153846 0.5396634615384616 0.04326923076923077 0.07451923076923077
4 0.7752403846153846 0.5288461538461539 0.01201923076923077 0.03365384615384615
2 0.7463942307692307 0.5396634615384616 0.016826923076923076 0.036057692307692304
0 0.2644230769230769 0.5841346153846154 0.08173076923076923 0.07211538461538461
0 0.0985576923076923 0.6069711538461539 0.11057692307692307 0.06971153846153846
0 0.4026442307692308 0.5552884615384616 0.08413461538461539 0.04326923076923077
0 0.39302884615384615 0.6310096153846154 0.15625 0.12259615384615384
0 0.5084134615384616 0.5817307692307693 0.06971153846153846 0.09134615384615384
2 0.3233173076923077 0.5649038461538461 0.016826923076923076 0.052884615384615384