0 0.3473557692307692 0.5913461538461539 0.06971153846153846 0.04807692307692308
0 0.41586538461538464 0.5901442307692307 0.057692307692307696 0.04567307692307692
0 0.45552884615384615 0.5901442307692307 0.04567307692307692 0.040865384615384616
0 0.49278846153846156 0.5853365384615384 0.04326923076923077 0.05048076923076923
0 0.5216346153846154 0.5817307692307693 0.028846153846153848 0.04807692307692308
0 0.5625 0.578125 0.052884615384615384 0.04567307692307692
0 0.5817307692307693 0.5769230769230769 0.02403846153846154 0.03365384615384615
0 0.6009615384615384 0.578125 0.019230769230769232 0.03125
0 0.6141826923076923 0.5769230769230769 0.021634615384615384 0.028846153846153848
0 0.6310096153846154 0.5805288461538461 0.021634615384615384 0.021634615384615384
0 0.640625 0.5757211538461539 0.021634615384615384 0.026442307692307692
0 0.7391826923076923 0.5649038461538461 0.01201923076923077 0.009615384615384616
2 0.9675480769230769 0.6502403846153846 0.06009615384615385 0.25240384615384615
0 0.027644230769230768 0.6274038461538461 0.055288461538461536 0.09615384615384616