0 0.04326923076923077 0.6466346153846154 0.08653846153846154 0.12980769230769232
0 0.1935096153846154 0.6274038461538461 0.11778846153846154 0.09134615384615384
0 0.28725961538461536 0.6213942307692307 0.08413461538461539 0.06971153846153846
0 0.35216346153846156 0.6081730769230769 0.07932692307692307 0.0673076923076923
0 0.40625 0.6009615384615384 0.0625 0.057692307692307696
0 0.44711538461538464 0.5997596153846154 0.04807692307692308 0.055288461538461536
0 0.4831730769230769 0.5961538461538461 0.052884615384615384 0.052884615384615384
0 0.5132211538461539 0.5949519230769231 0.03125 0.04567307692307692
0 0.5348557692307693 0.5913461538461539 0.03125 0.04326923076923077
0 0.5552884615384616 0.5889423076923077 0.03365384615384615 0.038461538461538464
0 0.5853365384615384 0.5829326923076923 0.03125 0.040865384615384616
0 0.6033653846153846 0.578125 0.03365384615384615 0.040865384615384616
0 0.7043269230769231 0.5709134615384616 0.028846153846153848 0.03125
0 0.7079326923076923 0.5420673076923077 0.03125 0.03125