0 0.025240384615384616 0.6634615384615384 0.05048076923076923 0.14903846153846154
0 0.2439903846153846 0.5625 0.10336538461538461 0.1201923076923077
0 0.06610576923076923 0.5024038461538461 0.036057692307692304 0.038461538461538464
4 0.25 0.4879807692307692 0.009615384615384616 0.028846153846153848
0 0.31850961538461536 0.5048076923076923 0.03125 0.038461538461538464
0 0.3473557692307692 0.5012019230769231 0.04567307692307692 0.05048076923076923
0 0.8401442307692307 0.5673076923076923 0.17548076923076922 0.1346153846153846
0 0.7403846153846154 0.5492788461538461 0.11057692307692307 0.11298076923076923
0 0.5829326923076923 0.5240384615384616 0.08413461538461539 0.0673076923076923
0 0.5372596153846154 0.5072115384615384 0.06009615384615385 0.07692307692307693
0 0.4723557692307692 0.5120192307692307 0.06490384615384616 0.04807692307692308
0 0.4254807692307692 0.5072115384615384 0.052884615384615384 0.04326923076923077
0 0.3870192307692308 0.5072115384615384 0.038461538461538464 0.038461538461538464