0 0.3125 0.5637019230769231 0.052884615384615384 0.055288461538461536
0 0.31009615384615385 0.5360576923076923 0.04807692307692308 0.038461538461538464
0 0.9435096153846154 0.6225961538461539 0.10817307692307693 0.17307692307692307
0 0.8882211538461539 0.5757211538461539 0.16105769230769232 0.18509615384615385
0 0.7848557692307693 0.5865384615384616 0.04567307692307692 0.10096153846153846
0 0.7548076923076923 0.5697115384615384 0.08173076923076923 0.08173076923076923
0 0.6766826923076923 0.5516826923076923 0.07932692307692307 0.06490384615384616
0 0.6286057692307693 0.5444711538461539 0.06009615384615385 0.06009615384615385
0 0.5336538461538461 0.5300480769230769 0.057692307692307696 0.04567307692307692
0 0.5 0.5204326923076923 0.04326923076923077 0.05048076923076923
0 0.4495192307692308 0.5216346153846154 0.04807692307692308 0.03365384615384615
0 0.40865384615384615 0.5192307692307693 0.04326923076923077 0.03365384615384615
0 0.3762019230769231 0.5168269230769231 0.036057692307692304 0.028846153846153848
0 0.3425480769230769 0.5144230769230769 0.03125 0.03365384615384615