0 0.33774038461538464 0.5480769230769231 0.036057692307692304 0.03365384615384615
0 0.2980769230769231 0.5336538461538461 0.038461538461538464 0.028846153846153848
0 0.7536057692307693 0.578125 0.07451923076923077 0.07451923076923077
0 0.7295673076923077 0.5600961538461539 0.06971153846153846 0.08653846153846154
0 0.6838942307692307 0.5697115384615384 0.021634615384615384 0.057692307692307696
0 0.6658653846153846 0.5649038461538461 0.03365384615384615 0.04807692307692308
0 0.6262019230769231 0.5528846153846154 0.05048076923076923 0.038461538461538464
0 0.5961538461538461 0.5504807692307693 0.04326923076923077 0.038461538461538464
0 0.5228365384615384 0.5372596153846154 0.04567307692307692 0.03125
0 0.4951923076923077 0.5300480769230769 0.03365384615384615 0.036057692307692304
0 0.4519230769230769 0.53125 0.038461538461538464 0.028846153846153848
0 0.4170673076923077 0.5276442307692307 0.03125 0.026442307692307692
0 0.390625 0.5288461538461539 0.03125 0.02403846153846154
0 0.36538461538461536 0.5216346153846154 0.019230769230769232 0.028846153846153848