0 0.23798076923076922 0.6069711538461539 0.09134615384615384 0.0889423076923077
0 0.21995192307692307 0.5697115384615384 0.04567307692307692 0.04807692307692308
0 0.18509615384615385 0.5612980769230769 0.038461538461538464 0.05048076923076923
0 0.12860576923076922 0.5552884615384616 0.040865384615384616 0.03365384615384615
0 0.9194711538461539 0.6286057692307693 0.15625 0.18990384615384615
0 0.7992788461538461 0.5925480769230769 0.15144230769230768 0.13221153846153846
0 0.7019230769230769 0.5817307692307693 0.09615384615384616 0.10096153846153846
0 0.6310096153846154 0.5673076923076923 0.09375 0.10096153846153846
0 0.5733173076923077 0.5709134615384616 0.05048076923076923 0.07451923076923077
4 0.515625 0.5348557692307693 0.01201923076923077 0.04567307692307692
0 0.056490384615384616 0.4987980769230769 0.016826923076923076 0.01201923076923077
0 0.06850961538461539 0.48677884615384615 0.01201923076923077 0.01201923076923077
0 0.1971153846153846 0.5300480769230769 0.019230769230769232 0.01201923076923077
0 0.17307692307692307 0.5300480769230769 0.019230769230769232 0.01201923076923077
0 0.1502403846153846 0.5288461538461539 0.021634615384615384 0.019230769230769232
0 0.12980769230769232 0.5264423076923077 0.019230769230769232 0.019230769230769232
0 0.11538461538461539 0.5180288461538461 0.019230769230769232 0.021634615384615384
0 0.10336538461538461 0.5216346153846154 0.009615384615384616 0.009615384615384616
0 0.10096153846153846 0.5024038461538461 0.014423076923076924 0.019230769230769232