0 0.6538461538461539 0.5528846153846154 0.07211538461538461 0.10096153846153846
0 0.6153846153846154 0.5697115384615384 0.02403846153846154 0.052884615384615384
0 0.5997596153846154 0.5612980769230769 0.026442307692307692 0.040865384615384616
0 0.5793269230769231 0.5576923076923077 0.028846153846153848 0.038461538461538464
0 0.5552884615384616 0.515625 0.019230769230769232 0.026442307692307692
0 0.5408653846153846 0.5192307692307693 0.009615384615384616 0.02403846153846154
0 0.5709134615384616 0.5480769230769231 0.026442307692307692 0.03365384615384615
0 0.5661057692307693 0.5336538461538461 0.021634615384615384 0.02403846153846154
0 0.38461538461538464 0.5372596153846154 0.02403846153846154 0.026442307692307692
0 0.42788461538461536 0.5120192307692307 0.014423076923076924 0.014423076923076924
0 0.3942307692307692 0.5288461538461539 0.02403846153846154 0.028846153846153848
0 0.4098557692307692 0.5204326923076923 0.021634615384615384 0.026442307692307692
4 0.35336538461538464 0.5348557692307693 0.009615384615384616 0.036057692307692304
4 0.5240384615384616 0.4831730769230769 0.004807692307692308 0.019230769230769232