4 0.016826923076923076 0.6442307692307693 0.03365384615384615 0.09615384615384616
0 0.30528846153846156 0.6129807692307693 0.10576923076923077 0.08653846153846154
0 0.37259615384615385 0.5877403846153846 0.057692307692307696 0.05048076923076923
0 0.44471153846153844 0.5949519230769231 0.09134615384615384 0.09375
0 0.5612980769230769 0.5612980769230769 0.036057692307692304 0.040865384615384616
0 0.5444711538461539 0.5528846153846154 0.016826923076923076 0.028846153846153848
0 0.5841346153846154 0.5456730769230769 0.014423076923076924 0.019230769230769232
0 0.6490384615384616 0.5384615384615384 0.014423076923076924 0.019230769230769232
0 0.6730769230769231 0.5384615384615384 0.014423076923076924 0.019230769230769232
0 0.7055288461538461 0.5492788461538461 0.036057692307692304 0.040865384615384616
0 0.9314903846153846 0.5745192307692307 0.13701923076923078 0.11538461538461539