4 0.7319711538461539 0.5528846153846154 0.01201923076923077 0.04326923076923077
2 0.7908653846153846 0.5552884615384616 0.014423076923076924 0.038461538461538464
0 0.8245192307692307 0.5432692307692307 0.0625 0.03365384615384615
0 0.6802884615384616 0.5625 0.038461538461538464 0.04326923076923077
0 0.5973557692307693 0.5600961538461539 0.026442307692307692 0.03365384615384615
0 0.6394230769230769 0.6081730769230769 0.1201923076923077 0.1201923076923077
0 0.3701923076923077 0.5865384615384616 0.0673076923076923 0.07211538461538461
0 0.45552884615384615 0.5805288461538461 0.0889423076923077 0.06490384615384616
0 0.44350961538461536 0.5504807692307693 0.06009615384615385 0.04807692307692308
0 0.5132211538461539 0.5516826923076923 0.03125 0.05048076923076923
0 0.09735576923076923 0.6490384615384616 0.19471153846153846 0.16346153846153846