0 0.07451923076923077 0.6153846153846154 0.10576923076923077 0.08653846153846154
0 0.15504807692307693 0.6105769230769231 0.0889423076923077 0.09134615384615384
2 0.20192307692307693 0.6033653846153846 0.03365384615384615 0.0673076923076923
0 0.23317307692307693 0.5901442307692307 0.04807692307692308 0.06490384615384616
0 0.32211538461538464 0.6586538461538461 0.19230769230769232 0.1778846153846154
0 0.4206730769230769 0.5865384615384616 0.052884615384615384 0.052884615384615384
0 0.5456730769230769 0.5697115384615384 0.028846153846153848 0.038461538461538464
0 0.5913461538461539 0.5853365384615384 0.08173076923076923 0.09375
0 0.6538461538461539 0.5913461538461539 0.04807692307692308 0.038461538461538464
0 0.7067307692307693 0.5865384615384616 0.07692307692307693 0.08173076923076923
0 0.6574519230769231 0.578125 0.04567307692307692 0.06009615384615385
0 0.703125 0.5396634615384616 0.10817307692307693 0.07451923076923077
0 0.5997596153846154 0.5300480769230769 0.05048076923076923 0.036057692307692304
4 0.8233173076923077 0.5408653846153846 0.01201923076923077 0.03365384615384615