0 0.49158653846153844 0.5612980769230769 0.055288461538461536 0.055288461538461536
0 0.5384615384615384 0.5649038461538461 0.014423076923076924 0.014423076923076924
0 0.6706730769230769 0.5685096153846154 0.03365384615384615 0.036057692307692304
0 0.7367788461538461 0.5673076923076923 0.03125 0.028846153846153848
0 0.6911057692307693 0.5625 0.016826923076923076 0.02403846153846154
0 0.7584134615384616 0.5588942307692307 0.016826923076923076 0.026442307692307692
0 0.7235576923076923 0.5588942307692307 0.019230769230769232 0.03125
0 0.7091346153846154 0.5588942307692307 0.009615384615384616 0.016826923076923076
0 0.6995192307692307 0.5612980769230769 0.004807692307692308 0.016826923076923076
0 0.9014423076923077 0.65625 0.19230769230769232 0.19230769230769232
4 0.45072115384615385 0.5769230769230769 0.007211538461538462 0.03365384615384615