0 0.45072115384615385 0.6237980769230769 0.10336538461538461 0.07451923076923077
0 0.5420673076923077 0.5985576923076923 0.055288461538461536 0.04326923076923077
0 0.6274038461538461 0.5853365384615384 0.038461538461538464 0.036057692307692304
0 0.7127403846153846 0.5745192307692307 0.036057692307692304 0.04326923076923077
0 0.7415865384615384 0.5697115384615384 0.01201923076923077 0.019230769230769232
0 0.7560096153846154 0.5697115384615384 0.026442307692307692 0.02403846153846154
0 0.8125 0.5853365384615384 0.052884615384615384 0.05048076923076923
0 0.875 0.5625 0.014423076923076924 0.014423076923076924
0 0.8918269230769231 0.5600961538461539 0.009615384615384616 0.014423076923076924
0 0.8377403846153846 0.5625 0.016826923076923076 0.019230769230769232
0 0.7872596153846154 0.5673076923076923 0.01201923076923077 0.019230769230769232