0 0.6682692307692307 0.5709134615384616 0.02403846153846154 0.03125
0 0.6382211538461539 0.5757211538461539 0.036057692307692304 0.036057692307692304
0 0.6911057692307693 0.5649038461538461 0.016826923076923076 0.02403846153846154
0 0.6706730769230769 0.5552884615384616 0.009615384615384616 0.009615384615384616
0 0.6814903846153846 0.5552884615384616 0.007211538461538462 0.009615384615384616
2 0.9603365384615384 0.5625 0.021634615384615384 0.04807692307692308
0 0.7608173076923077 0.6009615384615384 0.10817307692307693 0.14903846153846154
0 0.8076923076923077 0.5576923076923077 0.019230769230769232 0.02403846153846154
0 0.8293269230769231 0.5600961538461539 0.02403846153846154 0.028846153846153848
0 0.8557692307692307 0.5661057692307693 0.038461538461538464 0.055288461538461536
0 0.8858173076923077 0.5757211538461539 0.06490384615384616 0.07451923076923077
0 0.9771634615384616 0.6502403846153846 0.040865384615384616 0.19951923076923078