0 0.5336538461538461 0.6117788461538461 0.057692307692307696 0.05048076923076923
0 0.6045673076923077 0.5997596153846154 0.040865384615384616 0.040865384615384616
0 0.6514423076923077 0.5865384615384616 0.02403846153846154 0.02403846153846154
0 0.6586538461538461 0.5757211538461539 0.009615384615384616 0.01201923076923077
0 0.6742788461538461 0.5877403846153846 0.016826923076923076 0.03125
0 0.7572115384615384 0.5817307692307693 0.028846153846153848 0.03365384615384615
0 0.7752403846153846 0.5745192307692307 0.016826923076923076 0.019230769230769232
0 0.796875 0.578125 0.021634615384615384 0.03125
0 0.8233173076923077 0.5817307692307693 0.036057692307692304 0.038461538461538464
0 0.8521634615384616 0.5913461538461539 0.06009615384615385 0.0673076923076923
0 0.9423076923076923 0.65625 0.11538461538461539 0.21634615384615385
0 0.7163461538461539 0.609375 0.08653846153846154 0.12259615384615384