0 0.6418269230769231 0.5252403846153846 0.038461538461538464 0.016826923076923076
0 0.7007211538461539 0.5384615384615384 0.03125 0.052884615384615384
0 0.7103365384615384 0.5552884615384616 0.04567307692307692 0.057692307692307696
0 0.7331730769230769 0.5612980769230769 0.0673076923076923 0.055288461538461536
0 0.6370192307692307 0.5685096153846154 0.057692307692307696 0.06490384615384616
0 0.5336538461538461 0.5889423076923077 0.08173076923076923 0.08653846153846154
0 0.5733173076923077 0.5612980769230769 0.04567307692307692 0.05048076923076923
0 0.5925480769230769 0.5540865384615384 0.021634615384615384 0.040865384615384616
0 0.6706730769230769 0.5456730769230769 0 0.03365384615384615
0 0.8629807692307693 0.7055288461538461 0.27403846153846156 0.49759615384615385
0 0.6382211538461539 0.5180288461538461 0.05048076923076923 0.026442307692307692
0 0.5060096153846154 0.5444711538461539 0.021634615384615384 0.016826923076923076