0 0.5649038461538461 0.4795673076923077 0.019230769230769232 0.026442307692307692
0 0.49038461538461536 0.47475961538461536 0.02403846153846154 0.03125
0 0.008413461538461538 0.5072115384615384 0.016826923076923076 0.03365384615384615
4 0.7295673076923077 0.47836538461538464 0.01201923076923077 0.03365384615384615
2 0.3870192307692308 0.4831730769230769 0.014423076923076924 0.03365384615384615
0 0.546875 0.48677884615384615 0.036057692307692304 0.040865384615384616
0 0.46634615384615385 0.48677884615384615 0.03365384615384615 0.036057692307692304
0 0.35096153846153844 0.4831730769230769 0.038461538461538464 0.038461538461538464
0 0.5120192307692307 0.5024038461538461 0.0625 0.0625
0 0.25841346153846156 0.5264423076923077 0.12259615384615384 0.09134615384615384
0 0.009615384615384616 0.5625 0.019230769230769232 0.0673076923076923
4 0.6730769230769231 0.47475961538461536 0.009615384615384616 0.026442307692307692
0 0.5757211538461539 0.47475961538461536 0.01201923076923077 0.016826923076923076