0 0.578125 0.4951923076923077 0.016826923076923076 0.019230769230769232
0 0.8581730769230769 0.4675480769230769 0.125 0.18028846153846154
0 0.6213942307692307 0.4951923076923077 0.016826923076923076 0.019230769230769232
0 0.5012019230769231 0.4807692307692308 0.0985576923076923 0.10096153846153846
0 0.33653846153846156 0.49759615384615385 0.052884615384615384 0.028846153846153848
0 0.5865384615384616 0.4951923076923077 0.014423076923076924 0.014423076923076924
0 0.5973557692307693 0.4951923076923077 0.01201923076923077 0.014423076923076924
0 0.6021634615384616 0.49278846153846156 0.01201923076923077 0.014423076923076924
0 0.6117788461538461 0.49278846153846156 0.01201923076923077 0.014423076923076924
4 0.7247596153846154 0.4963942307692308 0.007211538461538462 0.021634615384615384
0 0.7475961538461539 0.48197115384615385 0.03365384615384615 0.06490384615384616
0 0.7139423076923077 0.49278846153846156 0.014423076923076924 0.019230769230769232
0 0.8064903846153846 0.4795673076923077 0.05048076923076923 0.11298076923076923
0 0.7752403846153846 0.47836538461538464 0.04567307692307692 0.09615384615384616