4 0.8605769230769231 0.5216346153846154 0.019230769230769232 0.0673076923076923
4 0.7079326923076923 0.47596153846153844 0.01201923076923077 0.03365384615384615
0 0.9230769230769231 0.4375 0.15384615384615385 0.30288461538461536
0 0.5564903846153846 0.46634615384615385 0.01201923076923077 0.014423076923076924
0 0.6766826923076923 0.4675480769230769 0.021634615384615384 0.021634615384615384
0 0.48197115384615385 0.47475961538461536 0.021634615384615384 0.021634615384615384
0 0.7259615384615384 0.4807692307692308 0.02403846153846154 0.028846153846153848
0 0.20072115384615385 0.5336538461538461 0.13701923076923078 0.09615384615384616
0 0.01201923076923077 0.484375 0.02403846153846154 0.040865384615384616
0 0.4951923076923077 0.47475961538461536 0.014423076923076924 0.021634615384615384
0 0.5036057692307693 0.4735576923076923 0.016826923076923076 0.019230769230769232
0 0.515625 0.4723557692307692 0.016826923076923076 0.016826923076923076
0 0.5276442307692307 0.4699519230769231 0.016826923076923076 0.016826923076923076
0 0.5456730769230769 0.46875 0.014423076923076924 0.014423076923076924
0 0.6033653846153846 0.4699519230769231 0.009615384615384616 0.007211538461538462
0 0.6057692307692307 0.46634615384615385 0.009615384615384616 0.014423076923076924
0 0.6322115384615384 0.4651442307692308 0.014423076923076924 0.016826923076923076
0 0.6490384615384616 0.46875 0.009615384615384616 0.009615384615384616
4 0.6959134615384616 0.47836538461538464 0.01201923076923077 0.03365384615384615
0 0.7752403846153846 0.453125 0.08413461538461539 0.13221153846153846
0 0.5901442307692307 0.46875 0.007211538461538462 0.009615384615384616