0 0.46274038461538464 0.4735576923076923 0.021634615384615384 0.02403846153846154
0 0.4495192307692308 0.47596153846153844 0.028846153846153848 0.02403846153846154
4 0.84375 0.5072115384615384 0.03365384615384615 0.10096153846153846
0 0.3641826923076923 0.4831730769230769 0.026442307692307692 0.03365384615384615
0 0.5 0.4699519230769231 0.019230769230769232 0.016826923076923076
0 0.5204326923076923 0.4699519230769231 0.016826923076923076 0.016826923076923076
4 0.7884615384615384 0.5072115384615384 0.028846153846153848 0.09134615384615384
0 0.6838942307692307 0.4699519230769231 0.026442307692307692 0.03125
0 0.4206730769230769 0.47836538461538464 0.028846153846153848 0.028846153846153848
0 0.3329326923076923 0.484375 0.04567307692307692 0.040865384615384616
0 0.3918269230769231 0.48197115384615385 0.038461538461538464 0.036057692307692304
0 0.5841346153846154 0.4651442307692308 0.014423076923076924 0.021634615384615384
0 0.5661057692307693 0.46875 0.01201923076923077 0.014423076923076924
0 0.5745192307692307 0.46875 0.009615384615384616 0.014423076923076924
0 0.6706730769230769 0.4735576923076923 0.009615384615384616 0.02403846153846154
0 0.6382211538461539 0.4675480769230769 0.01201923076923077 0.016826923076923076
0 0.8449519230769231 0.5132211538461539 0.0985576923076923 0.07932692307692307