3 0.46015625 0.3603515625 0.0078125 0.021484375
3 0.55390625 0.400390625 0.0046875 0.015625
3 0.5546875 0.4189453125 0.00625 0.005859375
3 0.5796875 0.37890625 0.00625 0.0234375
5 0.6703125 0.3544921875 0.034375 0.060546875
5 0.77578125 0.2958984375 0.0421875 0.060546875
4 0.31640625 0.44921875 0.0078125 0.0234375
4 0.32421875 0.4501953125 0.0078125 0.021484375
4 0.63984375 0.4453125 0.0140625 0.05078125
4 0.96171875 0.4794921875 0.0421875 0.162109375
4 0.98828125 0.4658203125 0.0203125 0.126953125
4 0.93125 0.4609375 0.046875 0.1328125
0 0.0875 0.53515625 0.175 0.390625
0 0.4265625 0.44921875 0.021875 0.03515625
0 0.39296875 0.4580078125 0.0640625 0.064453125
0 0.48671875 0.458984375 0.0921875 0.10546875