3 0.00390625 0.37890625 0.0078125 0.046875
3 0.2453125 0.3857421875 0.0125 0.041015625
3 0.59140625 0.4208984375 0.0015625 0.005859375
3 0.73828125 0.3818359375 0.0140625 0.041015625
5 0.253125 0.4287109375 0.021875 0.037109375
5 0.58671875 0.4189453125 0.0046875 0.005859375
4 0.06171875 0.5126953125 0.0265625 0.091796875
4 0.10625 0.4912109375 0.034375 0.083984375
4 0.59296875 0.4560546875 0.0078125 0.021484375
4 0.934375 0.4814453125 0.0125 0.072265625
4 0.9421875 0.48046875 0.0125 0.078125
4 0.96484375 0.5009765625 0.0234375 0.099609375
2 0.98125 0.5927734375 0.034375 0.107421875
0 0.5140625 0.4912109375 0.040625 0.052734375
0 0.484375 0.501953125 0.0625 0.0625
0 0.4609375 0.47265625 0.040625 0.04296875
0 0.478125 0.4609375 0.028125 0.0234375
0 0.62421875 0.4560546875 0.0203125 0.021484375
0 0.6078125 0.4501953125 0.0125 0.013671875
0 0.59765625 0.44921875 0.0078125 0.0078125
0 0.56640625 0.4482421875 0.0109375 0.009765625
4 0.9828125 0.53515625 0.03125 0.1484375
5 0.73671875 0.423828125 0.0171875 0.04296875