3 0.63671875 0.3291015625 0.0234375 0.072265625
3 0.24296875 0.4033203125 0.0140625 0.033203125
3 0.759375 0.439453125 0.009375 0.02734375
3 0.62890625 0.4921875 0.0140625 0.0390625
3 0.74921875 0.439453125 0.0109375 0.02734375
3 0.59453125 0.44921875 0.0140625 0.0234375
3 0.7046875 0.451171875 0.00625 0.01953125
3 0.246875 0.4638671875 0.009375 0.009765625
3 0.18359375 0.44140625 0.0140625 0.0234375
5 0.60625 0.3388671875 0.015625 0.013671875
5 0.60390625 0.3544921875 0.0265625 0.021484375
5 0.603125 0.3720703125 0.025 0.017578125
5 0.60234375 0.4033203125 0.0265625 0.041015625
5 0.60546875 0.4345703125 0.0203125 0.017578125
5 0.7859375 0.439453125 0.03125 0.01953125
5 0.78515625 0.4599609375 0.0328125 0.013671875
5 0.46875 0.474609375 0.015625 0.01953125
4 0.00859375 0.4912109375 0.0171875 0.064453125
0 0.40859375 0.484375 0.0921875 0.10546875
2 0.053734375 0.499453125 0.08246875000000001 0.0909375
0 0.425 0.7041015625 0.33125 0.341796875
0 0.46875 0.525390625 0.115625 0.03515625
0 0.3484375 0.505859375 0.0375 0.0390625
0 0.5078125 0.513671875 0.0875 0.0390625
0 0.6484375 0.5205078125 0.128125 0.056640625
0 0.6203125 0.5087890625 0.096875 0.048828125
0 0.72265625 0.515625 0.0546875 0.03515625
0 0.28203125 0.4931640625 0.0296875 0.037109375
0 0.94609375 0.4912109375 0.0484375 0.056640625