3 0.1 0.4189453125 0.021875 0.025390625
3 0.1015625 0.34765625 0.021875 0.05859375
3 0.8 0.177734375 0.01875 0.0625
5 0.1125 0.3916015625 0.04375 0.021484375
5 0.884375 0.4208984375 0.01875 0.025390625
5 0.69140625 0.4755859375 0.0078125 0.009765625
5 0.659375 0.466796875 0.021875 0.0078125
5 0.84140625 0.4521484375 0.0140625 0.025390625
4 0.51484375 0.5146484375 0.0078125 0.021484375
4 0.696875 0.4833984375 0.025 0.048828125
4 0.8828125 0.5107421875 0.040625 0.095703125
4 0.92890625 0.5068359375 0.0296875 0.103515625
4 0.984375 0.51171875 0.028125 0.09765625
4 0.19921875 0.482421875 0.0171875 0.0625
4 0.25390625 0.4814453125 0.0140625 0.052734375
4 0.21484375 0.478515625 0.0140625 0.0625
4 0.225 0.482421875 0.0125 0.05859375
4 0.23515625 0.4833984375 0.0171875 0.052734375
0 0.5453125 0.4228515625 0.16875 0.037109375
0 0.45625 0.5048828125 0.0625 0.048828125
0 0.69765625 0.5849609375 0.4265625 0.154296875