3 0.16171875 0.4619140625 0.0078125 0.029296875
3 0.21328125 0.4833984375 0.0078125 0.025390625
3 0.3515625 0.458984375 0.00625 0.0234375
3 0.18671875 0.451171875 0.0109375 0.03515625
3 0.5765625 0.4755859375 0.009375 0.033203125
5 0.35078125 0.505859375 0.0078125 0.015625
5 0.18828125 0.4853515625 0.0171875 0.025390625
5 0.43203125 0.5185546875 0.0078125 0.013671875
5 0.95078125 0.3369140625 0.0859375 0.021484375
5 0.9515625 0.3564453125 0.0875 0.017578125
5 0.953125 0.376953125 0.0875 0.015625
5 0.95390625 0.3974609375 0.0890625 0.017578125
5 0.9546875 0.419921875 0.0875 0.01953125
5 0.95625 0.4365234375 0.065625 0.013671875
4 0.10546875 0.5458984375 0.0265625 0.037109375
4 0.146875 0.5439453125 0.025 0.029296875
4 0.2046875 0.5478515625 0.015625 0.037109375
4 0.21875 0.546875 0.0125 0.04296875
4 0.2265625 0.546875 0.009375 0.0234375
4 0.31796875 0.5380859375 0.0171875 0.037109375
4 0.5359375 0.5478515625 0.015625 0.033203125
4 0.56328125 0.546875 0.0140625 0.03125
4 0.5796875 0.576171875 0.01875 0.07421875
4 0.65703125 0.568359375 0.0203125 0.06640625
4 0.63828125 0.572265625 0.0171875 0.0703125
4 0.671875 0.5517578125 0.0125 0.041015625
4 0.85234375 0.576171875 0.0171875 0.09765625
4 0.87109375 0.5693359375 0.0234375 0.107421875
4 0.90390625 0.5419921875 0.0140625 0.033203125
4 0.91328125 0.5400390625 0.0109375 0.029296875
4 0.8953125 0.5419921875 0.009375 0.029296875
4 0.8859375 0.5419921875 0.009375 0.025390625
4 0.05390625 0.5537109375 0.0203125 0.025390625
0 0.0578125 0.6279296875 0.115625 0.126953125
0 0.134375 0.5732421875 0.078125 0.037109375
0 0.196875 0.6572265625 0.221875 0.181640625
0 0.275 0.583984375 0.078125 0.08203125
0 0.35 0.583984375 0.084375 0.08984375
0 0.4390625 0.681640625 0.20625 0.23046875
0 0.48046875 0.58203125 0.0921875 0.05859375
0 0.459375 0.5478515625 0.034375 0.009765625
0 0.484375 0.54296875 0.03125 0.01953125
0 0.51171875 0.552734375 0.0234375 0.0390625