3 0.0421875 0.287109375 0.021875 0.05859375
3 0.221875 0.248046875 0.021875 0.05859375
3 0.46171875 0.314453125 0.0140625 0.03515625
3 0.65625 0.396484375 0.01875 0.0234375
3 0.6578125 0.3310546875 0.025 0.064453125
3 0.70703125 0.3681640625 0.0140625 0.041015625
3 0.478125 0.4462890625 0.00625 0.013671875
3 0.453125 0.4326171875 0.003125 0.005859375
5 0.1640625 0.2275390625 0.046875 0.041015625
5 0.4890625 0.2958984375 0.0125 0.017578125
5 0.71484375 0.263671875 0.0484375 0.0703125
5 0.71640625 0.31640625 0.0234375 0.03515625
5 0.70234375 0.3955078125 0.0265625 0.013671875
5 0.21796875 0.4169921875 0.0265625 0.033203125
5 0.62890625 0.4345703125 0.0140625 0.009765625
5 0.628125 0.41796875 0.01875 0.0234375
5 0.49453125 0.4423828125 0.0078125 0.009765625
5 0.50625 0.44140625 0.00625 0.0078125
5 0.403125 0.43359375 0.0125 0.01953125
4 0.6859375 0.4794921875 0.034375 0.119140625
2 0.64921875 0.54296875 0.0515625 0.11328125
0 0.31015625 0.490234375 0.1390625 0.140625
0 0.38046875 0.4833984375 0.0484375 0.099609375
0 0.4546875 0.47265625 0.121875 0.05859375
0 0.56640625 0.470703125 0.0390625 0.03515625
0 0.59140625 0.4609375 0.0671875 0.0546875
0 0.221875 0.4833984375 0.059375 0.052734375
0 0.52265625 0.48046875 0.0203125 0.01953125
4 0.64765625 0.4951171875 0.0515625 0.146484375
3 0.5609375 0.4267578125 0.00625 0.013671875