3 0.65859375 0.310546875 0.0171875 0.05078125
3 0.66015625 0.365234375 0.0140625 0.01953125
3 0.41015625 0.2001953125 0.0203125 0.056640625
3 0.22109375 0.216796875 0.0171875 0.05078125
3 0.89609375 0.2587890625 0.0234375 0.064453125
3 0.9 0.3271484375 0.021875 0.029296875
5 0.64765625 0.2353515625 0.0609375 0.033203125
5 0.25546875 0.1982421875 0.0296875 0.041015625
5 0.67109375 0.3486328125 0.0359375 0.013671875
5 0.7046875 0.392578125 0.01875 0.04296875
5 0.5296875 0.3896484375 0.009375 0.017578125
4 0.95234375 0.4189453125 0.0484375 0.134765625
4 0.88515625 0.427734375 0.0546875 0.12890625
4 0.7984375 0.42578125 0.04375 0.13671875
0 0.9046875 0.4189453125 0.1875 0.146484375
0 0.06171875 0.462890625 0.0859375 0.0625
0 0.43359375 0.4306640625 0.0171875 0.013671875
0 0.3203125 0.439453125 0.03125 0.015625
0 0.4015625 0.431640625 0.01875 0.015625