3 0.7484375 0.4677734375 0.025 0.025390625
3 0.828125 0.564453125 0.0125 0.03515625
3 0.5921875 0.408203125 0.021875 0.0625
3 0.5890625 0.5576171875 0.0125 0.037109375
3 0.18515625 0.416015625 0.0203125 0.0625
3 0.19453125 0.4912109375 0.0140625 0.021484375
3 0.18828125 0.5400390625 0.0109375 0.033203125
5 0.575 0.48046875 0.03125 0.0390625
5 0.5765625 0.5087890625 0.01875 0.017578125
5 0.5734375 0.5322265625 0.025 0.025390625
5 0.5328125 0.5205078125 0.015625 0.021484375
5 0.315625 0.5048828125 0.01875 0.025390625
4 0.96796875 0.5927734375 0.0203125 0.064453125
4 0.70703125 0.5732421875 0.0171875 0.048828125
4 0.690625 0.5712890625 0.015625 0.052734375
4 0.659375 0.5595703125 0.0125 0.025390625
4 0.621875 0.5986328125 0.034375 0.091796875
4 0.63984375 0.5986328125 0.0390625 0.099609375
4 0.55703125 0.578125 0.0234375 0.0546875
4 0.54140625 0.5751953125 0.0203125 0.052734375
4 0.346875 0.5751953125 0.015625 0.041015625
4 0.20859375 0.5810546875 0.0234375 0.044921875
4 0.15078125 0.5673828125 0.0140625 0.068359375
4 0.14140625 0.568359375 0.0296875 0.06640625
4 0.171875 0.576171875 0.009375 0.02734375
0 0.265625 0.6240234375 0.1375 0.130859375
0 0.4390625 0.5791015625 0.140625 0.068359375
0 0.40546875 0.7373046875 0.2921875 0.283203125