0 0.4 0.4521484375 0.3 0.150390625
3 0.98984375 0.2841796875 0.0171875 0.080078125
3 0.9296875 0.2861328125 0.028125 0.072265625
3 0.16796875 0.3603515625 0.0171875 0.044921875
3 0.12265625 0.359375 0.0171875 0.05078125
3 0.00546875 0.333984375 0.0109375 0.05859375
5 0.9359375 0.3515625 0.05625 0.01953125
5 0.1390625 0.412109375 0.03125 0.04296875
5 0.0078125 0.38671875 0.015625 0.0234375
4 0.0171875 0.5048828125 0.034375 0.123046875
0 0.953125 0.458984375 0.090625 0.109375
0 0.6390625 0.52734375 0.1875 0.16796875
5 0.94140625 0.3701171875 0.0515625 0.017578125