3 0.86640625 0.380859375 0.0109375 0.03125
3 0.54296875 0.3544921875 0.0140625 0.041015625
3 0.58359375 0.3818359375 0.0109375 0.029296875
3 0.61484375 0.400390625 0.0078125 0.01953125
3 0.16953125 0.4765625 0.0359375 0.1015625
3 0.15703125 0.0703125 0.0765625 0.140625
3 0.49140625 0.4326171875 0.0078125 0.021484375
3 0.39375 0.40625 0.015625 0.03515625
3 0.35078125 0.408203125 0.0140625 0.03515625
5 0.82734375 0.4189453125 0.0328125 0.009765625
5 0.5453125 0.408203125 0.015625 0.01953125
5 0.58515625 0.4208984375 0.0109375 0.013671875
5 0.61640625 0.4228515625 0.0109375 0.013671875
5 0.6171875 0.435546875 0.0125 0.0078125
5 0.0671875 0.40625 0.04375 0.01953125
5 0.06875 0.42578125 0.04375 0.015625
5 0.08359375 0.443359375 0.0453125 0.015625
4 0.30234375 0.48046875 0.0109375 0.015625
4 0.0234375 0.4873046875 0.015625 0.025390625
0 0.76796875 0.462890625 0.0390625 0.02734375
0 0.81328125 0.4775390625 0.0828125 0.060546875
0 0.65546875 0.4482421875 0.0109375 0.013671875
0 0.6484375 0.4501953125 0.0125 0.017578125
0 0.6359375 0.4482421875 0.0125 0.009765625
0 0.62734375 0.4775390625 0.0484375 0.048828125
0 0.64921875 0.4326171875 0.0140625 0.013671875
0 0.6828125 0.435546875 0.009375 0.01171875
0 0.69375 0.4365234375 0.009375 0.009765625
0 0.67421875 0.4775390625 0.0796875 0.060546875
0 0.72265625 0.501953125 0.1671875 0.09375
0 0.53515625 0.5009765625 0.1171875 0.080078125
0 0.4796875 0.515625 0.196875 0.1015625
0 0.0328125 0.537109375 0.065625 0.125
0 0.140625 0.541015625 0.175 0.09765625
0 0.2671875 0.5205078125 0.15 0.080078125