0 0.86171875 0.4931640625 0.2734375 0.287109375
3 0.55 0.4404296875 0.00625 0.017578125
3 0.4453125 0.439453125 0.003125 0.0078125
3 0.515625 0.4404296875 0.003125 0.009765625
5 0.596875 0.4462890625 0.00625 0.021484375
5 0.19375 0.326171875 0.015625 0.03125
5 0.19453125 0.3623046875 0.0171875 0.033203125
5 0.34453125 0.42578125 0.0078125 0.01171875
5 0.51875 0.44921875 0.009375 0.00390625
4 0.2578125 0.46484375 0.021875 0.06640625
0 0.48671875 0.4697265625 0.0296875 0.033203125
0 0.46484375 0.4697265625 0.0140625 0.013671875
0 0.44296875 0.4697265625 0.0234375 0.025390625
0 0.42265625 0.4697265625 0.0140625 0.013671875
0 0.396875 0.470703125 0.040625 0.046875
0 0.384375 0.4794921875 0.05 0.044921875
0 0.525 0.4765625 0.015625 0.01171875