3 0.4671875 0.2939453125 0.00625 0.017578125
3 0.58515625 0.279296875 0.0078125 0.0234375
3 0.65546875 0.2744140625 0.0078125 0.025390625
3 0.6984375 0.3125 0.00625 0.01953125
3 0.75546875 0.3037109375 0.0078125 0.021484375
3 0.58046875 0.34765625 0.0046875 0.015625
3 0.5890625 0.3642578125 0.00625 0.005859375
3 0.58984375 0.3466796875 0.0046875 0.013671875
3 0.78984375 0.34765625 0.0078125 0.0234375
3 0.796875 0.37109375 0.00625 0.0078125
5 0.2234375 0.3994140625 0.021875 0.041015625
5 0.28828125 0.3994140625 0.0078125 0.013671875
5 0.634375 0.26953125 0.015625 0.01953125
5 0.7140625 0.3046875 0.0125 0.01953125
5 0.52109375 0.318359375 0.0265625 0.01171875
0 0.6734375 0.421875 0.040625 0.0390625
0 0.69140625 0.412109375 0.0328125 0.0390625
0 0.70859375 0.388671875 0.0296875 0.0234375
0 0.7328125 0.380859375 0.025 0.02734375
0 0.74375 0.392578125 0.021875 0.0234375
0 0.75859375 0.388671875 0.0203125 0.0234375