3 0.10390625 0.34765625 0.0234375 0.07421875
3 0.09921875 0.41796875 0.0203125 0.0234375
3 0.7984375 0.177734375 0.025 0.078125
5 0.109375 0.390625 0.04375 0.01953125
5 0.88359375 0.419921875 0.0140625 0.0234375
4 0.2203125 0.478515625 0.021875 0.05859375
4 0.203125 0.482421875 0.015625 0.0625
4 0.23671875 0.4833984375 0.0140625 0.052734375
4 0.253125 0.4814453125 0.0125 0.052734375
4 0.29921875 0.458984375 0.0140625 0.03515625
4 0.959375 0.5185546875 0.03125 0.115234375
0 0.365625 0.5146484375 0.1 0.076171875
5 0.65859375 0.4677734375 0.0234375 0.005859375
5 0.6921875 0.47265625 0.00625 0.0078125
5 0.475 0.48046875 0.009375 0.01171875
5 0.846875 0.4521484375 0.01875 0.021484375