3 0.86171875 0.2841796875 0.0171875 0.052734375
3 0.86953125 0.3505859375 0.0140625 0.025390625
3 0.80390625 0.181640625 0.0203125 0.05078125
3 0.784375 0.2529296875 0.01875 0.080078125
3 0.77734375 0.193359375 0.0171875 0.03515625
3 0.790625 0.3408203125 0.021875 0.029296875
3 0.7296875 0.3359375 0.0125 0.03515625
3 0.73359375 0.375 0.0078125 0.01953125
3 0.60546875 0.361328125 0.0109375 0.03125
3 0.60703125 0.3955078125 0.0109375 0.009765625
3 0.4484375 0.294921875 0.0125 0.03515625
3 0.328125 0.3037109375 0.0125 0.033203125
5 0.5984375 0.3134765625 0.0375 0.025390625
5 0.6140625 0.384765625 0.025 0.0078125
5 0.35078125 0.2919921875 0.0203125 0.025390625
4 0.89765625 0.423828125 0.0109375 0.05859375
4 0.5953125 0.4609375 0.021875 0.0234375
0 0.7640625 0.419921875 0.21875 0.09375
0 0.5046875 0.4384765625 0.015625 0.017578125
0 0.490625 0.4375 0.009375 0.01171875
0 0.471875 0.439453125 0.009375 0.0078125
0 0.4359375 0.4482421875 0.025 0.025390625
0 0.05703125 0.4765625 0.0671875 0.046875