3 0.68359375 0.359375 0.0078125 0.01953125
3 0.54921875 0.4208984375 0.0078125 0.021484375
5 0.7421875 0.4169921875 0.0125 0.037109375
5 0.7328125 0.43359375 0.009375 0.015625
5 0.56328125 0.4189453125 0.0109375 0.021484375
5 0.56484375 0.4375 0.0109375 0.015625
5 0.76171875 0.4267578125 0.0109375 0.021484375
2 0.712234375 0.46841796875 0.018234375 0.03189453125
0 0.596875 0.4765625 0.034375 0.03125
0 0.62578125 0.47265625 0.0265625 0.0234375
0 0.6578125 0.474609375 0.0375 0.0390625
0 0.68359375 0.4638671875 0.0203125 0.017578125
0 0.39609375 0.49609375 0.0453125 0.0390625
0 0.36328125 0.490234375 0.0421875 0.02734375
0 0.421875 0.4833984375 0.025 0.017578125
0 0.6953125 0.4599609375 0.0125 0.017578125
0 0.56484375 0.4775390625 0.0328125 0.029296875