3 0.45234375 0.4130859375 0.0078125 0.021484375
3 0.678125 0.4111328125 0.00625 0.017578125
3 0.6078125 0.4189453125 0.003125 0.005859375
3 0.61875 0.4189453125 0.003125 0.005859375
5 0.45390625 0.435546875 0.0109375 0.015625
5 0.67734375 0.4306640625 0.0078125 0.017578125
5 0.6046875 0.4189453125 0.003125 0.005859375
5 0.7609375 0.42578125 0.015625 0.0234375
4 0.27109375 0.4619140625 0.0171875 0.021484375
4 0.778125 0.453125 0.00625 0.03125
4 0.75546875 0.45703125 0.0078125 0.03125
4 0.65234375 0.4482421875 0.0046875 0.017578125
2 0.703125 0.482421875 0.01875 0.03125
0 0.528125 0.45703125 0.025 0.02734375
0 0.53828125 0.455078125 0.0140625 0.0234375
0 0.56015625 0.466796875 0.0296875 0.03125
0 0.5703125 0.4619140625 0.021875 0.025390625
0 0.64296875 0.44921875 0.0140625 0.015625
0 0.62578125 0.447265625 0.0109375 0.01171875
0 0.61328125 0.443359375 0.0078125 0.0078125
0 0.5859375 0.4443359375 0.00625 0.005859375
4 0.70234375 0.466796875 0.0171875 0.046875