3 0.98828125 0.0947265625 0.0203125 0.083984375
3 0.7140625 0.4013671875 0.009375 0.017578125
3 0.7109375 0.3583984375 0.009375 0.033203125
3 0.51484375 0.3740234375 0.0109375 0.037109375
3 0.3484375 0.275390625 0.009375 0.03515625
3 0.2328125 0.267578125 0.009375 0.03515625
5 0.7765625 0.0849609375 0.0625 0.169921875
5 0.50859375 0.3154296875 0.0171875 0.013671875
5 0.259375 0.263671875 0.0125 0.01953125
4 0.796875 0.4765625 0.103125 0.1875
4 0.63046875 0.4912109375 0.0703125 0.228515625
4 0.58046875 0.458984375 0.0140625 0.0625
4 0.546875 0.4599609375 0.015625 0.052734375
4 0.17109375 0.4619140625 0.0484375 0.146484375
4 0.10625 0.4990234375 0.06875 0.189453125
4 0.0484375 0.4892578125 0.0625 0.177734375
2 0.93125 0.46244140625 0.09929687499999999 0.12154296875
0 0.92578125 0.4560546875 0.1453125 0.080078125
0 0.35625 0.6201171875 0.50625 0.466796875
0 0.08671875 0.4736328125 0.1484375 0.099609375
5 0.80390625 0.361328125 0.0234375 0.046875