3 0.22578125 0.3916015625 0.0140625 0.037109375
3 0.3921875 0.4423828125 0.015625 0.044921875
3 0.384375 0.23828125 0.025 0.08984375
3 0.8015625 0.3642578125 0.009375 0.025390625
3 0.559375 0.3681640625 0.009375 0.025390625
3 0.5859375 0.380859375 0.00625 0.01953125
3 0.53046875 0.34765625 0.0109375 0.03515625
3 0.475 0.40625 0.009375 0.02734375
5 0.14296875 0.3916015625 0.0359375 0.013671875
5 0.14296875 0.4072265625 0.0359375 0.009765625
5 0.15625 0.421875 0.0375 0.01171875
5 0.53046875 0.392578125 0.0140625 0.015625
5 0.5609375 0.3994140625 0.009375 0.009765625
5 0.58671875 0.400390625 0.0109375 0.01171875
4 0.08125 0.484375 0.015625 0.0625
4 0.4203125 0.451171875 0.0125 0.0390625
2 0.356421875 0.453671875 0.03715625 0.05751953125
0 0.8953125 0.544921875 0.20625 0.26953125
0 0.765625 0.443359375 0.040625 0.0390625
0 0.590625 0.421875 0.0125 0.015625
0 0.60390625 0.4169921875 0.0109375 0.009765625
0 0.68203125 0.4638671875 0.2046875 0.095703125