0 0.33828125 0.5087890625 0.1234375 0.052734375
3 0.59140625 0.443359375 0.0109375 0.03125
3 0.44921875 0.4765625 0.0078125 0.02734375
3 0.61953125 0.4833984375 0.0109375 0.013671875
3 0.75625 0.4443359375 0.0125 0.017578125
5 0.54140625 0.4736328125 0.0078125 0.013671875
5 0.5890625 0.4755859375 0.015625 0.021484375
4 0.02734375 0.5712890625 0.0296875 0.091796875
4 0.1 0.564453125 0.025 0.09375
4 0.4140625 0.552734375 0.025 0.078125
4 0.33125 0.5419921875 0.0125 0.064453125
0 0.49453125 0.5048828125 0.0796875 0.072265625
2 0.3359375 0.552734375 0.04375 0.04296875
2 0.3046875 0.5419921875 0.040625 0.041015625
0 0.21875 0.6044921875 0.125 0.111328125
0 0.49453125 0.6025390625 0.1359375 0.138671875
0 0.459375 0.552734375 0.084375 0.08984375
0 0.9390625 0.673828125 0.11875 0.19921875
4 0.30625 0.537109375 0.015625 0.0390625