0 0.50546875 0.5146484375 0.0359375 0.033203125
3 0.659375 0.458984375 0.00625 0.02734375
3 0.446875 0.46484375 0.00625 0.02734375
3 0.54765625 0.5146484375 0.0046875 0.013671875
5 0.02265625 0.4169921875 0.0453125 0.017578125
5 0.02265625 0.443359375 0.0453125 0.01953125
5 0.02265625 0.4697265625 0.0390625 0.017578125
5 0.96171875 0.3623046875 0.0734375 0.103515625
5 0.725 0.3623046875 0.034375 0.044921875
4 0.00859375 0.5849609375 0.0171875 0.107421875
4 0.03359375 0.58203125 0.0265625 0.10546875
4 0.05234375 0.5615234375 0.0171875 0.076171875
4 0.06328125 0.56640625 0.0234375 0.05078125
4 0.39375 0.5380859375 0.009375 0.033203125
4 0.3984375 0.5380859375 0.009375 0.029296875
4 0.403125 0.5341796875 0.00625 0.021484375
4 0.4140625 0.5380859375 0.00625 0.025390625
4 0.4234375 0.5380859375 0.00625 0.025390625
4 0.5515625 0.5390625 0.009375 0.03125
4 0.603125 0.5341796875 0.00625 0.021484375
4 0.61875 0.541015625 0.009375 0.03125
4 0.6265625 0.5390625 0.009375 0.03515625
4 0.6359375 0.5673828125 0.021875 0.091796875
4 0.71328125 0.546875 0.0203125 0.0390625
4 0.72734375 0.556640625 0.0140625 0.0546875
4 0.73828125 0.5546875 0.0171875 0.0546875
4 0.7515625 0.5517578125 0.015625 0.060546875
4 0.81328125 0.5439453125 0.0203125 0.060546875
4 0.83515625 0.5478515625 0.0171875 0.052734375
4 0.8484375 0.546875 0.015625 0.05078125
4 0.89921875 0.55078125 0.0203125 0.0625
4 0.86484375 0.5498046875 0.0171875 0.048828125
4 0.94609375 0.556640625 0.0265625 0.06640625
4 0.6546875 0.5419921875 0.00625 0.029296875
0 0.5078125 0.5419921875 0.0375 0.029296875
0 0.465625 0.666015625 0.221875 0.24609375