3 0.56875 0.478515625 0.00625 0.0234375
3 0.390625 0.4873046875 0.00625 0.021484375
5 0.56796875 0.5009765625 0.0140625 0.017578125
5 0.6640625 0.4375 0.0375 0.04296875
5 0.66484375 0.470703125 0.0296875 0.015625
5 0.66484375 0.490234375 0.0265625 0.0234375
5 0.9453125 0.4365234375 0.03125 0.041015625
5 0.946875 0.505859375 0.028125 0.0390625
5 0.9453125 0.4716796875 0.021875 0.029296875
4 0.14375 0.5625 0.015625 0.06640625
4 0.175 0.5576171875 0.015625 0.064453125
4 0.8046875 0.5361328125 0.009375 0.017578125
4 0.796875 0.53515625 0.00625 0.01953125
0 0.5078125 0.525390625 0.05 0.0625
0 0.0703125 0.6123046875 0.140625 0.177734375
0 0.2484375 0.5673828125 0.140625 0.177734375
0 0.328125 0.5654296875 0.059375 0.123046875
0 0.375 0.568359375 0.046875 0.05859375
0 0.4859375 0.6044921875 0.125 0.123046875
0 0.48125 0.5361328125 0.075 0.033203125
0 0.93046875 0.7060546875 0.1359375 0.251953125
0 0.4390625 0.521484375 0.021875 0.0234375