3 0.696875 0.4375 0.009375 0.02734375
5 0.69140625 0.4208984375 0.0453125 0.013671875
5 0.66640625 0.4560546875 0.0109375 0.041015625
5 0.64765625 0.4560546875 0.0203125 0.037109375
5 0.62734375 0.4609375 0.0265625 0.03125
5 0.7171875 0.5029296875 0.01875 0.021484375
5 0.7375 0.4619140625 0.009375 0.009765625
5 0.603125 0.5078125 0.0125 0.0234375
5 0.56875 0.5107421875 0.0125 0.021484375
5 0.546875 0.4736328125 0.0125 0.013671875
5 0.46484375 0.521484375 0.0265625 0.03515625
5 0.384375 0.466796875 0.015625 0.01953125
5 0.4875 0.451171875 0.01875 0.0078125
5 0.48828125 0.4609375 0.0203125 0.0078125
5 0.48203125 0.466796875 0.0203125 0.0078125
0 0.9265625 0.578125 0.14375 0.13671875
0 0.91953125 0.521484375 0.1578125 0.07421875
0 0.81640625 0.4921875 0.0359375 0.03515625
0 0.93828125 0.4833984375 0.0734375 0.037109375
0 0.98671875 0.4755859375 0.0234375 0.021484375