0 0.48984375 0.44921875 0.0671875 0.0859375
3 0.63984375 0.3095703125 0.0171875 0.021484375
3 0.1203125 0.333984375 0.025 0.03515625
5 0.6390625 0.3623046875 0.034375 0.056640625
5 0.56640625 0.4072265625 0.0171875 0.005859375
5 0.11953125 0.3818359375 0.0296875 0.048828125
5 0.990625 0.359375 0.009375 0.02734375
4 0.52421875 0.4716796875 0.0078125 0.037109375
4 0.5296875 0.4716796875 0.009375 0.033203125
4 0.58984375 0.46875 0.0171875 0.046875
4 0.60703125 0.4677734375 0.0140625 0.044921875
4 0.61875 0.4658203125 0.009375 0.037109375
4 0.64453125 0.4638671875 0.0171875 0.060546875
4 0.696875 0.4697265625 0.01875 0.064453125
4 0.69765625 0.4716796875 0.0203125 0.056640625
4 0.7375 0.4765625 0.021875 0.0859375
4 0.7734375 0.474609375 0.028125 0.08984375
4 0.203125 0.474609375 0.015625 0.03125
0 0.37265625 0.470703125 0.0203125 0.02734375
0 0.35625 0.47265625 0.021875 0.03125
0 0.33125 0.4765625 0.04375 0.04296875
0 0.11328125 0.5244140625 0.1984375 0.150390625
0 0.4265625 0.474609375 0.06875 0.078125