0 0.41015625 0.443359375 0.0671875 0.07421875
3 0.8734375 0.2216796875 0.028125 0.095703125
3 0.47890625 0.3955078125 0.0109375 0.033203125
3 0.090625 0.2587890625 0.025 0.103515625
3 0.49765625 0.40234375 0.0078125 0.0234375
5 0.86328125 0.341796875 0.0578125 0.07421875
5 0.48671875 0.4365234375 0.0171875 0.021484375
5 0.51171875 0.4375 0.0171875 0.0234375
5 0.5140625 0.4267578125 0.015625 0.017578125
5 0.1171875 0.4091796875 0.03125 0.041015625
5 0.06875 0.376953125 0.046875 0.0703125
5 0.89375 0.3818359375 0.028125 0.029296875
5 0.89453125 0.41015625 0.0265625 0.03125
5 0.1265625 0.4873046875 0.01875 0.080078125
5 0.0703125 0.53125 0.09375 0.0625
0 0.646875 0.4404296875 0.046875 0.056640625
2 0.384375 0.552734375 0.06875 0.11328125
2 0.4625 0.4775390625 0.021875 0.041015625
0 0.5359375 0.720703125 0.43125 0.4765625
0 0.00546875 0.546875 0.0109375 0.0859375
0 0.2109375 0.505859375 0.05625 0.0546875
0 0.2578125 0.4873046875 0.0375 0.037109375
0 0.2921875 0.4970703125 0.05 0.048828125
0 0.321875 0.4873046875 0.03125 0.041015625
0 0.3390625 0.4794921875 0.034375 0.041015625
0 0.4390625 0.48828125 0.040625 0.04296875
0 0.78828125 0.484375 0.0671875 0.0625
0 0.75546875 0.4716796875 0.0296875 0.037109375
0 0.740625 0.4638671875 0.046875 0.044921875
0 0.70234375 0.4619140625 0.0296875 0.029296875
0 0.8546875 0.4833984375 0.06875 0.064453125
0 0.57578125 0.4462890625 0.0109375 0.009765625
0 0.621875 0.4501953125 0.009375 0.013671875
0 0.61796875 0.4482421875 0.0109375 0.017578125
0 0.61171875 0.447265625 0.0109375 0.015625
0 0.60546875 0.4453125 0.0109375 0.015625
0 0.67890625 0.455078125 0.0328125 0.03515625
0 0.48359375 0.4599609375 0.0203125 0.021484375
0 0.5421875 0.4423828125 0.009375 0.009765625
0 0.5515625 0.4423828125 0.00625 0.005859375
0 0.59765625 0.439453125 0.0109375 0.01171875
4 0.384375 0.5341796875 0.059375 0.130859375
4 0.46328125 0.4599609375 0.0203125 0.048828125