3 0.16484375 0.3935546875 0.0109375 0.033203125
3 0.13828125 0.427734375 0.0140625 0.01953125
3 0.0953125 0.3359375 0.028125 0.08203125
3 0.09609375 0.4140625 0.0265625 0.046875
3 0.33359375 0.3974609375 0.0140625 0.037109375
3 0.7 0.396484375 0.009375 0.03515625
3 0.975 0.318359375 0.028125 0.0859375
3 0.93984375 0.3798828125 0.0140625 0.044921875
5 0.3375 0.4287109375 0.015625 0.025390625
3 0.975 0.41015625 0.03125 0.0546875
4 0.1828125 0.490234375 0.025 0.0703125
4 0.61328125 0.4501953125 0.0078125 0.025390625
4 0.39609375 0.4677734375 0.0109375 0.037109375
4 0.859375 0.478515625 0.021875 0.0703125
4 0.940625 0.48046875 0.015625 0.05859375
4 0.96328125 0.4814453125 0.0109375 0.060546875
2 0.890625 0.4873046875 0.01875 0.037109375
2 0.8213593749999999 0.49857421875 0.032296875 0.12001953125
0 0.4796875 0.4638671875 0.034375 0.037109375
0 0.4953125 0.455078125 0.0125 0.01953125
0 0.5296875 0.4765625 0.03125 0.04296875
0 0.51015625 0.484375 0.0515625 0.046875
0 0.59296875 0.4453125 0.0109375 0.0078125
0 0.6265625 0.451171875 0.01875 0.01953125
0 0.60546875 0.4462890625 0.0109375 0.013671875