3 0.65078125 0.3955078125 0.0046875 0.009765625
5 0.10234375 0.427734375 0.0140625 0.0234375
5 0.40859375 0.4033203125 0.0171875 0.025390625
5 0.74765625 0.4091796875 0.0140625 0.005859375
5 0.7453125 0.390625 0.015625 0.0234375
5 0.79453125 0.400390625 0.0578125 0.015625
5 0.89921875 0.32421875 0.0484375 0.01953125
5 0.90078125 0.3447265625 0.0484375 0.017578125
5 0.8953125 0.2822265625 0.04375 0.056640625
5 0.90625 0.4169921875 0.025 0.052734375
0 0.6390625 0.451171875 0.015625 0.015625
0 0.63984375 0.44140625 0.0140625 0.01171875
0 0.6640625 0.4453125 0.009375 0.01171875
0 0.65625 0.44140625 0.009375 0.01171875
0 0.6484375 0.435546875 0.00625 0.0078125
0 0.653125 0.4306640625 0.00625 0.005859375
0 0.6671875 0.4287109375 0.00625 0.005859375
0 0.66171875 0.4306640625 0.0046875 0.005859375
0 0.70546875 0.453125 0.0171875 0.015625