0 0.82109375 0.591796875 0.3546875 0.8125
3 0.0484375 0.3203125 0.03125 0.09765625
3 0.28671875 0.458984375 0.0109375 0.03125
3 0.521875 0.4833984375 0.009375 0.029296875
3 0.06875 0.447265625 0.01875 0.0546875
5 0.0265625 0.423828125 0.053125 0.06640625
5 0.46328125 0.494140625 0.0140625 0.015625
5 0.46328125 0.5078125 0.0109375 0.0078125
5 0.46328125 0.515625 0.0109375 0.0078125
5 0.196875 0.4638671875 0.015625 0.041015625
4 0.6 0.55859375 0.0125 0.046875
4 0.21796875 0.5927734375 0.0484375 0.103515625
4 0.17734375 0.541015625 0.0140625 0.0546875
4 0.265625 0.55078125 0.0125 0.0390625
2 0.3890625 0.560546875 0.028125 0.046875
2 0.34921875 0.5595703125 0.0265625 0.037109375
0 0.11875 0.67578125 0.2375 0.328125
0 0.45078125 0.591796875 0.0953125 0.1015625
0 0.50625 0.5634765625 0.0625 0.060546875
0 0.24609375 0.54296875 0.0328125 0.03515625
4 0.38671875 0.5478515625 0.0234375 0.056640625
4 0.346875 0.546875 0.01875 0.04296875