3 0.021875 0.28515625 0.0125 0.03515625
3 0.06328125 0.310546875 0.0109375 0.03515625
3 0.134375 0.2109375 0.03125 0.10546875
3 0.11328125 0.41015625 0.0109375 0.02734375
3 0.23984375 0.4130859375 0.0109375 0.025390625
3 0.240625 0.4462890625 0.0125 0.013671875
3 0.96640625 0.357421875 0.0328125 0.109375
3 0.9546875 0.435546875 0.028125 0.03515625
3 0.83359375 0.396484375 0.0109375 0.046875
3 0.83671875 0.4375 0.0109375 0.01171875
3 0.69375 0.3330078125 0.0125 0.041015625
5 0.08515625 0.412109375 0.0171875 0.00390625
5 0.465625 0.4345703125 0.009375 0.013671875
5 0.82890625 0.361328125 0.0203125 0.01171875
5 0.6421875 0.435546875 0.009375 0.01171875
4 0.70234375 0.5478515625 0.0265625 0.107421875
0 0.50703125 0.4599609375 0.0234375 0.021484375