3 0.23515625 0.3955078125 0.0109375 0.013671875
3 0.57890625 0.375 0.0109375 0.015625
5 0.0515625 0.4208984375 0.0375 0.013671875
5 0.0515625 0.4345703125 0.009375 0.013671875
5 0.23671875 0.4208984375 0.0234375 0.025390625
5 0.578125 0.4091796875 0.021875 0.037109375
5 0.58125 0.4775390625 0.0125 0.021484375
5 0.8359375 0.263671875 0.065625 0.11328125
5 0.83828125 0.3310546875 0.0265625 0.021484375
5 0.8375 0.349609375 0.01875 0.015625
4 0.17421875 0.4931640625 0.0140625 0.056640625
4 0.1875 0.4873046875 0.015625 0.048828125
4 0.21015625 0.4833984375 0.0109375 0.048828125
4 0.23828125 0.49609375 0.0171875 0.0546875
4 0.2515625 0.4970703125 0.021875 0.060546875
4 0.534375 0.4580078125 0.009375 0.025390625
4 0.56015625 0.458984375 0.0078125 0.03125
4 0.56796875 0.455078125 0.0078125 0.03125
4 0.55 0.45703125 0.00625 0.02734375
4 0.52890625 0.44921875 0.0078125 0.02734375
4 0.59765625 0.4677734375 0.0109375 0.041015625
4 0.6078125 0.4833984375 0.015625 0.048828125
4 0.61796875 0.4853515625 0.0140625 0.056640625
4 0.6625 0.4912109375 0.01875 0.064453125
4 0.63828125 0.498046875 0.0140625 0.05859375
4 0.63515625 0.455078125 0.0078125 0.02734375
4 0.71015625 0.498046875 0.0203125 0.0703125
4 0.76171875 0.521484375 0.0296875 0.1015625
4 0.765625 0.45703125 0.015625 0.0390625
4 0.73125 0.466796875 0.015625 0.046875
4 0.74375 0.46875 0.0125 0.04296875
4 0.69375 0.4638671875 0.0125 0.037109375
4 0.7328125 0.435546875 0.00625 0.01953125
4 0.759375 0.423828125 0.00625 0.01953125
4 0.7671875 0.4248046875 0.00625 0.021484375
4 0.74609375 0.4345703125 0.0078125 0.025390625
4 0.79140625 0.5146484375 0.0296875 0.103515625
4 0.81484375 0.5283203125 0.0296875 0.115234375
4 0.85859375 0.5283203125 0.0328125 0.123046875
4 0.8984375 0.52734375 0.046875 0.15234375
4 0.94765625 0.517578125 0.0390625 0.17578125
4 0.97890625 0.478515625 0.0171875 0.0703125
4 0.815625 0.453125 0.009375 0.03515625
4 0.884375 0.435546875 0.009375 0.03515625
4 0.82421875 0.4521484375 0.0109375 0.041015625
4 0.621875 0.458984375 0.01875 0.04296875
0 0.0515625 0.5166015625 0.103125 0.080078125
0 0.29921875 0.48828125 0.0453125 0.05078125
0 0.35546875 0.4892578125 0.0578125 0.060546875
0 0.33671875 0.4599609375 0.0328125 0.037109375
0 0.38125 0.462890625 0.0375 0.0390625
0 0.39921875 0.453125 0.0203125 0.02734375
0 0.40859375 0.4375 0.0171875 0.01953125
0 0.43515625 0.431640625 0.0109375 0.015625
0 0.46328125 0.4384765625 0.0203125 0.017578125
0 0.4484375 0.4658203125 0.075 0.037109375
0 0.4078125 0.5283203125 0.06875 0.095703125
0 0.48984375 0.54296875 0.1421875 0.14453125
0 0.40390625 0.42578125 0.0171875 0.015625
0 0.41796875 0.4208984375 0.0171875 0.013671875
0 0.49765625 0.4619140625 0.0421875 0.033203125