3 0.5984375 0.4306640625 0.00625 0.017578125
3 0.6171875 0.4296875 0.00625 0.01953125
3 0.36640625 0.439453125 0.0078125 0.015625
5 0.63359375 0.41015625 0.0171875 0.02734375
5 0.4171875 0.451171875 0.00625 0.01171875
5 0.415625 0.4365234375 0.009375 0.013671875
4 0.14453125 0.48046875 0.0234375 0.08203125
4 0.47421875 0.484375 0.0109375 0.03515625
4 0.471875 0.484375 0.021875 0.03125
0 0.96328125 0.5654296875 0.0703125 0.259765625
0 0.7359375 0.5107421875 0.153125 0.123046875
0 0.62109375 0.4921875 0.0765625 0.07421875
0 0.5765625 0.490234375 0.040625 0.0390625
0 0.53046875 0.4794921875 0.0109375 0.009765625
0 0.51171875 0.486328125 0.0296875 0.02734375
0 0.45234375 0.4814453125 0.0203125 0.025390625
0 0.425 0.484375 0.025 0.0234375
0 0.3234375 0.4794921875 0.04375 0.029296875
0 0.48515625 0.4794921875 0.0109375 0.009765625