3 0.671875 0.384765625 0.00625 0.015625
3 0.61796875 0.4462890625 0.0046875 0.009765625
3 0.4296875 0.40625 0.0125 0.0390625
3 0.375 0.3662109375 0.009375 0.025390625
3 0.76015625 0.1796875 0.0203125 0.0546875
5 0.79921875 0.4013671875 0.0328125 0.056640625
5 0.57890625 0.451171875 0.0078125 0.0078125
5 0.57890625 0.4423828125 0.0078125 0.009765625
5 0.57890625 0.4326171875 0.0078125 0.009765625
5 0.528125 0.427734375 0.00625 0.015625
5 0.52890625 0.439453125 0.0078125 0.01171875
5 0.4984375 0.4462890625 0.01875 0.021484375
5 0.4984375 0.42578125 0.01875 0.01953125
5 0.49765625 0.40625 0.0171875 0.01953125
5 0.4015625 0.45703125 0.028125 0.03515625
5 0.9640625 0.4013671875 0.025 0.037109375
2 0.50703125 0.5673828125 0.0546875 0.123046875
2 0.54921875 0.54296875 0.0296875 0.07421875
0 0.2125 0.529296875 0.034375 0.03125
0 0.25625 0.5205078125 0.03125 0.037109375
0 0.1359375 0.708984375 0.271875 0.4140625
0 0.3625 0.578125 0.196875 0.16015625
0 0.41640625 0.49609375 0.0234375 0.03515625
0 0.465625 0.4775390625 0.046875 0.013671875
0 0.45390625 0.525390625 0.0734375 0.08984375
0 0.509375 0.484375 0.065625 0.05078125
0 0.62890625 0.5498046875 0.1390625 0.150390625
0 0.65703125 0.4638671875 0.0140625 0.017578125
0 0.6453125 0.462890625 0.009375 0.015625
0 0.6390625 0.466796875 0.0125 0.015625
0 0.7828125 0.521484375 0.1375 0.12890625
0 0.93203125 0.599609375 0.1328125 0.25
4 0.50390625 0.5361328125 0.0578125 0.130859375
4 0.55078125 0.4970703125 0.0328125 0.072265625
4 0.5703125 0.48046875 0.021875 0.03515625