0 0.54765625 0.4501953125 0.0234375 0.025390625
0 0.559375 0.4521484375 0.009375 0.017578125
0 0.625 0.451171875 0.015625 0.015625
3 0.8203125 0.400390625 0.009375 0.03125
3 0.19609375 0.35546875 0.0171875 0.046875
3 0.2421875 0.357421875 0.0125 0.046875
3 0.040625 0.3408203125 0.0125 0.064453125
3 0.02421875 0.3388671875 0.0171875 0.068359375
5 0.21171875 0.4013671875 0.0328125 0.013671875
0 0.6296875 0.443359375 0.009375 0.01171875
0 0.60625 0.4375 0.00625 0.0078125
5 0.81796875 0.4326171875 0.0328125 0.013671875
5 0.8375 0.41015625 0.028125 0.01171875
3 0.8109375 0.3974609375 0.009375 0.029296875
0 0.56640625 0.4501953125 0.0078125 0.017578125