0 0.265625 0.46875 0.08125 0.0859375
3 0.21328125 0.3408203125 0.0140625 0.037109375
3 0.46640625 0.3671875 0.0109375 0.02734375
3 0.3484375 0.4267578125 0.00625 0.017578125
3 0.459375 0.423828125 0.003125 0.0078125
5 0.5765625 0.4052734375 0.0125 0.033203125
5 0.453125 0.423828125 0.00625 0.0078125
5 0.421875 0.423828125 0.00625 0.0078125
0 0.06484375 0.5068359375 0.0734375 0.064453125
0 0.11640625 0.505859375 0.0421875 0.04296875
0 0.33125 0.4873046875 0.096875 0.091796875
0 0.4296875 0.4755859375 0.01875 0.017578125
0 0.57421875 0.4697265625 0.0390625 0.025390625
0 0.46640625 0.470703125 0.0234375 0.02734375
0 0.44375 0.466796875 0.0125 0.01171875