0 0.68984375 0.4384765625 0.2109375 0.111328125
3 0.6828125 0.3447265625 0.015625 0.044921875
3 0.72421875 0.34375 0.0140625 0.046875
3 0.56484375 0.39453125 0.0046875 0.0234375
3 0.559375 0.39453125 0.00625 0.0234375
3 0.16484375 0.3720703125 0.0109375 0.033203125
3 0.13203125 0.3720703125 0.0109375 0.033203125
5 0.71484375 0.3837890625 0.0140625 0.013671875
5 0.521875 0.4228515625 0.00625 0.009765625
5 0.14296875 0.41015625 0.0203125 0.03125
5 0.0375 0.396484375 0.009375 0.0234375
4 0.88203125 0.513671875 0.0859375 0.2890625
4 0.7859375 0.46875 0.025 0.10546875
4 0.7625 0.4677734375 0.034375 0.115234375
4 0.14140625 0.4765625 0.0328125 0.08203125
4 0.109375 0.470703125 0.021875 0.08203125
2 0.54765625 0.4736328125 0.0171875 0.033203125
0 0.93671875 0.58984375 0.1234375 0.24609375
0 0.4796875 0.4833984375 0.0875 0.087890625
0 0.41875 0.4599609375 0.025 0.013671875
0 0.35234375 0.4638671875 0.0453125 0.048828125
4 0.5484375 0.4541015625 0.015625 0.052734375