3 0.2375 0.4833984375 0.009375 0.029296875
3 0.23125 0.3603515625 0.021875 0.060546875
5 0.48984375 0.4365234375 0.0109375 0.013671875
5 0.22890625 0.4365234375 0.0328125 0.037109375
4 0.975 0.447265625 0.015625 0.015625
2 0.834375 0.4794921875 0.01875 0.033203125
0 0.93359375 0.607421875 0.1296875 0.3046875
0 0.6234375 0.56640625 0.184375 0.20703125
0 0.7515625 0.505859375 0.1 0.09375
0 0.6921875 0.4560546875 0.01875 0.017578125
0 0.66640625 0.4541015625 0.0140625 0.013671875
0 0.67421875 0.453125 0.0078125 0.01171875
0 0.6828125 0.4521484375 0.00625 0.009765625
0 0.6125 0.458984375 0.015625 0.015625
0 0.62734375 0.4580078125 0.0140625 0.013671875
4 0.83359375 0.466796875 0.0140625 0.0390625