3 0.10078125 0.4169921875 0.0234375 0.025390625
3 0.1015625 0.3447265625 0.021875 0.060546875
3 0.80078125 0.1767578125 0.0203125 0.064453125
5 0.11015625 0.388671875 0.0546875 0.0234375
5 0.884375 0.4208984375 0.01875 0.029296875
5 0.846875 0.4501953125 0.01875 0.029296875
5 0.65859375 0.46484375 0.0234375 0.0078125
5 0.69140625 0.4716796875 0.0078125 0.009765625
5 0.47578125 0.478515625 0.0078125 0.01171875
4 0.546875 0.4794921875 0.009375 0.013671875
4 0.12421875 0.51953125 0.0390625 0.1171875
4 0.2515625 0.4775390625 0.015625 0.044921875
4 0.20390625 0.4697265625 0.0171875 0.037109375
4 0.21875 0.4794921875 0.015625 0.064453125
4 0.37890625 0.51171875 0.0265625 0.1015625
4 0.39609375 0.517578125 0.0234375 0.09375
4 0.35 0.51171875 0.028125 0.125
4 0.31953125 0.5126953125 0.0328125 0.103515625
0 0.55078125 0.5185546875 0.0203125 0.013671875