3 0.940625 0.4208984375 0.021875 0.064453125
3 0.953125 0.552734375 0.0125 0.04296875
3 0.6484375 0.3935546875 0.01875 0.060546875
3 0.64609375 0.501953125 0.0109375 0.03515625
3 0.18515625 0.4091796875 0.0171875 0.056640625
3 0.33828125 0.4638671875 0.0078125 0.021484375
5 0.95234375 0.4716796875 0.0296875 0.037109375
5 0.97890625 0.4892578125 0.0203125 0.029296875
5 0.9796875 0.4599609375 0.021875 0.029296875
5 0.97734375 0.4296875 0.0203125 0.03125
5 0.646875 0.4501953125 0.03125 0.041015625
4 0.6734375 0.5244140625 0.00625 0.021484375
4 0.6625 0.525390625 0.00625 0.0234375
4 0.62890625 0.5244140625 0.0046875 0.017578125
4 0.6171875 0.5234375 0.00625 0.0234375
4 0.60546875 0.5224609375 0.0046875 0.017578125
4 0.5671875 0.5234375 0.009375 0.02734375
4 0.20859375 0.541015625 0.0234375 0.08984375
4 0.1296875 0.5126953125 0.00625 0.033203125
4 0.11953125 0.5087890625 0.0046875 0.033203125
4 0.75859375 0.5263671875 0.0078125 0.029296875
0 0.47890625 0.48828125 0.1453125 0.1328125
2 0.04609375 0.7099609375 0.0921875 0.232421875
2 0.23984375 0.55078125 0.0390625 0.0703125
2 0.17578125 0.544921875 0.0421875 0.0703125
0 0.628125 0.623046875 0.140625 0.16796875
0 0.3765625 0.5947265625 0.175 0.197265625
0 0.45390625 0.7080078125 0.3171875 0.310546875
4 0.0390625 0.650390625 0.078125 0.234375