3 0.65234375 0.314453125 0.0140625 0.0625
5 0.653125 0.3525390625 0.040625 0.017578125
4 0.9609375 0.46875 0.034375 0.109375
4 0.88203125 0.46875 0.0296875 0.11328125
4 0.8984375 0.4697265625 0.025 0.115234375
4 0.9265625 0.46484375 0.028125 0.11328125
4 0.7671875 0.4560546875 0.025 0.091796875
4 0.790625 0.45703125 0.01875 0.09375
4 0.5046875 0.455078125 0.009375 0.03515625
4 0.5296875 0.4609375 0.009375 0.05078125
4 0.20390625 0.4658203125 0.0140625 0.052734375
4 0.09609375 0.46484375 0.0140625 0.05859375
4 0.11015625 0.4658203125 0.0171875 0.064453125
4 0.03359375 0.4599609375 0.0296875 0.072265625
4 0.00546875 0.4599609375 0.0109375 0.080078125
2 0.46953125 0.478515625 0.0171875 0.0390625
0 0.44375 0.46484375 0.040625 0.05078125
0 0.41953125 0.45703125 0.0171875 0.0234375
0 0.38671875 0.4619140625 0.0265625 0.025390625
4 0.46953125 0.4638671875 0.0171875 0.052734375
3 0.30703125 0.4111328125 0.0078125 0.025390625
3 0.50625 0.4169921875 0.00625 0.017578125