3 0.2 0.4169921875 0.003125 0.013671875
3 0.23515625 0.4150390625 0.0046875 0.013671875
3 0.259375 0.4189453125 0.003125 0.013671875
3 0.3015625 0.443359375 0.003125 0.01171875
5 0.64765625 0.2919921875 0.0359375 0.056640625
5 0.4578125 0.373046875 0.03125 0.0390625
5 0.45859375 0.396484375 0.0203125 0.00390625
5 0.46171875 0.40625 0.0234375 0.01171875
5 0.48046875 0.4384765625 0.0046875 0.013671875
5 0.38828125 0.421875 0.0171875 0.0234375
5 0.228125 0.4140625 0.00625 0.0078125
4 0.86953125 0.458984375 0.0234375 0.1015625
4 0.76640625 0.4560546875 0.0265625 0.076171875
2 0.4796875 0.478515625 0.046875 0.03515625
0 0.3625 0.484375 0.05 0.0546875
0 0.33671875 0.474609375 0.0265625 0.03515625
0 0.31640625 0.47265625 0.0234375 0.03125
0 0.2953125 0.4794921875 0.03125 0.056640625
0 0.2515625 0.49609375 0.1 0.09375
0 0.1796875 0.474609375 0.021875 0.02734375
0 0.13203125 0.474609375 0.0296875 0.02734375
0 0.1078125 0.48046875 0.025 0.03515625
0 0.0671875 0.4931640625 0.06875 0.056640625