3 0.4046875 0.435546875 0.00625 0.01171875
5 0.55234375 0.4228515625 0.0078125 0.009765625
5 0.55078125 0.435546875 0.0046875 0.0078125
5 0.70078125 0.3603515625 0.0265625 0.041015625
5 0.40625 0.42578125 0.0125 0.00390625
5 0.4 0.443359375 0.009375 0.00390625
5 0.0515625 0.3515625 0.01875 0.03515625
5 0.2671875 0.4228515625 0.015625 0.017578125
0 0.9578125 0.4609375 0.08125 0.125
0 0.565625 0.48046875 0.04375 0.05078125
0 0.55390625 0.4677734375 0.0390625 0.037109375
0 0.3640625 0.4609375 0.034375 0.03515625
0 0.37890625 0.4775390625 0.0421875 0.044921875
0 0.3140625 0.494140625 0.103125 0.09375
0 0.25078125 0.4892578125 0.0609375 0.072265625
0 0.465625 0.515625 0.171875 0.203125
0 0.12578125 0.4931640625 0.1390625 0.154296875
0 0.05859375 0.51953125 0.1171875 0.18359375