3 0.76953125 0.466796875 0.0109375 0.05078125
3 0.41328125 0.4404296875 0.0078125 0.025390625
5 0.1421875 0.4658203125 0.01875 0.009765625
5 0.14140625 0.4453125 0.0234375 0.02734375
5 0.75703125 0.390625 0.0265625 0.0078125
5 0.75625 0.3779296875 0.025 0.009765625
5 0.7546875 0.35546875 0.025 0.03125
5 0.696875 0.41796875 0.0125 0.0078125
5 0.696875 0.404296875 0.0125 0.015625
5 0.69453125 0.384765625 0.0140625 0.01953125
5 0.4015625 0.4365234375 0.0125 0.013671875
5 0.00390625 0.513671875 0.0078125 0.0234375
5 0.49609375 0.439453125 0.0078125 0.01171875
5 0.484375 0.4404296875 0.00625 0.009765625
5 0.9890625 0.2578125 0.01875 0.02734375
5 0.98203125 0.1953125 0.0328125 0.09375
5 0.6828125 0.43359375 0.015625 0.0234375
5 0.80078125 0.3271484375 0.0890625 0.037109375
5 0.8015625 0.3662109375 0.0875 0.044921875
5 0.39453125 0.4580078125 0.0109375 0.013671875
5 0.984375 0.0654296875 0.028125 0.037109375
4 0.9625 0.48828125 0.065625 0.15625
4 0.87265625 0.50390625 0.0421875 0.13671875
4 0.8328125 0.4892578125 0.034375 0.091796875
4 0.25234375 0.501953125 0.0078125 0.0234375
4 0.2421875 0.50390625 0.00625 0.0234375
4 0.2328125 0.50390625 0.00625 0.02734375
4 0.18359375 0.51953125 0.0109375 0.03515625
4 0.15625 0.52734375 0.009375 0.03515625
4 0.51484375 0.482421875 0.0078125 0.02734375
4 0.52109375 0.4794921875 0.0078125 0.029296875
4 0.52890625 0.478515625 0.0078125 0.03125
4 0.5453125 0.478515625 0.00625 0.02734375
4 0.459375 0.4833984375 0.00625 0.025390625
4 0.50234375 0.48046875 0.0078125 0.0234375
4 0.43125 0.486328125 0.009375 0.02734375
4 0.425 0.486328125 0.00625 0.01953125
4 0.53515625 0.48046875 0.0078125 0.02734375
4 0.46640625 0.484375 0.0078125 0.02734375
4 0.47421875 0.4833984375 0.0078125 0.025390625
4 0.509375 0.478515625 0.00625 0.02734375
4 0.25546875 0.802734375 0.1640625 0.265625
4 0.6859375 0.4921875 0.015625 0.0546875
4 0.71484375 0.478515625 0.0140625 0.046875
4 0.740625 0.4609375 0.0125 0.03125
2 0.338453125 0.55087890625 0.05746875 0.1716796875
0 0.39375 0.498046875 0.0625 0.03125
0 0.5859375 0.5361328125 0.109375 0.107421875
0 0.65234375 0.5107421875 0.0703125 0.083984375
0 0.60390625 0.48046875 0.0328125 0.01171875
0 0.58046875 0.478515625 0.0234375 0.01171875
0 0.64375 0.46484375 0.009375 0.0078125
0 0.11953125 0.53515625 0.0203125 0.015625