3 0.10859375 0.3974609375 0.0203125 0.056640625
3 0.61328125 0.34375 0.0109375 0.03125
3 0.521875 0.4296875 0.009375 0.03125
3 0.94765625 0.3115234375 0.0234375 0.068359375
3 0.12578125 0.486328125 0.0078125 0.015625
5 0.1078125 0.51953125 0.0125 0.03515625
5 0.95234375 0.3798828125 0.0328125 0.048828125
5 0.8125 0.4365234375 0.01875 0.021484375
5 0.73515625 0.4208984375 0.0359375 0.025390625
0 0.62265625 0.46484375 0.0484375 0.04296875
0 0.96640625 0.6708984375 0.0640625 0.244140625
0 0.84140625 0.5517578125 0.1359375 0.134765625
0 0.69609375 0.6015625 0.2171875 0.25390625
0 0.57421875 0.509765625 0.0390625 0.046875
0 0.6125 0.4951171875 0.040625 0.056640625
0 0.77734375 0.5009765625 0.0484375 0.060546875