0 0.496875 0.42578125 0.028125 0.04296875
3 0.32421875 0.3701171875 0.0078125 0.021484375
3 0.93515625 0.267578125 0.0203125 0.0625
3 0.9046875 0.26953125 0.01875 0.05859375
3 0.55234375 0.375 0.0078125 0.0234375
5 0.64921875 0.375 0.0078125 0.015625
5 0.5375 0.4150390625 0.028125 0.037109375
4 0.3546875 0.4296875 0.009375 0.0234375
0 0.6515625 0.482421875 0.21875 0.16796875
0 0.5578125 0.4384765625 0.040625 0.044921875
0 0.5140625 0.4365234375 0.028125 0.029296875
0 0.4578125 0.4365234375 0.0125 0.017578125
0 0.44375 0.4375 0.01875 0.015625
0 0.38515625 0.43359375 0.0453125 0.0234375