3 0.69921875 0.287109375 0.0484375 0.05859375
3 0.66640625 0.296875 0.0171875 0.04296875
3 0.3328125 0.0732421875 0.04375 0.060546875
3 0.125 0.078125 0.040625 0.05859375
3 0.6984375 0.361328125 0.01875 0.03515625
3 0.32734375 0.4033203125 0.0046875 0.013671875
5 0.403125 0.08203125 0.03125 0.05859375
5 0.1859375 0.087890625 0.03125 0.05859375
4 0.196875 0.4892578125 0.04375 0.123046875
0 0.971875 0.431640625 0.03125 0.02734375
0 0.94375 0.4443359375 0.05 0.025390625
0 0.83125 0.447265625 0.028125 0.015625
0 0.48359375 0.5361328125 0.3234375 0.341796875
0 0.17421875 0.484375 0.0359375 0.05078125
0 0.140625 0.48828125 0.05 0.0546875
0 0.07890625 0.4892578125 0.0984375 0.068359375
0 0.0265625 0.48828125 0.053125 0.0703125
0 0.23671875 0.46484375 0.0890625 0.09765625