3 0.43203125 0.41015625 0.0046875 0.01171875
3 0.46484375 0.4345703125 0.0046875 0.013671875
3 0.3765625 0.400390625 0.00625 0.015625
5 0.4484375 0.4189453125 0.015625 0.005859375
2 0.9625 0.5986328125 0.071875 0.224609375
0 0.1015625 0.5283203125 0.203125 0.205078125
0 0.2765625 0.4619140625 0.028125 0.044921875
0 0.471875 0.4619140625 0.03125 0.037109375
0 0.4546875 0.4599609375 0.0125 0.033203125
0 0.4328125 0.4599609375 0.01875 0.021484375
0 0.41171875 0.4599609375 0.0171875 0.017578125
0 0.39765625 0.458984375 0.0171875 0.01953125
0 0.3875 0.4609375 0.015625 0.0234375
0 0.36875 0.4638671875 0.03125 0.033203125
0 0.2078125 0.4501953125 0.109375 0.111328125
5 0.78046875 0.28125 0.0671875 0.03125
5 0.059375 0.400390625 0.015625 0.01953125