3 0.728125 0.357421875 0.0125 0.05078125
3 0.04765625 0.4111328125 0.0265625 0.044921875
3 0.04453125 0.353515625 0.0140625 0.046875
5 0.71796875 0.4130859375 0.0265625 0.048828125
5 0.6421875 0.4150390625 0.0125 0.017578125
5 0.6421875 0.3916015625 0.015625 0.025390625
4 0.03828125 0.50390625 0.0265625 0.1015625
4 0.7625 0.4990234375 0.028125 0.107421875
4 0.79296875 0.498046875 0.0234375 0.1171875
4 0.803125 0.50390625 0.03125 0.12109375
4 0.86015625 0.498046875 0.0234375 0.1015625
4 0.875 0.49609375 0.040625 0.12109375
4 0.31015625 0.4677734375 0.0109375 0.017578125
0 0.4234375 0.47265625 0.009375 0.0078125
0 0.41328125 0.47265625 0.0109375 0.01171875
0 0.403125 0.474609375 0.009375 0.01171875
0 0.38046875 0.474609375 0.0109375 0.0234375
0 0.36328125 0.4755859375 0.0265625 0.025390625
0 0.3265625 0.4833984375 0.046875 0.033203125
0 0.278125 0.490234375 0.053125 0.05078125
0 0.44453125 0.4736328125 0.0140625 0.013671875
0 0.5875 0.5029296875 0.24375 0.130859375