0 0.49375 0.388671875 0.021875 0.0390625
3 0.7015625 0.337890625 0.0125 0.04296875
3 0.71484375 0.337890625 0.0171875 0.05078125
3 0.74609375 0.333984375 0.0203125 0.0546875
3 0.47265625 0.37890625 0.0046875 0.01171875
3 0.42421875 0.36328125 0.0046875 0.01171875
3 0.28984375 0.31640625 0.0203125 0.0546875
3 0.2796875 0.30859375 0.025 0.05859375
5 0.60234375 0.357421875 0.0265625 0.02734375
5 0.5625 0.376953125 0.021875 0.015625
5 0.40078125 0.36328125 0.0078125 0.0078125
5 0.43515625 0.37890625 0.0078125 0.00390625
5 0.34375 0.3486328125 0.01875 0.037109375
4 0.1453125 0.4091796875 0.009375 0.048828125
4 0.1578125 0.40234375 0.025 0.06640625
4 0.27109375 0.3955078125 0.0078125 0.044921875
4 0.32890625 0.3955078125 0.0140625 0.037109375
4 0.3421875 0.3935546875 0.009375 0.029296875
4 0.35 0.3955078125 0.009375 0.033203125
4 0.35859375 0.396484375 0.0109375 0.0390625
4 0.37109375 0.3984375 0.0078125 0.03125
4 0.37578125 0.3955078125 0.0078125 0.025390625
4 0.69765625 0.4384765625 0.0171875 0.072265625
4 0.55703125 0.4033203125 0.0078125 0.021484375
4 0.38828125 0.3935546875 0.0078125 0.025390625
4 0.40703125 0.3955078125 0.0078125 0.025390625
4 0.41796875 0.3955078125 0.0078125 0.021484375
4 0.43203125 0.3974609375 0.0078125 0.021484375
0 0.5171875 0.3935546875 0.01875 0.029296875
0 0.4640625 0.3994140625 0.01875 0.021484375