3 0.47265625 0.3701171875 0.0078125 0.021484375
3 0.54921875 0.43359375 0.0046875 0.01171875
3 0.6015625 0.408203125 0.003125 0.0078125
3 0.484375 0.44921875 0.00625 0.01171875
3 0.4921875 0.4306640625 0.003125 0.005859375
3 0.50625 0.431640625 0.003125 0.0078125
3 0.35703125 0.35546875 0.0109375 0.02734375
3 0.46171875 0.43359375 0.0046875 0.0078125
3 0.47421875 0.431640625 0.0046875 0.0078125
3 0.2671875 0.3740234375 0.009375 0.029296875
3 0.22578125 0.419921875 0.0109375 0.03125
5 0.69609375 0.330078125 0.0078125 0.0546875
5 0.6359375 0.3828125 0.0125 0.03125
5 0.590625 0.4296875 0.0125 0.015625
5 0.590625 0.4404296875 0.009375 0.005859375
5 0.4890625 0.3623046875 0.009375 0.013671875
5 0.50625 0.443359375 0.00625 0.0078125
5 0.496875 0.4443359375 0.00625 0.009765625
5 0.42578125 0.4375 0.0109375 0.015625
5 0.32890625 0.3466796875 0.0203125 0.021484375
5 0.21796875 0.3818359375 0.0203125 0.009765625
5 0.05390625 0.4013671875 0.0203125 0.037109375
5 0.31875 0.419921875 0.01875 0.02734375
5 0.31953125 0.4443359375 0.0171875 0.021484375
5 0.3203125 0.4716796875 0.015625 0.017578125
5 0.36171875 0.4296875 0.0140625 0.01953125
5 0.3625 0.44921875 0.015625 0.01953125
5 0.3625 0.4658203125 0.0125 0.013671875
2 0.559375 0.498046875 0.021875 0.0625
0 0.92265625 0.4541015625 0.1140625 0.083984375
0 0.89296875 0.4462890625 0.1109375 0.091796875
0 0.21328125 0.478515625 0.0453125 0.0390625
0 0.26171875 0.4775390625 0.0609375 0.037109375
0 0.29375 0.474609375 0.009375 0.015625
0 0.328125 0.4736328125 0.046875 0.033203125
0 0.40625 0.4736328125 0.053125 0.052734375
0 0.434375 0.4716796875 0.01875 0.041015625
0 0.4828125 0.46875 0.078125 0.03125
4 0.5609375 0.48046875 0.021875 0.07421875