3 0.103125 0.3466796875 0.01875 0.060546875
3 0.1 0.41796875 0.021875 0.02734375
3 0.80078125 0.1806640625 0.0203125 0.064453125
5 0.84375 0.4521484375 0.021875 0.025390625
5 0.88515625 0.421875 0.0171875 0.02734375
5 0.10703125 0.388671875 0.0546875 0.0234375
5 0.6921875 0.47265625 0.009375 0.01171875
5 0.66015625 0.466796875 0.0234375 0.0078125
4 0.98984375 0.5029296875 0.0171875 0.087890625
4 0.82109375 0.517578125 0.0515625 0.12109375
4 0.51171875 0.517578125 0.0078125 0.01953125
4 0.253125 0.4814453125 0.015625 0.052734375
4 0.20078125 0.482421875 0.0171875 0.0625
4 0.2265625 0.484375 0.0125 0.0546875
4 0.215625 0.4814453125 0.0125 0.060546875
4 0.2359375 0.4775390625 0.0125 0.041015625
0 0.415625 0.5068359375 0.08125 0.060546875