3 0.43515625 0.4111328125 0.0109375 0.025390625
5 0.75703125 0.41015625 0.0296875 0.03125
5 0.575 0.4169921875 0.003125 0.005859375
5 0.21875 0.373046875 0.028125 0.03125
4 0.18203125 0.4697265625 0.0234375 0.041015625
4 0.20703125 0.490234375 0.0171875 0.0625
4 0.24375 0.4755859375 0.01875 0.060546875
4 0.5515625 0.453125 0.00625 0.015625
4 0.89453125 0.4912109375 0.0203125 0.060546875
4 0.928125 0.4970703125 0.01875 0.056640625
4 0.97421875 0.4921875 0.0234375 0.078125
2 0.125 0.525390625 0.040625 0.0546875
2 0.71015625 0.5380859375 0.0234375 0.060546875
0 0.29375 0.501953125 0.103125 0.08984375
0 0.359375 0.4892578125 0.053125 0.076171875
0 0.5921875 0.45703125 0.028125 0.0234375
4 0.71015625 0.5205078125 0.0265625 0.080078125