3 0.409375 0.416015625 0.00625 0.015625
3 0.6796875 0.37109375 0.009375 0.03125
3 0.5953125 0.3154296875 0.009375 0.029296875
5 0.375 0.4189453125 0.015625 0.009765625
5 0.42265625 0.4423828125 0.0140625 0.005859375
5 0.42265625 0.4482421875 0.0140625 0.005859375
5 0.4234375 0.4541015625 0.0125 0.005859375
5 0.36171875 0.4404296875 0.0140625 0.017578125
4 0.80078125 0.4677734375 0.0328125 0.099609375
4 0.77890625 0.4755859375 0.0265625 0.095703125
4 0.8328125 0.4658203125 0.03125 0.111328125
4 0.68125 0.4482421875 0.0125 0.041015625
4 0.38125 0.47265625 0.009375 0.03515625
4 0.403125 0.4580078125 0.009375 0.029296875
4 0.73828125 0.447265625 0.0171875 0.05859375
2 0.53515625 0.4638671875 0.0359375 0.029296875
2 0.57890625 0.576171875 0.0703125 0.15234375
0 0.44921875 0.4609375 0.0328125 0.0390625
0 0.49296875 0.4541015625 0.0296875 0.041015625
0 0.56015625 0.45703125 0.0234375 0.0234375
0 0.62734375 0.486328125 0.0671875 0.08203125
4 0.29609375 0.509765625 0.0296875 0.078125
4 0.5359375 0.453125 0.01875 0.0390625
4 0.57578125 0.5390625 0.0640625 0.1484375