3 0.1796875 0.3583984375 0.01875 0.056640625
3 0.1765625 0.4189453125 0.01875 0.021484375
3 0.778125 0.2177734375 0.015625 0.056640625
5 0.86796875 0.4208984375 0.0140625 0.021484375
5 0.83671875 0.44921875 0.0203125 0.0234375
5 0.18671875 0.3935546875 0.0296875 0.009765625
4 0.1171875 0.49609375 0.03125 0.09375
4 0.1921875 0.498046875 0.021875 0.10546875
4 0.21015625 0.498046875 0.0203125 0.0859375
4 0.23046875 0.5 0.0265625 0.0859375
4 0.27265625 0.4775390625 0.0109375 0.048828125
4 0.28203125 0.4765625 0.0109375 0.04296875
4 0.26328125 0.4755859375 0.0140625 0.056640625
4 0.253125 0.478515625 0.0125 0.0546875
4 0.6171875 0.4853515625 0.00625 0.017578125
0 0.54765625 0.490234375 0.0140625 0.015625
5 0.6671875 0.462890625 0.021875 0.0078125
5 0.6953125 0.470703125 0.00625 0.0078125
5 0.490625 0.4765625 0.009375 0.01171875