3 0.40703125 0.408203125 0.0046875 0.015625
3 0.596875 0.302734375 0.00625 0.0234375
3 0.5453125 0.4189453125 0.003125 0.009765625
5 0.35546875 0.4345703125 0.0140625 0.017578125
5 0.4234375 0.43359375 0.0125 0.00390625
5 0.4234375 0.439453125 0.0125 0.00390625
5 0.4234375 0.4453125 0.0125 0.00390625
5 0.36953125 0.41015625 0.0140625 0.0078125
5 0.6203125 0.4072265625 0.009375 0.005859375
4 0.36015625 0.462890625 0.0140625 0.04296875
4 0.37734375 0.4697265625 0.0078125 0.033203125
4 0.79609375 0.470703125 0.0265625 0.1015625
4 0.81953125 0.4599609375 0.0328125 0.103515625
4 0.8515625 0.4599609375 0.034375 0.119140625
4 0.74296875 0.4375 0.0140625 0.05859375
4 0.73046875 0.439453125 0.0078125 0.0390625
4 0.68671875 0.4384765625 0.0140625 0.037109375
2 0.28471875 0.50759765625 0.036796875 0.09029296875
2 0.5218281250000001 0.45287109375 0.0409375 0.0375
2 0.40614062500000003 0.466015625 0.015828125000000002 0.040625
0 0.46796875 0.4384765625 0.0515625 0.052734375
2 0.5691875 0.54111328125 0.07725 0.1990234375
0 0.53984375 0.453125 0.0171875 0.01953125
0 0.5609375 0.44921875 0.01875 0.01953125
0 0.62734375 0.478515625 0.0734375 0.07421875
0 0.43828125 0.4482421875 0.0109375 0.029296875
0 0.496875 0.4423828125 0.028125 0.033203125
0 0.6203125 0.4345703125 0.015625 0.013671875