3 0.12421875 0.2978515625 0.0234375 0.080078125
3 0.24140625 0.35546875 0.0265625 0.0625
3 0.35703125 0.41796875 0.0171875 0.03125
3 0.1328125 0.486328125 0.0125 0.04296875
3 0.9625 0.439453125 0.025 0.0234375
5 0.04765625 0.3310546875 0.0953125 0.021484375
5 0.046875 0.296875 0.09375 0.04296875
5 0.0234375 0.416015625 0.046875 0.0390625
5 0.04609375 0.37890625 0.0921875 0.02734375
5 0.046875 0.3525390625 0.09375 0.021484375
5 0.34453125 0.384765625 0.0703125 0.0625
5 0.38828125 0.4462890625 0.0171875 0.021484375
5 0.24609375 0.4482421875 0.0359375 0.041015625
5 0.23984375 0.4111328125 0.0296875 0.044921875
5 0.68046875 0.4482421875 0.0265625 0.017578125
5 0.68046875 0.4296875 0.0265625 0.01953125
5 0.6796875 0.4130859375 0.028125 0.013671875
5 0.7203125 0.4453125 0.053125 0.015625
5 0.72109375 0.4296875 0.0546875 0.01171875
5 0.7234375 0.4150390625 0.059375 0.013671875
5 0.72109375 0.3955078125 0.0546875 0.025390625
5 0.771875 0.4345703125 0.021875 0.025390625
5 0.771875 0.3935546875 0.025 0.029296875
5 0.97265625 0.3984375 0.0109375 0.0390625
4 0.79140625 0.4892578125 0.0109375 0.025390625
2 0.9079843750000001 0.57681640625 0.14409375 0.1901171875
0 0.66640625 0.546875 0.0890625 0.08203125
0 0.79609375 0.57421875 0.1703125 0.1484375
0 0.98671875 0.6494140625 0.0234375 0.150390625
0 0.5890625 0.7646484375 0.45625 0.443359375
0 0.54140625 0.4775390625 0.2203125 0.248046875
0 0.2015625 0.609375 0.253125 0.19921875
0 0.41640625 0.521484375 0.0609375 0.06640625
0 0.37890625 0.5419921875 0.0984375 0.091796875
0 0.1578125 0.5302734375 0.109375 0.076171875
0 0.22421875 0.5166015625 0.1453125 0.064453125
0 0.3 0.525390625 0.084375 0.06640625
0 0.425 0.498046875 0.0375 0.046875