3 0.3984375 0.4111328125 0.00625 0.017578125
3 0.3984375 0.427734375 0.00625 0.0078125
3 0.61875 0.41015625 0.00625 0.01953125
3 0.61875 0.4267578125 0.00625 0.009765625
3 0.54296875 0.40625 0.0046875 0.01171875
3 0.52421875 0.40625 0.0046875 0.01171875
3 0.55625 0.404296875 0.003125 0.01171875
5 0.65546875 0.416015625 0.0140625 0.01953125
5 0.5375 0.404296875 0.00625 0.0078125
4 0.796875 0.4853515625 0.021875 0.080078125
4 0.72890625 0.46875 0.0203125 0.05859375
4 0.65703125 0.4521484375 0.0078125 0.029296875
4 0.665625 0.447265625 0.00625 0.0234375
4 0.8375 0.478515625 0.01875 0.07421875
2 0.158765625 0.471015625 0.09253125 0.124375
2 0.860328125 0.61966796875 0.08628125 0.2528515625
2 0.8181406250000001 0.51345703125 0.046359375 0.11763671875
0 0.415625 0.4736328125 0.05625 0.060546875
0 0.53046875 0.4609375 0.0453125 0.04296875
0 0.553125 0.4443359375 0.009375 0.009765625
0 0.5640625 0.4453125 0.0125 0.01171875