3 0.13203125 0.458984375 0.0078125 0.03125
3 0.12421875 0.458984375 0.0078125 0.03125
3 0.353125 0.4560546875 0.00625 0.021484375
3 0.1078125 0.4033203125 0.0125 0.033203125
5 0.1078125 0.45703125 0.015625 0.0234375
5 0.1078125 0.478515625 0.015625 0.01953125
5 0.884375 0.4189453125 0.01875 0.025390625
5 0.20859375 0.4677734375 0.0078125 0.013671875
4 0.03984375 0.5341796875 0.0140625 0.044921875
4 0.02421875 0.533203125 0.0140625 0.046875
2 0.89921875 0.59765625 0.0953125 0.14453125
2 0.84921875 0.5595703125 0.0484375 0.111328125
0 0.0890625 0.7275390625 0.178125 0.341796875
0 0.64609375 0.634765625 0.3609375 0.41796875
0 0.29921875 0.537109375 0.1078125 0.10546875
0 0.4015625 0.513671875 0.071875 0.078125
0 0.1703125 0.5517578125 0.109375 0.076171875
0 0.2328125 0.517578125 0.0625 0.05078125
0 0.959375 0.5419921875 0.078125 0.138671875
0 0.81953125 0.484375 0.0609375 0.08203125
0 0.11015625 0.533203125 0.0640625 0.046875
4 0.88984375 0.5537109375 0.0765625 0.208984375
4 0.85 0.537109375 0.05 0.16796875
0 0.45546875 0.513671875 0.0640625 0.08984375