3 0.35546875 0.328125 0.0203125 0.0625
3 0.70078125 0.216796875 0.0390625 0.10546875
3 0.70078125 0.3134765625 0.0390625 0.044921875
5 0.28828125 0.3564453125 0.0359375 0.025390625
5 0.48359375 0.17578125 0.0328125 0.0625
4 0.2875 0.466796875 0.028125 0.09375
4 0.24375 0.4755859375 0.040625 0.111328125
4 0.41953125 0.48046875 0.0390625 0.1640625
4 0.38203125 0.4765625 0.0484375 0.25
4 0.5625 0.41015625 0.028125 0.07421875
0 0.68671875 0.3935546875 0.3140625 0.212890625
0 0.03359375 0.5859375 0.0671875 0.40234375
0 0.10078125 0.49609375 0.2015625 0.25390625