3 0.41015625 0.4453125 0.0078125 0.01953125
3 0.6203125 0.38671875 0.0125 0.03125
5 0.28671875 0.4052734375 0.1359375 0.130859375
5 0.978125 0.4609375 0.015625 0.01953125
5 0.53203125 0.4892578125 0.0171875 0.029296875
5 0.575 0.4794921875 0.025 0.025390625
5 0.46875 0.4892578125 0.009375 0.025390625
4 0.5140625 0.5009765625 0.009375 0.025390625
4 0.7640625 0.5244140625 0.0125 0.041015625
0 0.69140625 0.4970703125 0.0765625 0.107421875
0 0.39609375 0.5859375 0.1546875 0.140625
0 0.49296875 0.5498046875 0.0890625 0.080078125
0 0.72109375 0.53125 0.0609375 0.05859375
0 0.6078125 0.560546875 0.125 0.13671875
0 0.5375 0.5283203125 0.04375 0.056640625
0 0.98515625 0.5517578125 0.0265625 0.091796875
0 0.95625 0.5341796875 0.084375 0.099609375
0 0.91328125 0.529296875 0.0703125 0.078125
0 0.86015625 0.5302734375 0.0515625 0.068359375
0 0.8484375 0.5166015625 0.071875 0.076171875