3 0.45703125 0.373046875 0.0046875 0.015625
3 0.5328125 0.4072265625 0.003125 0.013671875
3 0.53203125 0.4228515625 0.0046875 0.005859375
3 0.54765625 0.390625 0.0046875 0.015625
5 0.58984375 0.3837890625 0.0203125 0.037109375
5 0.6234375 0.3603515625 0.01875 0.029296875
4 0.20859375 0.4375 0.0078125 0.03125
4 0.33359375 0.443359375 0.0078125 0.01953125
4 0.34140625 0.4443359375 0.0078125 0.021484375
4 0.63359375 0.4384765625 0.0140625 0.041015625
4 0.64765625 0.447265625 0.0203125 0.0546875
4 0.66015625 0.4384765625 0.0171875 0.056640625
4 0.67578125 0.4443359375 0.0171875 0.052734375
0 0.09375 0.509765625 0.1875 0.35546875
0 0.384375 0.4521484375 0.059375 0.052734375
0 0.4234375 0.44140625 0.01875 0.0234375
0 0.46875 0.453125 0.078125 0.08984375