3 0.05234375 0.494140625 0.0171875 0.04296875
3 0.51328125 0.5361328125 0.0015625 0.005859375
5 0.04765625 0.5380859375 0.0203125 0.009765625
5 0.7453125 0.484375 0.028125 0.03515625
4 0.00703125 0.6005859375 0.0140625 0.068359375
4 0.06484375 0.607421875 0.0203125 0.06640625
4 0.084375 0.607421875 0.01875 0.0703125
4 0.23125 0.587890625 0.009375 0.0390625
4 0.24296875 0.58984375 0.0109375 0.0390625
4 0.29765625 0.583984375 0.0109375 0.03515625
4 0.30703125 0.5849609375 0.0078125 0.033203125
4 0.3359375 0.5888671875 0.0125 0.033203125
4 0.35390625 0.5859375 0.0109375 0.03125
4 0.7328125 0.580078125 0.0125 0.04296875
4 0.6953125 0.5791015625 0.015625 0.044921875
4 0.759375 0.5810546875 0.01875 0.041015625
4 0.7421875 0.580078125 0.0125 0.046875
4 0.68671875 0.5771484375 0.0109375 0.044921875
4 0.54375 0.560546875 0.00625 0.015625
4 0.4609375 0.5546875 0.00625 0.01953125
4 0.49296875 0.5546875 0.0078125 0.015625
4 0.55703125 0.5654296875 0.0078125 0.017578125
0 0.1703125 0.6318359375 0.115625 0.091796875
0 0.80703125 0.712890625 0.2921875 0.22265625
0 0.48671875 0.57421875 0.0234375 0.02734375
0 0.42265625 0.5546875 0.0578125 0.03515625