3 0.48203125 0.3837890625 0.0046875 0.009765625
3 0.440625 0.384765625 0.00625 0.01171875
3 0.3984375 0.3828125 0.00625 0.015625
3 0.4109375 0.4208984375 0.003125 0.009765625
3 0.4375 0.4169921875 0.003125 0.009765625
3 0.47265625 0.421875 0.0015625 0.0078125
3 0.446875 0.419921875 0.003125 0.0078125
3 0.5953125 0.4208984375 0.00625 0.017578125
3 0.3921875 0.44140625 0.003125 0.0078125
5 0.46875 0.3837890625 0.009375 0.013671875
5 0.42890625 0.3828125 0.0078125 0.01171875
5 0.4140625 0.3818359375 0.009375 0.013671875
5 0.36015625 0.3896484375 0.0109375 0.013671875
5 0.53671875 0.421875 0.0109375 0.01171875
5 0.1765625 0.4228515625 0.034375 0.025390625
5 0.45234375 0.4208984375 0.0046875 0.005859375
5 0.4984375 0.423828125 0.003125 0.01171875
5 0.65390625 0.328125 0.0484375 0.046875
5 0.6484375 0.3583984375 0.028125 0.017578125
5 0.3734375 0.4296875 0.0125 0.00390625
4 0.20234375 0.470703125 0.0109375 0.03125
4 0.21796875 0.4697265625 0.0140625 0.033203125
4 0.14375 0.4794921875 0.0125 0.033203125
0 0.04453125 0.490234375 0.0890625 0.08203125
0 0.1046875 0.48046875 0.053125 0.07421875
0 0.2625 0.4775390625 0.04375 0.037109375
0 0.3234375 0.46875 0.03125 0.03125
0 0.39765625 0.462890625 0.0203125 0.01953125
0 0.38359375 0.458984375 0.0109375 0.01171875
0 0.7265625 0.494140625 0.171875 0.14453125
0 0.5796875 0.4716796875 0.08125 0.064453125
0 0.48671875 0.466796875 0.0515625 0.05859375
0 0.45390625 0.4609375 0.0171875 0.0234375
0 0.425 0.462890625 0.021875 0.015625
0 0.36640625 0.46875 0.0203125 0.01171875