3 0.92578125 0.3095703125 0.0296875 0.091796875
5 0.91875 0.41796875 0.05 0.08203125
5 0.915625 0.5146484375 0.01875 0.033203125
5 0.58046875 0.4072265625 0.0046875 0.005859375
4 0.79296875 0.46484375 0.0140625 0.03125
4 0.28203125 0.46484375 0.0109375 0.05078125
4 0.29609375 0.4619140625 0.0140625 0.052734375
4 0.31171875 0.4521484375 0.0140625 0.021484375
4 0.3265625 0.451171875 0.00625 0.0234375
4 0.5796875 0.4384765625 0.00625 0.017578125
4 0.865625 0.5380859375 0.034375 0.068359375
2 0.728125 0.5341796875 0.028125 0.056640625
0 0.3078125 0.59375 0.203125 0.1640625
0 0.3984375 0.474609375 0.0625 0.05859375
0 0.43671875 0.46875 0.0265625 0.05078125
0 0.60546875 0.4443359375 0.0234375 0.025390625
0 0.5875 0.4375 0.009375 0.01171875
4 0.72890625 0.5107421875 0.0328125 0.076171875