0 0.37109375 0.4599609375 0.0359375 0.044921875
3 0.17109375 0.1484375 0.0234375 0.06640625
3 0.82109375 0.2353515625 0.0140625 0.048828125
3 0.896875 0.3017578125 0.015625 0.072265625
3 0.68984375 0.380859375 0.0078125 0.03515625
3 0.425 0.318359375 0.009375 0.03125
3 0.5484375 0.388671875 0.009375 0.02734375
5 0.13359375 0.1484375 0.0234375 0.03125
5 0.79296875 0.1796875 0.0546875 0.0546875
5 0.91171875 0.3271484375 0.0296875 0.060546875
5 0.54296875 0.345703125 0.0140625 0.01171875
5 0.54453125 0.4189453125 0.0109375 0.013671875
5 0.62734375 0.302734375 0.0296875 0.07421875
4 0.553125 0.45703125 0.009375 0.02734375
4 0.61796875 0.4599609375 0.0234375 0.103515625
0 0.15078125 0.46484375 0.0921875 0.0703125
0 0.36171875 0.466796875 0.0390625 0.03515625
0 0.4109375 0.4609375 0.040625 0.04296875
0 0.4328125 0.4599609375 0.015625 0.033203125
0 0.471875 0.4638671875 0.01875 0.017578125