0 0.66953125 0.5361328125 0.1609375 0.138671875
3 0.8203125 0.435546875 0.015625 0.046875
3 0.81484375 0.537109375 0.0109375 0.02734375
3 0.61953125 0.4169921875 0.0171875 0.044921875
3 0.3359375 0.4375 0.0125 0.046875
3 0.46796875 0.4951171875 0.0046875 0.013671875
5 0.81953125 0.478515625 0.0265625 0.03125
5 0.61875 0.4609375 0.025 0.03515625
5 0.33515625 0.474609375 0.0234375 0.0234375
5 0.33515625 0.49609375 0.0203125 0.01953125
4 0.0109375 0.576171875 0.021875 0.1484375
4 0.1234375 0.5703125 0.028125 0.09765625
4 0.96171875 0.5830078125 0.0328125 0.107421875
4 0.928125 0.544921875 0.015625 0.05859375
4 0.24609375 0.544921875 0.0140625 0.0546875
4 0.28046875 0.55078125 0.0203125 0.05859375
4 0.3125 0.5478515625 0.015625 0.052734375
4 0.34375 0.5673828125 0.015625 0.056640625
4 0.34921875 0.537109375 0.0171875 0.0390625
4 0.36484375 0.5400390625 0.0109375 0.037109375
4 0.37421875 0.5341796875 0.0109375 0.025390625
4 0.38671875 0.5400390625 0.0109375 0.037109375
4 0.39765625 0.5400390625 0.0109375 0.029296875
4 0.4140625 0.5380859375 0.009375 0.029296875
4 0.42578125 0.529296875 0.0078125 0.0234375
4 0.409375 0.5302734375 0.00625 0.021484375
4 0.41953125 0.5234375 0.0046875 0.01953125
4 0.45390625 0.5224609375 0.0078125 0.013671875
4 0.43515625 0.525390625 0.0046875 0.01171875
4 0.46015625 0.5234375 0.0046875 0.01171875
4 0.5875 0.5322265625 0.00625 0.021484375
4 0.56484375 0.5283203125 0.0046875 0.017578125
0 0.525 0.51171875 0.05625 0.05859375
0 0.53515625 0.595703125 0.0984375 0.1171875
0 0.44921875 0.5673828125 0.0796875 0.080078125
0 0.478125 0.546875 0.028125 0.0390625
0 0.4765625 0.521484375 0.015625 0.015625