3 0.6390625 0.2978515625 0.04375 0.048828125
3 0.6984375 0.3828125 0.0125 0.01953125
3 0.68984375 0.3359375 0.0140625 0.0390625
3 0.52421875 0.39453125 0.0140625 0.015625
3 0.5265625 0.3544921875 0.009375 0.041015625
3 0.09296875 0.4111328125 0.0140625 0.017578125
3 0.0671875 0.373046875 0.0125 0.04296875
5 0.6515625 0.255859375 0.015625 0.03515625
5 0.6359375 0.2001953125 0.0375 0.076171875
5 0.7296875 0.3720703125 0.03125 0.009765625
5 0.6953125 0.3671875 0.0125 0.01171875
5 0.49375 0.3916015625 0.009375 0.017578125
4 0.51171875 0.4541015625 0.0140625 0.060546875
4 0.45 0.453125 0.00625 0.0234375
4 0.39765625 0.466796875 0.0234375 0.0703125
4 0.35546875 0.470703125 0.0328125 0.0703125
4 0.34609375 0.46875 0.0265625 0.0703125
4 0.33515625 0.4697265625 0.0328125 0.072265625
0 0.46953125 0.4609375 0.0390625 0.0390625
0 0.44453125 0.4560546875 0.0109375 0.013671875
0 0.21796875 0.46875 0.0578125 0.046875
0 0.03984375 0.4921875 0.0796875 0.08203125
0 0.78671875 0.4638671875 0.0578125 0.052734375