3 0.1578125 0.1826171875 0.021875 0.060546875
3 0.38984375 0.3291015625 0.0140625 0.048828125
3 0.6671875 0.3232421875 0.01875 0.052734375
3 0.66953125 0.3837890625 0.0140625 0.021484375
3 0.703125 0.3857421875 0.01875 0.021484375
5 0.028125 0.16015625 0.021875 0.02734375
5 0.38203125 0.2509765625 0.0265625 0.021484375
4 0.41640625 0.45703125 0.0140625 0.0390625
4 0.40390625 0.453125 0.0109375 0.04296875
4 0.2625 0.453125 0.0125 0.03125
4 0.5984375 0.4560546875 0.021875 0.068359375
4 0.77109375 0.46484375 0.0578125 0.1875
4 0.834375 0.4912109375 0.053125 0.205078125
4 0.95234375 0.4912109375 0.0609375 0.236328125
4 0.9796875 0.4794921875 0.0375 0.224609375
4 0.890625 0.4638671875 0.05 0.169921875
4 0.86171875 0.45703125 0.0359375 0.15625
4 0.809375 0.4638671875 0.0375 0.158203125
4 0.57265625 0.4453125 0.0203125 0.0625
2 0.3625 0.51171875 0.0375 0.09375
2 0.53359375 0.537109375 0.0828125 0.14453125
0 0.0234375 0.4521484375 0.046875 0.072265625
0 0.0875 0.45703125 0.10625 0.09765625
0 0.19453125 0.4716796875 0.1171875 0.107421875
4 0.3640625 0.4609375 0.04375 0.140625
4 0.5171875 0.4736328125 0.06875 0.228515625
0 0.82421875 0.4736328125 0.1953125 0.095703125