3 0.75078125 0.439453125 0.0140625 0.03125
3 0.6359375 0.330078125 0.025 0.078125
3 0.2390625 0.40625 0.0125 0.0390625
5 0.784375 0.439453125 0.034375 0.01953125
5 0.784375 0.458984375 0.034375 0.01953125
5 0.46875 0.474609375 0.015625 0.01953125
5 0.60703125 0.33984375 0.0140625 0.015625
5 0.603125 0.3544921875 0.028125 0.021484375
5 0.60234375 0.373046875 0.0265625 0.01953125
5 0.603125 0.4033203125 0.028125 0.044921875
5 0.60390625 0.435546875 0.0234375 0.015625
5 0.1234375 0.419921875 0.034375 0.02734375
4 0.00703125 0.490234375 0.0140625 0.05859375
4 0.08203125 0.4970703125 0.0203125 0.076171875
4 0.06640625 0.509765625 0.0265625 0.09765625
4 0.1953125 0.5400390625 0.0375 0.150390625
0 0.4125 0.4716796875 0.084375 0.080078125
2 0.03515625 0.513671875 0.0515625 0.0625
0 0.678125 0.505859375 0.140625 0.078125
0 0.603125 0.50390625 0.0625 0.0625
0 0.51328125 0.5068359375 0.1046875 0.056640625
0 0.37265625 0.5078125 0.1203125 0.05859375
0 0.47890625 0.5458984375 0.1359375 0.080078125
0 0.42578125 0.705078125 0.3296875 0.3359375
0 0.94765625 0.49609375 0.0484375 0.0625
4 0.0484375 0.4970703125 0.021875 0.060546875
4 0.503125 0.4912109375 0.0125 0.017578125