3 0.7796875 0.365234375 0.0125 0.04296875
3 0.76796875 0.4169921875 0.0140625 0.021484375
3 0.6109375 0.4208984375 0.00625 0.013671875
3 0.61015625 0.43359375 0.0046875 0.0078125
3 0.52421875 0.4130859375 0.0046875 0.009765625
3 0.5421875 0.4130859375 0.003125 0.009765625
3 0.55546875 0.4130859375 0.0046875 0.009765625
3 0.57421875 0.4169921875 0.0046875 0.009765625
5 0.53671875 0.412109375 0.0078125 0.0078125
5 0.63828125 0.4267578125 0.0109375 0.013671875
4 0.71875 0.4609375 0.009375 0.03125
4 0.7453125 0.46875 0.0125 0.05078125
4 0.6953125 0.4560546875 0.015625 0.025390625
2 0.2140625 0.5029296875 0.028125 0.048828125
2 0.3140625 0.4833984375 0.053125 0.048828125
2 0.773 0.5710546875 0.050875000000000004 0.17037109375
0 0.48828125 0.4619140625 0.0328125 0.033203125
0 0.540625 0.462890625 0.034375 0.03515625
0 0.5609375 0.451171875 0.009375 0.01171875