3 0.00703125 0.3408203125 0.0140625 0.041015625
3 0.01484375 0.2275390625 0.0265625 0.083984375
3 0.215625 0.30859375 0.015625 0.05078125
3 0.2078125 0.3779296875 0.0125 0.017578125
3 0.19375 0.3525390625 0.0125 0.021484375
3 0.11875 0.333984375 0.040625 0.05078125
3 0.3125 0.328125 0.015625 0.05078125
3 0.3046875 0.38671875 0.015625 0.01953125
3 0.7765625 0.353515625 0.0125 0.0390625
5 0.0734375 0.279296875 0.071875 0.02734375
5 0.6640625 0.4345703125 0.00625 0.009765625
5 0.6109375 0.4375 0.00625 0.01171875
5 0.778125 0.345703125 0.025 0.04296875
4 0.0421875 0.4814453125 0.046875 0.150390625
4 0.1140625 0.4912109375 0.053125 0.146484375
0 0.84453125 0.5048828125 0.3078125 0.341796875
0 0.4640625 0.5458984375 0.271875 0.279296875