3 0.45234375 0.3701171875 0.0046875 0.017578125
3 0.55625 0.3916015625 0.00625 0.021484375
3 0.53671875 0.40625 0.0046875 0.015625
3 0.53671875 0.4228515625 0.0046875 0.005859375
5 0.61484375 0.375 0.0265625 0.046875
5 0.66640625 0.337890625 0.0265625 0.046875
4 0.15546875 0.4501953125 0.0140625 0.048828125
4 0.3171875 0.451171875 0.009375 0.0234375
4 0.328125 0.451171875 0.009375 0.0234375
4 0.6 0.4443359375 0.0125 0.044921875
4 0.78046875 0.4580078125 0.0328125 0.091796875
4 0.75078125 0.45703125 0.0171875 0.07421875
4 0.721875 0.4619140625 0.028125 0.091796875
4 0.734375 0.45703125 0.015625 0.08984375
0 0.0796875 0.525390625 0.159375 0.34375
0 0.41796875 0.451171875 0.0171875 0.0234375
0 0.3828125 0.45703125 0.0625 0.0546875
0 0.46796875 0.45703125 0.0859375 0.09765625