3 0.7125 0.275390625 0.046875 0.0546875
3 0.32421875 0.0537109375 0.0453125 0.060546875
3 0.1078125 0.0546875 0.040625 0.0625
3 0.6796875 0.287109375 0.01875 0.046875
3 0.715625 0.353515625 0.021875 0.03515625
5 0.39921875 0.060546875 0.0328125 0.0625
5 0.171875 0.0673828125 0.03125 0.060546875
4 0.05078125 0.494140625 0.0421875 0.1328125
0 0.978125 0.4345703125 0.03125 0.033203125
0 0.85078125 0.447265625 0.0390625 0.02734375
0 0.16875 0.4853515625 0.04375 0.052734375
0 0.13046875 0.490234375 0.0546875 0.05859375
0 0.075 0.490234375 0.08125 0.06640625
0 0.01484375 0.4970703125 0.0296875 0.052734375
0 0.48671875 0.5517578125 0.3953125 0.400390625
0 0.22421875 0.46484375 0.0921875 0.1015625