3 0.7015625 0.244140625 0.04375 0.1328125
3 0.75078125 0.2470703125 0.0390625 0.111328125
3 0.7359375 0.53125 0.021875 0.0625
3 0.60390625 0.4453125 0.0203125 0.04296875
5 0.2484375 0.50390625 0.0125 0.015625
4 0.23984375 0.572265625 0.0203125 0.0546875
4 0.45390625 0.5595703125 0.0203125 0.056640625
4 0.571875 0.556640625 0.009375 0.03125
4 0.55078125 0.560546875 0.0140625 0.04296875
4 0.5578125 0.5576171875 0.009375 0.037109375
0 0.1125 0.54296875 0.225 0.25
2 0.66171875 0.58984375 0.0703125 0.0703125
0 0.3171875 0.5732421875 0.08125 0.072265625
0 0.496875 0.5634765625 0.03125 0.029296875
0 0.8484375 0.6162109375 0.3 0.162109375
0 0.721875 0.6015625 0.134375 0.10546875
4 0.66640625 0.5771484375 0.0296875 0.080078125