3 0.896875 0.2587890625 0.021875 0.068359375
3 0.90078125 0.328125 0.0140625 0.02734375
3 0.65703125 0.310546875 0.0140625 0.05078125
3 0.6609375 0.365234375 0.015625 0.01953125
3 0.4109375 0.1982421875 0.01875 0.052734375
3 0.22265625 0.2177734375 0.0171875 0.052734375
5 0.6484375 0.236328125 0.0625 0.03515625
5 0.6703125 0.34765625 0.034375 0.01171875
5 0.25546875 0.1962890625 0.0296875 0.041015625
4 0.6828125 0.447265625 0.05 0.09765625
0 0.8921875 0.41796875 0.2125 0.14453125
0 0.48828125 0.421875 0.0203125 0.02734375
0 0.45078125 0.4287109375 0.0109375 0.009765625
0 0.4359375 0.4326171875 0.0125 0.013671875
0 0.3640625 0.4541015625 0.1375 0.087890625
0 0.20859375 0.4462890625 0.0484375 0.041015625