3 0.58671875 0.439453125 0.0078125 0.01953125
3 0.60234375 0.439453125 0.0078125 0.01953125
3 0.3515625 0.4443359375 0.00625 0.021484375
5 0.6125 0.421875 0.015625 0.02734375
5 0.9109375 0.384765625 0.021875 0.03515625
5 0.9078125 0.341796875 0.025 0.03515625
4 0.47890625 0.4892578125 0.0078125 0.029296875
4 0.4890625 0.4892578125 0.0125 0.029296875
4 0.18984375 0.4853515625 0.0203125 0.068359375
0 0.86171875 0.537109375 0.2453125 0.19921875
0 0.67265625 0.5068359375 0.1109375 0.091796875
0 0.596875 0.494140625 0.065625 0.0625
0 0.56171875 0.4951171875 0.0359375 0.037109375
0 0.50625 0.490234375 0.028125 0.02734375
0 0.4515625 0.4873046875 0.021875 0.025390625
0 0.428125 0.48828125 0.01875 0.0234375
0 0.39375 0.48828125 0.053125 0.02734375
0 0.52578125 0.486328125 0.0109375 0.01171875