3 0.6546875 0.2275390625 0.0375 0.087890625
3 0.665625 0.3251953125 0.025 0.037109375
3 0.30546875 0.263671875 0.0203125 0.07421875
3 0.3 0.33984375 0.021875 0.02734375
5 0.7328125 0.3037109375 0.053125 0.017578125
5 0.659375 0.2880859375 0.040625 0.025390625
5 0.2453125 0.3662109375 0.0125 0.025390625
4 0.67265625 0.4619140625 0.0453125 0.158203125
4 0.62734375 0.4111328125 0.0234375 0.060546875
4 0.59765625 0.458984375 0.0515625 0.16796875
4 0.546875 0.48046875 0.05625 0.16015625
4 0.5015625 0.4912109375 0.05 0.146484375
4 0.31796875 0.451171875 0.0296875 0.1015625
4 0.2703125 0.458984375 0.03125 0.109375
0 0.86640625 0.4970703125 0.2640625 0.154296875
0 0.20703125 0.462890625 0.0578125 0.05859375
0 0.15390625 0.4501953125 0.0203125 0.021484375
0 0.12265625 0.4521484375 0.0203125 0.021484375
0 0.05625 0.4541015625 0.0375 0.033203125
0 0.1796875 0.451171875 0.0125 0.01953125