3 0.90078125 0.328125 0.0140625 0.02734375
3 0.89765625 0.255859375 0.0203125 0.06640625
3 0.6578125 0.3115234375 0.015625 0.056640625
3 0.221875 0.2197265625 0.01875 0.052734375
3 0.4109375 0.2021484375 0.01875 0.056640625
3 0.66015625 0.3642578125 0.0140625 0.021484375
5 0.64609375 0.234375 0.0640625 0.03515625
5 0.67109375 0.34765625 0.0359375 0.01171875
5 0.70546875 0.39453125 0.0203125 0.0390625
5 0.25546875 0.1962890625 0.0296875 0.041015625
4 0.984375 0.4052734375 0.028125 0.126953125
4 0.95390625 0.4189453125 0.0421875 0.099609375
4 0.9171875 0.423828125 0.04375 0.1328125
0 0.89296875 0.4169921875 0.2109375 0.146484375
0 0.0625 0.4619140625 0.0875 0.064453125
0 0.40703125 0.4326171875 0.0234375 0.017578125
0 0.42734375 0.4326171875 0.0171875 0.017578125
0 0.4703125 0.4287109375 0.015625 0.017578125