0 0.7671875 0.494140625 0.2125 0.2109375
3 0.540625 0.4482421875 0.00625 0.017578125
3 0.5421875 0.4638671875 0.003125 0.005859375
3 0.50859375 0.44921875 0.0046875 0.01171875
3 0.44140625 0.447265625 0.0046875 0.0078125
5 0.5828125 0.451171875 0.00625 0.01171875
5 0.5828125 0.4609375 0.00625 0.0078125
5 0.3515625 0.4375 0.00625 0.01171875
5 0.2484375 0.3642578125 0.0125 0.025390625
5 0.2484375 0.3935546875 0.0125 0.025390625
4 0.8859375 0.5478515625 0.028125 0.076171875
4 0.9125 0.5390625 0.034375 0.12109375
4 0.884375 0.5068359375 0.03125 0.076171875
4 0.928125 0.5009765625 0.015625 0.068359375
4 0.9921875 0.529296875 0.0125 0.10546875
4 0.3046875 0.4765625 0.021875 0.05859375
0 0.48359375 0.478515625 0.0296875 0.03125
0 0.459375 0.4775390625 0.015625 0.013671875
0 0.43984375 0.478515625 0.0203125 0.0234375
0 0.41953125 0.4765625 0.0109375 0.015625
0 0.39765625 0.4736328125 0.0359375 0.033203125
0 0.38984375 0.484375 0.0484375 0.04296875
5 0.51171875 0.4580078125 0.0109375 0.005859375