0 0.70625 0.4921875 0.1625 0.171875
3 0.5328125 0.453125 0.003125 0.01171875
5 0.2765625 0.3828125 0.009375 0.0234375
5 0.2765625 0.4072265625 0.009375 0.017578125
5 0.56875 0.4599609375 0.00625 0.017578125
4 0.80859375 0.5224609375 0.0265625 0.099609375
4 0.8640625 0.521484375 0.028125 0.1015625
4 0.35546875 0.4814453125 0.0234375 0.048828125
0 0.38984375 0.486328125 0.0421875 0.0390625
0 0.43515625 0.48046875 0.0203125 0.0234375
0 0.4796875 0.4814453125 0.028125 0.033203125
0 0.453125 0.4794921875 0.015625 0.017578125
0 0.415625 0.4794921875 0.009375 0.013671875
5 0.503125 0.462890625 0.009375 0.00390625
3 0.50234375 0.451171875 0.0046875 0.01171875
4 0.914640625 0.5168359375 0.033437499999999995 0.1083203125