0 0.02109375 0.4365234375 0.0421875 0.177734375
3 0.43359375 0.3427734375 0.0078125 0.021484375
3 0.475 0.3564453125 0.00625 0.017578125
4 0.94921875 0.4345703125 0.0265625 0.099609375
4 0.640625 0.4248046875 0.015625 0.033203125
0 0.10703125 0.466796875 0.1546875 0.1015625
0 0.4703125 0.4365234375 0.025 0.029296875
0 0.3953125 0.431640625 0.053125 0.07421875
4 0.98828125 0.4208984375 0.0203125 0.056640625
0 0.54765625 0.4228515625 0.0515625 0.072265625
5 0.67734375 0.2421875 0.0234375 0.046875
5 0.68046875 0.404296875 0.0203125 0.03125