3 0.64296875 0.34375 0.0171875 0.0703125
3 0.78046875 0.357421875 0.0109375 0.04296875
3 0.40703125 0.4267578125 0.0140625 0.021484375
3 0.55546875 0.4482421875 0.0140625 0.017578125
3 0.60703125 0.4296875 0.0171875 0.01953125
3 0.63203125 0.498046875 0.0171875 0.03515625
3 0.9375 0.40234375 0.021875 0.02734375
5 0.97109375 0.2509765625 0.0546875 0.130859375
5 0.22265625 0.259765625 0.1078125 0.171875
4 0.41640625 0.490234375 0.0109375 0.04296875
4 0.4265625 0.48828125 0.0125 0.046875
2 0.578125 0.521484375 0.0375 0.06640625
0 0.49453125 0.580078125 0.1515625 0.15625
0 0.325 0.490234375 0.0375 0.03125