3 0.8 0.177734375 0.028125 0.078125
3 0.103125 0.3466796875 0.015625 0.060546875
3 0.09921875 0.419921875 0.0171875 0.0234375
5 0.884375 0.421875 0.01875 0.02734375
5 0.11015625 0.3916015625 0.0421875 0.013671875
4 0.81875 0.5185546875 0.0375 0.091796875
4 0.80625 0.5126953125 0.03125 0.095703125
4 0.77421875 0.509765625 0.0453125 0.11328125
4 0.71171875 0.509765625 0.0265625 0.1015625
4 0.5046875 0.515625 0.028125 0.12109375
4 0.25234375 0.484375 0.0140625 0.046875
4 0.2375 0.484375 0.0125 0.05078125
4 0.23125 0.484375 0.009375 0.05078125
4 0.2171875 0.4814453125 0.015625 0.064453125
4 0.2 0.484375 0.0125 0.05859375
0 0.14453125 0.6279296875 0.2890625 0.220703125
5 0.66015625 0.4658203125 0.0234375 0.009765625
5 0.6921875 0.474609375 0.009375 0.0078125
5 0.475 0.478515625 0.009375 0.01171875
5 0.84765625 0.453125 0.0171875 0.0234375
0 0.48671875 0.5146484375 0.0171875 0.033203125