3 0.1203125 0.349609375 0.015625 0.05859375
3 0.11796875 0.419921875 0.0171875 0.0234375
3 0.7953125 0.185546875 0.025 0.078125
5 0.12578125 0.3896484375 0.0296875 0.013671875
5 0.8796875 0.4189453125 0.01875 0.025390625
5 0.8453125 0.44921875 0.028125 0.02734375
4 0.06484375 0.505859375 0.0265625 0.10546875
4 0.203125 0.5126953125 0.025 0.107421875
4 0.2328125 0.5146484375 0.025 0.099609375
4 0.23828125 0.515625 0.0203125 0.09375
4 0.21796875 0.517578125 0.0140625 0.0859375
4 0.25078125 0.478515625 0.0109375 0.0546875
4 0.215625 0.4658203125 0.0125 0.029296875
4 0.22890625 0.4599609375 0.0109375 0.025390625
0 0.54765625 0.5078125 0.0140625 0.015625
5 0.66171875 0.46484375 0.0234375 0.0078125
5 0.69296875 0.4716796875 0.0078125 0.009765625
4 0.5953125 0.48046875 0.00625 0.015625