3 0.28671875 0.3701171875 0.0359375 0.052734375
3 0.42734375 0.41796875 0.0140625 0.03515625
3 0.4328125 0.490234375 0.00625 0.01953125
5 0.31953125 0.2109375 0.0703125 0.1171875
5 0.31796875 0.2802734375 0.0734375 0.025390625
5 0.31875 0.31640625 0.071875 0.046875
5 0.31953125 0.3623046875 0.0703125 0.048828125
5 0.328125 0.5546875 0.065625 0.08203125
5 0.42734375 0.4609375 0.0203125 0.0234375
5 0.5578125 0.4619140625 0.009375 0.009765625
5 0.09140625 0.32421875 0.1453125 0.15625
4 0.88984375 0.4921875 0.0140625 0.046875
0 0.8171875 0.5517578125 0.14375 0.126953125
0 0.6546875 0.5986328125 0.215625 0.240234375
0 0.98203125 0.6669921875 0.0328125 0.232421875