3 0.584375 0.3935546875 0.009375 0.029296875
3 0.23125 0.3984375 0.0125 0.0390625
3 0.29375 0.40234375 0.0125 0.03125
5 0.11015625 0.4013671875 0.0140625 0.029296875
5 0.3015625 0.369140625 0.040625 0.015625
4 0.1671875 0.4892578125 0.01875 0.076171875
2 0.7125 0.53515625 0.04375 0.08984375
0 0.3421875 0.4833984375 0.071875 0.087890625
0 0.51640625 0.4853515625 0.0421875 0.115234375
0 0.43671875 0.4990234375 0.1640625 0.189453125
4 0.7171875 0.5 0.053125 0.13671875
0 0.95078125 0.47265625 0.0953125 0.0625
4 0.1234375 0.490234375 0.03125 0.06640625