0 0.3234375 0.4970703125 0.646875 0.369140625
3 0.76796875 0.4296875 0.0171875 0.0390625
5 0.765625 0.3740234375 0.0125 0.033203125
5 0.7671875 0.3994140625 0.015625 0.013671875
4 0.73046875 0.51953125 0.0265625 0.0546875
4 0.90078125 0.4765625 0.0109375 0.06640625
4 0.928125 0.4765625 0.015625 0.0703125
4 0.9390625 0.4775390625 0.015625 0.064453125
4 0.88046875 0.4580078125 0.0078125 0.029296875
4 0.9859375 0.4501953125 0.015625 0.033203125
4 0.7078125 0.466796875 0.0125 0.03125
0 0.81875 0.45703125 0.040625 0.02734375