3 0.02578125 0.1728515625 0.0171875 0.056640625
3 0.2203125 0.181640625 0.021875 0.06640625
3 0.459375 0.33203125 0.015625 0.0546875
3 0.76484375 0.3134765625 0.0234375 0.080078125
3 0.83359375 0.31640625 0.0203125 0.078125
5 0.06015625 0.1728515625 0.0203125 0.029296875
5 0.453125 0.2529296875 0.028125 0.021484375
4 0.9734375 0.458984375 0.034375 0.08984375
2 0.45425000000000004 0.47677734375 0.069609375 0.0737890625
0 0.18515625 0.4609375 0.0546875 0.0625
0 0.23046875 0.484375 0.1046875 0.09375
0 0.3453125 0.4619140625 0.046875 0.044921875
0 0.3171875 0.458984375 0.021875 0.03125
0 0.29296875 0.4560546875 0.0234375 0.029296875
0 0.27265625 0.4521484375 0.0171875 0.021484375