0 0.66171875 0.5322265625 0.0953125 0.119140625
3 0.8546875 0.4619140625 0.009375 0.029296875
3 0.8421875 0.5146484375 0.00625 0.013671875
3 0.13671875 0.427734375 0.0140625 0.05078125
3 0.49296875 0.5 0.0046875 0.01171875
5 0.7578125 0.4814453125 0.01875 0.025390625
5 0.75703125 0.5068359375 0.0171875 0.021484375
5 0.8390625 0.4912109375 0.01875 0.025390625
5 0.37578125 0.4638671875 0.0296875 0.037109375
5 0.05078125 0.337890625 0.0578125 0.10546875
5 0.27734375 0.455078125 0.0234375 0.07421875
5 0.371875 0.5068359375 0.0125 0.017578125
4 0.046875 0.5478515625 0.025 0.029296875
4 0.1203125 0.5400390625 0.01875 0.029296875
4 0.20859375 0.552734375 0.0140625 0.0546875
4 0.33125 0.552734375 0.015625 0.046875
4 0.3453125 0.5478515625 0.0125 0.044921875
4 0.35703125 0.5439453125 0.0109375 0.037109375
4 0.41328125 0.5283203125 0.0046875 0.017578125
4 0.44296875 0.52734375 0.0046875 0.015625
4 0.44765625 0.52734375 0.0046875 0.015625
4 0.46796875 0.5263671875 0.0046875 0.017578125
4 0.47578125 0.52734375 0.0046875 0.015625
4 0.39765625 0.5322265625 0.0109375 0.013671875
4 0.3875 0.5322265625 0.009375 0.013671875
4 0.73671875 0.54296875 0.0203125 0.0390625
4 0.853125 0.572265625 0.01875 0.07421875
4 0.925 0.583984375 0.025 0.08203125
4 0.946875 0.5810546875 0.021875 0.091796875
2 0.97109375 0.578125 0.0390625 0.0546875
2 0.90703125 0.578125 0.0328125 0.05078125
2 0.88359375 0.5830078125 0.0359375 0.041015625
0 0.06171875 0.6240234375 0.1234375 0.123046875
0 0.171875 0.6044921875 0.146875 0.099609375
0 0.42578125 0.6259765625 0.1703125 0.181640625
0 0.428125 0.53125 0.025 0.01171875
0 0.50078125 0.5517578125 0.0421875 0.041015625
0 0.5296875 0.544921875 0.028125 0.02734375
0 0.5140625 0.5322265625 0.015625 0.013671875
0 0.52890625 0.5263671875 0.0109375 0.009765625
0 0.56640625 0.5830078125 0.0859375 0.087890625
0 0.68828125 0.626953125 0.1734375 0.16015625
0 0.60390625 0.5615234375 0.0203125 0.041015625